11040.00
11110.00
11140.00
11200.00
11220.00
11290.00
11310.00
11280.00
11240.00
11230.00
11230.00
11220.00
11280.00
11300.00
11310.00
11260.00
11180.00
11090.00
11060.00
11010.00
10980.00
10970.00
10960.00
10950.00
10990.00
11040.00
11110.00
11200.00
11270.00
11320.00
11360.00
11400.00
11400.00
11400.00
11370.00
11330.00
11280.00
11250.00
11260.00
11290.00
11300.00
11330.00
11360.00
11300.00
11200.00
11110.00
10990.00
10850.00
10770.00
10720.00
10558.00
10448.00
10328.00
10188.00
10068.00
