79640.00
80200.00
81020.00
81520.00
81600.00
81900.00
82080.00
82420.00
82760.00
82900.00
82820.00
82980.00
82860.00
82900.00
83060.00
83360.00
83600.00
83760.00
83780.00
83780.00
83780.00
83600.00
83900.00
84080.00
84900.00
85680.00
86440.00
86900.00
87420.00
87260.00
86980.00
86880.00
86560.00
86140.00
85540.00
85880.00
86240.00
86720.00
87200.00
87820.00
87640.00
87620.00
87880.00
88880.00
90060.00
91100.00
91620.00
91660.00
90640.00
89160.00
87340.00
85740.00
84500.00
83300.00
82620.00
