21680.00
21830.00
22020.00
22150.00
22220.00
22250.00
22290.00
22380.00
22390.00
22400.00
22360.00
22300.00
22330.00
22310.00
22240.00
22320.00
22440.00
22390.00
22490.00
22590.00
22570.00
22600.00
22810.00
22900.00
23070.00
23190.00
23250.00
23270.00
23230.00
23170.00
23110.00
23100.00
22950.00
22870.00
22670.00
22550.00
22380.00
22380.00
22370.00
22500.00
22560.00
22780.00
22940.00
23190.00
23540.00
23750.00
23860.00
24010.00
23980.00
23760.00
23620.00
23600.00
23600.00
23700.00
23880.00
