16540.00
16620.00
16710.00
16630.00
16540.00
16470.00
16410.00
16270.00
16200.00
16160.00
16140.00
16110.00
16160.00
16200.00
16290.00
16390.00
16460.00
16600.00
16690.00
16830.00
17010.00
17150.00
17210.00
17310.00
17380.00
17370.00
17430.00
17450.00
17450.00
17350.00
17310.00
17280.00
17360.00
17490.00
17610.00
17830.00
18020.00
18150.00
18210.00
18310.00
18270.00
18180.00
18180.00
18250.00
18330.00
18420.00
18530.00
18560.00
18480.00
18350.00
18210.00
18270.00
18310.00
18400.00
18510.00
