163300.00
163100.00
163100.00
164100.00
165500.00
167300.00
169000.00
170900.00
171900.00
171800.00
171500.00
170800.00
169900.00
168600.00
168200.00
168000.00
167200.00
167200.00
166700.00
166200.00
167400.00
169800.00
170800.00
173000.00
176300.00
177300.00
177000.00
177900.00
179000.00
179500.00
180600.00
183000.00
185100.00
187000.00
188400.00
189400.00
189700.00
190000.00
189500.00
187800.00
186400.00
184900.00
183100.00
182000.00
182600.00
182800.00
182200.00
181400.00
179500.00
177200.00
174600.00
172000.00
169600.00
167300.00
165800.00
