10340.00
10410.00
10500.00
10620.00
10750.00
10900.00
11110.00
11240.00
11360.00
11370.00
11390.00
11340.00
11410.00
11450.00
11500.00
11520.00
11530.00
11530.00
11510.00
11610.00
11700.00
11810.00
11870.00
12010.00
12020.00
12000.00
12000.00
12100.00
12180.00
12310.00
12430.00
12540.00
12560.00
12570.00
12530.00
12690.00
12810.00
12900.00
12920.00
12940.00
12810.00
12770.00
12850.00
12940.00
13000.00
13060.00
13060.00
12920.00
12790.00
12730.00
12620.00
12490.00
12420.00
12410.00
12360.00
