97340.00
98060.00
97940.00
97940.00
97560.00
97560.00
97460.00
98200.00
98820.00
99420.00
99940.00
100140.00
101040.00
101640.00
102560.00
103000.00
104200.00
104500.00
104200.00
103900.00
103500.00
101900.00
100440.00
99800.00
99120.00
98960.00
98860.00
98480.00
98120.00
97840.00
97500.00
97300.00
97180.00
96380.00
95660.00
94780.00
94120.00
93800.00
93920.00
93540.00
93760.00
93460.00
92920.00
92560.00
93080.00
93220.00
93820.00
94500.00
94740.00
94740.00
94260.00
93840.00
93620.00
93540.00
93960.00
