16720.00
16610.00
16450.00
16300.00
16100.00
15870.00
15740.00
15760.00
15790.00
15810.00
15870.00
15940.00
15910.00
15870.00
15950.00
16020.00
16010.00
16060.00
16070.00
16050.00
15990.00
15930.00
15890.00
15880.00
15910.00
15940.00
16020.00
16050.00
16040.00
16030.00
16050.00
16080.00
16100.00
16220.00
16260.00
16270.00
16310.00
16380.00
16340.00
16280.00
16280.00
16270.00
16240.00
16290.00
16420.00
16540.00
16620.00
16750.00
16720.00
16600.00
16400.00
16240.00
16000.00
15820.00
15720.00
