12690.00
12600.00
12550.00
12460.00
12340.00
12360.00
12380.00
12350.00
12350.00
12360.00
12340.00
12330.00
12340.00
12330.00
12340.00
12340.00
12330.00
12340.00
12360.00
12380.00
12420.00
12470.00
12560.00
12640.00
12700.00
12720.00
12710.00
12700.00
12700.00
12710.00
12750.00
12790.00
12770.00
12740.00
12720.00
12770.00
12790.00
12900.00
12960.00
13040.00
13030.00
13100.00
13090.00
13100.00
13100.00
13080.00
13000.00
12920.00
12870.00
12770.00
12710.00
12660.00
12610.00
12560.00
12520.00
