33700.00
34100.00
34390.00
34210.00
34130.00
34280.00
34290.00
34420.00
34790.00
35100.00
35360.00
35700.00
36040.00
36030.00
35930.00
35750.00
35670.00
35610.00
35630.00
35880.00
36170.00
36340.00
36470.00
36450.00
36530.00
36430.00
36150.00
35780.00
35670.00
35490.00
35430.00
35450.00
35700.00
36050.00
36240.00
36210.00
36040.00
35660.00
35110.00
34530.00
34220.00
34170.00
34140.00
34100.00
34120.00
34280.00
34300.00
34400.00
34440.00
34590.00
34410.00
34290.00
34240.00
34290.00
34460.00
