83400.00
83280.00
83420.00
83860.00
84080.00
84060.00
84080.00
84100.00
83920.00
83680.00
83440.00
83260.00
83000.00
82760.00
82580.00
82480.00
82320.00
82280.00
82280.00
82360.00
82440.00
82620.00
83060.00
83500.00
83940.00
84400.00
84660.00
84660.00
84580.00
84360.00
84200.00
84200.00
84160.00
84120.00
84220.00
84200.00
84160.00
84000.00
83840.00
83620.00
83440.00
83320.00
83280.00
83280.00
83240.00
83300.00
83180.00
83080.00
83000.00
82920.00
82660.00
82600.00
82540.00
82420.00
82400.00
