61920.00
61560.00
61480.00
61620.00
61620.00
62240.00
62740.00
63460.00
64180.00
64680.00
64380.00
64220.00
64060.00
63920.00
64180.00
64360.00
64580.00
64560.00
64720.00
65060.00
65760.00
66320.00
67020.00
67060.00
66740.00
66300.00
65720.00
65400.00
65440.00
65460.00
65260.00
65140.00
64660.00
64820.00
64980.00
65120.00
65080.00
65020.00
64180.00
63600.00
63000.00
62860.00
62720.00
62700.00
62440.00
62740.00
62740.00
62640.00
62720.00
62720.00
62320.00
61900.00
61860.00
61720.00
61720.00
