20340.00
20400.00
20510.00
20530.00
20450.00
20460.00
20480.00
20610.00
20640.00
20690.00
20780.00
20820.00
20970.00
21180.00
21530.00
21690.00
21840.00
21980.00
21990.00
21950.00
22020.00
22170.00
22060.00
22100.00
22070.00
21950.00
21780.00
21800.00
21870.00
21960.00
22090.00
22150.00
22100.00
22110.00
22200.00
22640.00
23250.00
24000.00
24690.00
25360.00
26120.00
26800.00
27690.00
29060.00
30550.00
32340.00
34460.00
35150.00
34840.00
34590.00
33670.00
32840.00
33010.00
32960.00
33000.00
