740600.00
742000.00
742000.00
741600.00
737600.00
732000.00
726600.00
726000.00
724800.00
727800.00
729600.00
737600.00
737400.00
742400.00
743600.00
744200.00
742600.00
749200.00
751000.00
755000.00
760000.00
761800.00
758600.00
757400.00
760800.00
760800.00
762400.00
766200.00
770000.00
770400.00
778200.00
786000.00
791600.00
795400.00
797400.00
799000.00
802600.00
803800.00
807000.00
812000.00
814400.00
814200.00
821400.00
827800.00
839000.00
847600.00
854200.00
856800.00
856000.00
847400.00
840200.00
831800.00
824000.00
817000.00
811400.00
