107200.00
107800.00
108800.00
109200.00
108800.00
108000.00
106600.00
106000.00
106100.00
105600.00
106000.00
106700.00
106500.00
105700.00
105900.00
105300.00
104600.00
104600.00
104200.00
103400.00
103200.00
103400.00
103300.00
104000.00
105300.00
106000.00
105900.00
106300.00
106400.00
105700.00
106200.00
106900.00
106900.00
107200.00
107800.00
108500.00
109500.00
110600.00
111200.00
111800.00
111700.00
111100.00
110900.00
110900.00
110900.00
110800.00
111200.00
111600.00
111400.00
110500.00
109200.00
107700.00
105700.00
103900.00
103400.00
