76040.00
75560.00
75220.00
75420.00
75560.00
75620.00
75740.00
75780.00
75900.00
76040.00
76220.00
76320.00
76480.00
76580.00
76680.00
76800.00
76900.00
76880.00
76860.00
76760.00
76540.00
76300.00
76000.00
75760.00
75620.00
75600.00
75720.00
76180.00
76520.00
76800.00
76980.00
77340.00
77400.00
77380.00
77380.00
77500.00
77340.00
77260.00
77280.00
77300.00
77280.00
77240.00
77200.00
77220.00
77200.00
77260.00
77320.00
77380.00
77480.00
77520.00
77600.00
77700.00
77760.00
77100.00
77060.00
