55260.00
56340.00
57280.00
58120.00
58900.00
59620.00
60200.00
60620.00
60940.00
60840.00
60640.00
60520.00
60620.00
60940.00
61280.00
61260.00
61460.00
61660.00
62080.00
62660.00
63560.00
64000.00
64160.00
63840.00
63320.00
62960.00
62720.00
62780.00
62900.00
62980.00
63200.00
62920.00
62720.00
62460.00
61340.00
59480.00
58020.00
56100.00
54100.00
52880.00
52240.00
51640.00
51100.00
50740.00
50660.00
50720.00
50820.00
51040.00
51000.00
51160.00
51120.00
51060.00
50940.00
50980.00
51360.00
