30360.00
30390.00
30460.00
30700.00
30840.00
31290.00
31570.00
32220.00
32720.00
33060.00
33250.00
33590.00
33740.00
33790.00
33950.00
34100.00
34080.00
34250.00
34280.00
34270.00
34110.00
33950.00
33610.00
33560.00
33490.00
33460.00
33500.00
33440.00
33430.00
33510.00
33660.00
33660.00
33800.00
33650.00
33260.00
32870.00
32560.00
32170.00
31880.00
31640.00
31440.00
31290.00
31230.00
31280.00
31460.00
31730.00
31900.00
31870.00
31720.00
31540.00
31230.00
30970.00
30840.00
30680.00
30570.00
