40690.00
40750.00
40880.00
40940.00
40930.00
41010.00
40990.00
41020.00
41220.00
41390.00
41800.00
42270.00
42710.00
43020.00
43230.00
43120.00
42920.00
42660.00
42460.00
42350.00
42360.00
42390.00
42490.00
42570.00
42660.00
42750.00
42980.00
43230.00
43750.00
44140.00
44250.00
44300.00
44340.00
44060.00
43730.00
43640.00
43450.00
43240.00
43060.00
43070.00
43040.00
43200.00
43250.00
43260.00
43180.00
43180.00
43130.00
42990.00
42970.00
42980.00
42820.00
42530.00
42410.00
42220.00
42060.00
