270100.00
271200.00
271100.00
270100.00
268700.00
269000.00
270000.00
270500.00
271200.00
271700.00
271200.00
270300.00
270400.00
271200.00
271500.00
271700.00
272200.00
272400.00
274300.00
276400.00
279500.00
282000.00
284600.00
285800.00
289600.00
290400.00
291900.00
293000.00
293200.00
293300.00
295800.00
298600.00
300200.00
302100.00
302100.00
301300.00
300100.00
300100.00
298600.00
295800.00
294400.00
292900.00
291900.00
292500.00
295700.00
299100.00
302100.00
304900.00
305100.00
304500.00
303300.00
303000.00
303100.00
305300.00
305400.00
