9828.00
9872.00
9968.00
10010.00
10010.00
10020.00
10086.00
10066.00
10096.00
10080.00
10058.00
9998.00
10008.00
9976.00
9982.00
9954.00
9932.00
9908.00
9970.00
10154.00
10324.00
10466.00
10720.00
10880.00
10900.00
10890.00
10890.00
10790.00
10740.00
10670.00
10670.00
10680.00
10700.00
10660.00
10580.00
10470.00
10360.00
10198.00
10066.00
10036.00
10106.00
10126.00
10168.00
10260.00
10290.00
10290.00
10340.00
10390.00
10310.00
10340.00
10280.00
10188.00
10108.00
10068.00
9964.00
