10210.00
10250.00
10410.00
10580.00
10740.00
10870.00
10900.00
10860.00
10800.00
10940.00
10980.00
11020.00
11070.00
11360.00
11450.00
11740.00
12250.00
12640.00
12790.00
12940.00
12930.00
12700.00
12640.00
12600.00
12730.00
12780.00
12890.00
12980.00
13030.00
12870.00
12840.00
12760.00
12700.00
12650.00
12620.00
12600.00
12490.00
12340.00
12190.00
12030.00
11850.00
11910.00
12000.00
12130.00
12280.00
12520.00
12570.00
12620.00
12710.00
12770.00
12660.00
12630.00
12660.00
12570.00
12530.00
