39475.70
39553.38
39786.40
39776.70
39776.70
39990.30
39980.58
40116.50
40116.50
40038.84
39902.92
39815.54
39669.90
39446.60
39368.92
39165.04
39000.00
38990.30
38961.16
38873.78
39155.32
39524.26
39718.44
40000.00
40436.90
40524.28
40485.44
40563.10
40601.94
40650.48
40601.94
40543.68
40543.68
40582.50
40514.54
40805.80
41116.48
41252.40
41291.24
41456.30
41320.38
41174.76
41300.98
41466.04
41398.06
41553.40
41485.44
41174.76
40621.36
40213.60
39339.82
38728.16
38233.02
37805.82
37407.76
