118600.00
119500.00
119400.00
119300.00
119000.00
118800.00
118200.00
118300.00
118100.00
118100.00
118100.00
118400.00
118500.00
119000.00
119500.00
119900.00
119600.00
119900.00
119800.00
120400.00
120600.00
122000.00
122900.00
123500.00
123900.00
124500.00
124600.00
124800.00
125400.00
125200.00
125400.00
125500.00
125600.00
125600.00
125600.00
125300.00
125100.00
124500.00
124000.00
123300.00
123100.00
122900.00
122900.00
122900.00
123900.00
125600.00
127500.00
129000.00
130000.00
130100.00
128800.00
127000.00
125600.00
124200.00
123700.00
