14980.00
14980.00
15080.00
15320.00
15490.00
15700.00
15830.00
15950.00
16020.00
16220.00
16380.00
16570.00
16710.00
16830.00
16880.00
16960.00
17000.00
17080.00
17110.00
17140.00
17110.00
17050.00
16930.00
16860.00
16870.00
16890.00
17040.00
17230.00
17400.00
17470.00
17510.00
17390.00
17260.00
17230.00
17100.00
17100.00
17140.00
17300.00
17300.00
17310.00
17220.00
17180.00
17010.00
17020.00
17160.00
17330.00
17430.00
17530.00
17540.00
17420.00
17210.00
17060.00
16890.00
16620.00
16420.00
