20990.00
20770.00
20690.00
20620.00
20560.00
20550.00
20510.00
20490.00
20530.00
20610.00
20640.00
20680.00
20700.00
20680.00
20730.00
20760.00
20790.00
20840.00
20900.00
20910.00
20940.00
20980.00
21010.00
21040.00
21080.00
21070.00
21030.00
20990.00
20940.00
20880.00
20860.00
20860.00
20880.00
20900.00
20940.00
20970.00
20990.00
21000.00
20940.00
20920.00
20910.00
20870.00
20860.00
20900.00
20900.00
20870.00
20860.00
20820.00
20790.00
20790.00
20790.00
20780.00
20780.00
20790.00
20770.00
