253400.00
251200.00
248900.00
246800.00
244200.00
241900.00
241000.00
241100.00
241200.00
241400.00
241500.00
241600.00
241400.00
241200.00
241300.00
241400.00
241300.00
241500.00
241600.00
241800.00
241900.00
242000.00
241700.00
241500.00
241200.00
241000.00
240800.00
240600.00
240500.00
240200.00
239900.00
239600.00
239800.00
239800.00
239400.00
239000.00
238800.00
238100.00
237500.00
237500.00
237400.00
237200.00
237300.00
237300.00
237300.00
237500.00
237700.00
237600.00
242400.00
244500.00
246000.00
247500.00
249000.00
246700.00
246600.00
