16430.00
16240.00
16260.00
16370.00
16430.00
16540.00
16510.00
16500.00
16530.00
16620.00
16700.00
16780.00
16860.00
16960.00
17040.00
17090.00
17190.00
17360.00
17450.00
17610.00
17690.00
17830.00
17840.00
17860.00
17870.00
17930.00
17970.00
18160.00
18350.00
18480.00
18710.00
18880.00
19000.00
19170.00
19270.00
19470.00
19670.00
19860.00
20030.00
20140.00
20160.00
20160.00
20120.00
20080.00
20290.00
20350.00
20310.00
20250.00
20060.00
19700.00
19410.00
19220.00
19140.00
19160.00
19170.00
