24040.00
24880.00
25320.00
26310.00
27590.00
28790.00
29740.00
30860.00
31540.00
31420.00
31320.00
31280.00
31500.00
31600.00
31570.00
31350.00
31170.00
30940.00
30950.00
31160.00
31580.00
31690.00
31540.00
31190.00
30740.00
30270.00
30030.00
29920.00
29570.00
29260.00
29170.00
28950.00
28840.00
28960.00
28080.00
26730.00
25590.00
24180.00
22570.00
22060.00
21840.00
21620.00
21390.00
21450.00
21180.00
21150.00
21330.00
21480.00
21430.00
21710.00
21750.00
21460.00
21210.00
21050.00
21270.00
