8458.00
8508.00
8566.00
8636.00
8664.00
8742.00
8822.00
8888.00
8960.00
9040.00
9060.00
9056.00
9142.00
9250.00
9408.00
9566.00
9746.00
9872.00
9954.00
10030.00
10066.00
10080.00
10070.00
10070.00
9994.00
9956.00
9916.00
9866.00
9792.00
9748.00
9726.00
9714.00
9738.00
9774.00
9794.00
9808.00
9792.00
9770.00
9742.00
9682.00
9640.00
9646.00
9642.00
9668.00
9734.00
9782.00
9808.00
9818.00
9808.00
9752.00
9672.00
9564.00
9476.00
9364.00
9340.00
