56058.54
55804.88
55863.42
55843.92
55941.48
55980.52
55961.00
55941.48
55746.36
55648.80
55434.16
55414.66
55804.90
56507.34
57248.80
58107.34
59200.02
60097.58
61658.54
63121.94
64585.34
65775.58
66653.64
66517.06
67239.02
66595.12
65600.00
64643.90
64136.58
62809.76
62614.64
62478.06
62907.32
62985.38
62770.74
62829.28
63102.44
63121.96
62985.38
63258.54
63239.02
64000.00
64429.26
65599.98
66575.60
68000.00
70848.78
73775.62
75785.38
77697.58
79219.54
79024.42
78907.34
78497.58
78653.68
