25670.00
26120.00
26500.00
26400.00
26460.00
26420.00
26260.00
26060.00
25990.00
25790.00
25770.00
25830.00
25800.00
25810.00
25730.00
25550.00
25250.00
25200.00
25140.00
25110.00
25450.00
25780.00
26000.00
26230.00
26540.00
26550.00
26630.00
26720.00
26780.00
26840.00
26910.00
26840.00
26830.00
26920.00
27070.00
27380.00
27800.00
28220.00
28470.00
28560.00
28660.00
28740.00
28830.00
28980.00
29340.00
29410.00
29420.00
29390.00
29190.00
28910.00
28650.00
28520.00
28410.00
28340.00
28310.00
