58680.00
58900.00
59040.00
59240.00
59540.00
59860.00
60100.00
60380.00
60640.00
60600.00
60500.00
60520.00
60480.00
60560.00
60360.00
60180.00
59780.00
59500.00
59260.00
59440.00
59660.00
59900.00
59940.00
59960.00
59980.00
59800.00
59660.00
59680.00
59680.00
59540.00
59620.00
59760.00
59820.00
59840.00
60060.00
60280.00
60400.00
60480.00
60480.00
60320.00
60060.00
59940.00
59820.00
59820.00
59940.00
60100.00
60160.00
60240.00
60300.00
60360.00
60340.00
60300.00
60400.00
59980.00
59340.00
