20170.00
20220.00
20350.00
20420.00
20370.00
20380.00
20390.00
20470.00
20610.00
20720.00
20810.00
20900.00
20970.00
20960.00
21080.00
21360.00
21610.00
21620.00
21720.00
21770.00
21570.00
21410.00
21530.00
21620.00
21720.00
21880.00
22070.00
22200.00
22310.00
22410.00
22420.00
22370.00
22220.00
22080.00
21820.00
21620.00
21610.00
21750.00
21800.00
21890.00
22030.00
21960.00
21880.00
21950.00
22180.00
22370.00
22690.00
22740.00
22740.00
22680.00
22550.00
22320.00
22360.00
22370.00
22360.00
