17140.00
17540.00
17890.00
18180.00
18400.00
18530.00
18470.00
18410.00
18380.00
18390.00
18420.00
18540.00
18550.00
18530.00
18530.00
18480.00
18390.00
18510.00
18590.00
18670.00
18740.00
18710.00
18580.00
18550.00
18590.00
18740.00
18980.00
19280.00
19460.00
19530.00
19580.00
19590.00
19480.00
19440.00
19350.00
19330.00
19340.00
19420.00
19480.00
19560.00
19590.00
19550.00
19630.00
19620.00
19720.00
19790.00
19830.00
19730.00
19530.00
19280.00
18850.00
18590.00
18410.00
18370.00
18340.00
