12940.00
12990.00
13010.00
13090.00
13120.00
13140.00
13070.00
13060.00
13070.00
13020.00
13010.00
13060.00
13150.00
13230.00
13330.00
13460.00
13550.00
13630.00
13670.00
13740.00
13780.00
13800.00
13770.00
13740.00
13720.00
13680.00
13670.00
13670.00
13650.00
13580.00
13540.00
13490.00
13440.00
13490.00
13530.00
13550.00
13580.00
13600.00
13530.00
13520.00
13520.00
13480.00
13460.00
13450.00
13440.00
13420.00
13440.00
13430.00
13470.00
13500.00
13490.00
13500.00
13510.00
13450.00
13420.00
