30890.00
31030.00
31080.00
31250.00
31400.00
31650.00
31810.00
32000.00
32150.00
32180.00
32090.00
32190.00
32430.00
32630.00
32760.00
33020.00
33150.00
33150.00
33120.00
33330.00
33520.00
33630.00
33710.00
33770.00
33740.00
33730.00
33820.00
33800.00
33750.00
33650.00
33590.00
33490.00
33640.00
34090.00
34400.00
34780.00
35040.00
35140.00
34920.00
34640.00
34210.00
33910.00
33610.00
33640.00
34130.00
34480.00
34780.00
35070.00
35120.00
34980.00
34890.00
34900.00
34920.00
34780.00
34460.00
