18770.00
18680.00
18780.00
18940.00
19020.00
19180.00
19260.00
19280.00
19300.00
19380.00
19390.00
19390.00
19430.00
19460.00
19440.00
19420.00
19450.00
19450.00
19530.00
19620.00
19660.00
19670.00
19700.00
19880.00
20040.00
20230.00
20460.00
20720.00
20740.00
20810.00
20910.00
21140.00
21280.00
21480.00
21420.00
21440.00
21250.00
21140.00
20930.00
20990.00
20970.00
21010.00
21090.00
21270.00
21410.00
21620.00
21830.00
21930.00
21920.00
21860.00
21570.00
21320.00
21130.00
21050.00
21110.00
