15610.00
15560.00
15630.00
15580.00
15550.00
15500.00
15380.00
15380.00
15400.00
15380.00
15400.00
15420.00
15640.00
15850.00
16160.00
16430.00
16760.00
16830.00
16950.00
17010.00
17120.00
17330.00
17430.00
17550.00
17700.00
17790.00
17770.00
17820.00
17830.00
17740.00
17640.00
17480.00
17400.00
17410.00
17490.00
17800.00
18190.00
18500.00
18700.00
18830.00
18630.00
18540.00
18430.00
18490.00
18430.00
18440.00
18170.00
17920.00
17510.00
17280.00
17020.00
16860.00
16780.00
16640.00
16450.00
