16290.00
16260.00
16280.00
16470.00
16850.00
17220.00
17610.00
17950.00
18200.00
18270.00
18400.00
18450.00
18690.00
18860.00
18950.00
18960.00
19040.00
19020.00
18990.00
19030.00
19050.00
19130.00
19210.00
19310.00
19360.00
19480.00
19490.00
19500.00
19410.00
19290.00
19090.00
19030.00
18950.00
19000.00
18990.00
19140.00
19150.00
19190.00
19180.00
19210.00
19110.00
19060.00
18990.00
18960.00
18950.00
18920.00
18860.00
18700.00
18560.00
18470.00
18390.00
18390.00
18390.00
18240.00
18120.00
