9302.00
9346.00
9384.00
9356.00
9264.00
9210.00
9206.00
9210.00
9238.00
9342.00
9396.00
9556.00
9680.00
9752.00
9766.00
9826.00
9784.00
9768.00
9768.00
9792.00
9790.00
9794.00
9750.00
9752.00
9790.00
9782.00
9720.00
9692.00
9636.00
9550.00
9560.00
9620.00
9646.00
9690.00
9694.00
9726.00
9704.00
9718.00
9698.00
9674.00
9594.00
9532.00
9456.00
9412.00
9568.00
9772.00
10016.00
10270.00
10490.00
10530.00
10490.00
10450.00
10410.00
10270.00
10164.00
