28880.00
28130.00
28050.00
27950.00
27850.00
27660.00
27370.00
27150.00
26880.00
26590.00
26210.00
25970.00
25840.00
25820.00
26050.00
26100.00
26150.00
26250.00
26380.00
26730.00
27120.00
27460.00
27580.00
27830.00
27840.00
27930.00
27990.00
28140.00
28080.00
27920.00
27700.00
27600.00
27510.00
27540.00
27690.00
28220.00
28880.00
29690.00
30170.00
30700.00
30970.00
31110.00
31300.00
31860.00
32220.00
32500.00
32490.00
32240.00
31700.00
31380.00
30970.00
30840.00
30730.00
30640.00
30400.00
