14150.00
14200.00
14320.00
14410.00
14430.00
14460.00
14540.00
14560.00
14630.00
14710.00
14770.00
14750.00
14810.00
14900.00
15010.00
15100.00
15190.00
15260.00
15260.00
15250.00
15280.00
15290.00
15240.00
15210.00
15200.00
15120.00
15070.00
15020.00
14940.00
14860.00
14820.00
14800.00
14770.00
14750.00
14660.00
14620.00
14520.00
14420.00
14350.00
14340.00
14310.00
14310.00
14320.00
14360.00
14410.00
14400.00
14380.00
14360.00
14300.00
14210.00
14170.00
14170.00
14200.00
14200.00
14220.00
