25560.00
25570.00
25680.00
25310.00
25300.00
25280.00
25250.00
25190.00
25090.00
24840.00
24750.00
24560.00
24440.00
24460.00
24490.00
24510.00
24700.00
25090.00
25410.00
25680.00
25870.00
26020.00
25840.00
25680.00
25620.00
25570.00
25490.00
25530.00
25640.00
25680.00
25730.00
25740.00
25750.00
25670.00
25620.00
25700.00
25950.00
26230.00
26320.00
26460.00
26570.00
26560.00
26560.00
27180.00
27540.00
27840.00
27930.00
27930.00
27470.00
27100.00
26470.00
26080.00
25630.00
25010.00
24500.00
