67280.00
67000.00
66400.00
66340.00
66660.00
67220.00
67320.00
67200.00
66680.00
65780.00
65040.00
64600.00
64680.00
65200.00
65460.00
65700.00
65920.00
66460.00
66780.00
66820.00
66240.00
65840.00
64720.00
63700.00
63280.00
63680.00
64180.00
64860.00
66940.00
68880.00
70960.00
72880.00
74560.00
74820.00
74780.00
74160.00
73580.00
72980.00
72480.00
72300.00
71880.00
70920.00
70520.00
70140.00
70420.00
71380.00
72500.00
73200.00
73460.00
72940.00
71840.00
71200.00
70520.00
69900.00
69580.00
