13352.38
13342.84
13457.12
13495.22
13571.42
13657.14
13752.38
13800.00
13819.06
13809.52
13800.00
13733.34
13685.72
13580.96
13571.44
13619.06
13685.72
13809.54
13952.38
14085.72
14066.66
14085.72
14076.18
14095.24
14123.80
14266.66
14504.74
14628.56
14799.98
14933.32
15076.18
15047.62
15066.66
15038.10
14914.30
14800.02
14733.34
14695.24
14600.00
14561.90
14533.32
14533.32
14552.38
14571.42
14685.70
14876.18
14961.90
15076.18
15257.14
15342.86
15285.72
15342.86
15352.38
15314.28
15314.28
