334300.00
333200.00
332500.00
330800.00
328800.00
326200.00
324000.00
321900.00
321100.00
321100.00
321500.00
322600.00
323300.00
324400.00
325300.00
326200.00
326700.00
328500.00
328800.00
329100.00
329800.00
329900.00
329400.00
330300.00
331200.00
331500.00
332500.00
333800.00
334300.00
334400.00
334800.00
335300.00
335300.00
335500.00
335000.00
335300.00
334900.00
334300.00
332800.00
332300.00
330900.00
330300.00
329700.00
331300.00
332400.00
332900.00
332900.00
332800.00
330200.00
328000.00
326000.00
323800.00
322200.00
321200.00
320600.00
