47330.00
47470.00
47880.00
48480.00
48420.00
48820.00
49440.00
49690.00
50150.00
51000.00
51300.00
51060.00
51300.00
51640.00
51680.00
51840.00
52240.00
52480.00
52360.00
52700.00
53380.00
53680.00
53740.00
53860.00
53960.00
53800.00
53980.00
54400.00
54720.00
54780.00
54720.00
54680.00
54580.00
54480.00
54020.00
53200.00
52340.00
51720.00
51100.00
50640.00
50760.00
50960.00
50900.00
50900.00
50980.00
51040.00
50980.00
50980.00
50900.00
50900.00
50760.00
50740.00
50800.00
50840.00
51120.00
