23038.08
22914.28
22838.08
22638.08
22495.22
22399.98
22228.56
22123.80
22066.66
21990.48
21914.28
21828.56
21809.52
21790.48
21790.48
21733.34
21723.82
21809.54
21761.92
21838.10
22104.78
22361.92
22466.68
22780.96
23047.64
23133.34
23200.00
23285.70
23009.52
22685.70
22361.90
22000.00
21676.20
21590.48
21561.92
21647.64
21742.88
21771.44
21771.44
21714.30
21561.92
21495.24
21476.20
21533.34
21561.90
21571.42
21533.34
21419.06
21161.92
20961.92
20685.72
20390.48
20133.34
19828.58
19361.92
