17380.00
17520.00
17730.00
17840.00
17840.00
17820.00
17800.00
17760.00
17840.00
17880.00
17930.00
17830.00
17830.00
17710.00
17710.00
17750.00
17800.00
17900.00
18130.00
18580.00
18970.00
19440.00
19800.00
20040.00
20050.00
20060.00
19970.00
19950.00
19900.00
19810.00
19710.00
19750.00
19750.00
19790.00
19870.00
19920.00
19890.00
19890.00
19770.00
19640.00
19550.00
19620.00
19720.00
19960.00
20210.00
20420.00
20450.00
20450.00
20360.00
20270.00
20240.00
20290.00
20200.00
20170.00
20110.00
