7222.00
7296.00
7344.00
7476.00
7626.00
7754.00
7902.00
8018.00
8098.00
8176.00
8220.00
8260.00
8322.00
8360.00
8318.00
8274.00
8214.00
8194.00
8166.00
8210.00
8286.00
8296.00
8286.00
8286.00
8262.00
8212.00
8188.00
8144.00
8082.00
8046.00
8010.00
8004.00
8060.00
8128.00
8132.00
8178.00
8280.00
8322.00
8328.00
8362.00
8382.00
8384.00
8476.00
8762.00
9264.00
9856.00
10326.00
10674.00
10890.00
10850.00
10690.00
10640.00
10630.00
10570.00
10470.00
