97200.00
97220.00
97120.00
96760.00
96120.00
95760.00
95720.00
95560.00
95460.00
95340.00
95320.00
95360.00
95520.00
95620.00
95780.00
95760.00
95620.00
95480.00
95300.00
95280.00
95220.00
95240.00
95160.00
95120.00
95040.00
95160.00
95160.00
95120.00
95220.00
95040.00
94960.00
94840.00
94700.00
94320.00
94300.00
94160.00
94140.00
94120.00
94140.00
94060.00
93960.00
94060.00
93940.00
93940.00
93860.00
93840.00
93620.00
93580.00
93460.00
93840.00
93800.00
93580.00
93500.00
93440.00
92720.00
