1336000.00
1336400.00
1337200.00
1330600.00
1321800.00
1314600.00
1306000.00
1304400.00
1302800.00
1302800.00
1304600.00
1311800.00
1313000.00
1315600.00
1321600.00
1325400.00
1332600.00
1342000.00
1354200.00
1367600.00
1382400.00
1398400.00
1417400.00
1438600.00
1472400.00
1489800.00
1498400.00
1499000.00
1493600.00
1477000.00
1487200.00
1497200.00
1506600.00
1517200.00
1520000.00
1520000.00
1517000.00
1518600.00
1518400.00
1520800.00
1516400.00
1521000.00
1541400.00
1556400.00
1603800.00
1645600.00
1674800.00
1691400.00
1709400.00
1692000.00
1677200.00
1673400.00
1660000.00
1644400.00
1635600.00
