51920.00
53480.00
56120.00
58500.00
59880.00
60000.00
60300.00
59660.00
58920.00
58600.00
58380.00
58200.00
58320.00
58620.00
59160.00
59280.00
60340.00
62400.00
64760.00
66580.00
68620.00
69900.00
69980.00
69460.00
69020.00
69320.00
69200.00
69060.00
69000.00
68920.00
68440.00
68280.00
68080.00
67840.00
67340.00
66900.00
66800.00
67880.00
69760.00
71300.00
73980.00
76000.00
76880.00
77420.00
78640.00
79340.00
80500.00
81920.00
82340.00
83460.00
82980.00
83040.00
83160.00
83780.00
83960.00
