56651.32
57611.52
58391.68
58711.74
58891.78
58851.78
58751.76
58931.80
59031.82
58651.74
58151.64
57811.58
57251.46
57171.44
57451.50
57531.52
57711.54
58011.60
58231.64
59751.94
61132.22
62472.50
63172.64
63652.74
63132.64
62732.56
62252.46
62652.54
62892.58
62532.50
62452.48
62352.46
61992.38
61772.34
61292.24
60852.14
60031.98
59031.78
57411.46
56271.24
55151.02
54310.84
53570.70
53610.70
53450.66
53370.64
53290.64
53650.72
53890.78
54270.86
54230.86
54210.84
53850.76
53390.66
53310.64
