34150.00
34180.00
34430.00
34750.00
35010.00
35140.00
35190.00
35120.00
34960.00
34930.00
35030.00
35500.00
36080.00
36840.00
37340.00
37660.00
37650.00
37630.00
37480.00
37370.00
37190.00
37100.00
37010.00
36940.00
36990.00
37390.00
37700.00
38040.00
38490.00
38860.00
38840.00
39030.00
39220.00
39140.00
38790.00
38710.00
38470.00
38040.00
37790.00
37780.00
37500.00
37130.00
37010.00
36910.00
36920.00
37230.00
37550.00
37630.00
37480.00
37300.00
36710.00
36330.00
35960.00
35530.00
35170.00
