32790.00
33110.00
33470.00
33640.00
33720.00
33780.00
34020.00
34600.00
35270.00
35770.00
36130.00
36380.00
36350.00
36000.00
35750.00
35610.00
35710.00
35720.00
35910.00
36010.00
36050.00
35730.00
35560.00
35560.00
35810.00
35950.00
35930.00
35830.00
35880.00
35720.00
35760.00
36020.00
36360.00
36550.00
36690.00
36720.00
36560.00
36370.00
36060.00
35640.00
35120.00
34720.00
34140.00
33650.00
33420.00
33500.00
33440.00
33550.00
33450.00
33260.00
32790.00
32580.00
32530.00
32330.00
32180.00
