13410.00
13410.00
13410.00
13390.00
13420.00
13410.00
13350.00
13290.00
13250.00
13180.00
13110.00
13060.00
13010.00
12960.00
12940.00
12920.00
12880.00
12820.00
12730.00
12670.00
12630.00
12630.00
12660.00
12740.00
12800.00
12850.00
12870.00
12890.00
12900.00
12870.00
12860.00
12850.00
12850.00
12850.00
12890.00
12900.00
12930.00
12930.00
12940.00
12920.00
12890.00
12870.00
12870.00
12840.00
12830.00
12840.00
12850.00
12840.00
12850.00
12860.00
12850.00
12810.00
12790.00
12770.00
12760.00
