10860.00
10890.00
10970.00
11030.00
11040.00
11130.00
11200.00
11250.00
11330.00
11390.00
11390.00
11380.00
11450.00
11500.00
11540.00
11560.00
11560.00
11540.00
11530.00
11600.00
11660.00
11700.00
11700.00
11670.00
11590.00
11530.00
11490.00
11450.00
11430.00
11420.00
11420.00
11440.00
11470.00
11490.00
11420.00
11420.00
11390.00
11360.00
11320.00
11350.00
11290.00
11270.00
11220.00
11200.00
11230.00
11300.00
11320.00
11340.00
11360.00
11320.00
11240.00
11170.00
11150.00
11060.00
11020.00
