68960.00
69400.00
69800.00
70060.00
70060.00
70940.00
71740.00
72540.00
73480.00
74520.00
74860.00
74980.00
75160.00
75480.00
75860.00
76060.00
76520.00
77000.00
77080.00
77120.00
77120.00
76760.00
76520.00
76240.00
76280.00
76240.00
76840.00
76800.00
76820.00
76420.00
76340.00
75640.00
75220.00
75060.00
74960.00
74820.00
74700.00
74820.00
74600.00
74240.00
74300.00
74540.00
74860.00
75140.00
76200.00
77080.00
77620.00
77880.00
78240.00
78200.00
77280.00
77000.00
77100.00
77100.00
76940.00
