76020.00
75380.00
75480.00
75800.00
75760.00
75620.00
75600.00
75580.00
75580.00
75720.00
75860.00
75940.00
76000.00
76080.00
76200.00
76400.00
76620.00
76820.00
76920.00
76940.00
76900.00
76760.00
76900.00
77000.00
77140.00
77340.00
77620.00
77580.00
77560.00
77460.00
77280.00
77100.00
76940.00
76880.00
76960.00
77820.00
78740.00
79600.00
80440.00
81180.00
81220.00
81340.00
81640.00
81860.00
82100.00
82080.00
81440.00
80640.00
79900.00
79060.00
78220.00
77960.00
78360.00
78380.00
78500.00
