104600.00
104400.00
104200.00
104800.00
104700.00
104600.00
104500.00
104500.00
104300.00
104400.00
104300.00
104600.00
105200.00
106000.00
106400.00
107300.00
107800.00
108100.00
107900.00
108000.00
107800.00
107400.00
107500.00
108100.00
108700.00
109200.00
110100.00
110000.00
109500.00
108900.00
108900.00
108300.00
108000.00
108100.00
108300.00
108000.00
108000.00
108200.00
108300.00
108200.00
107900.00
108100.00
108100.00
107600.00
107300.00
107300.00
106900.00
106400.00
106500.00
106700.00
106500.00
106600.00
106800.00
106800.00
106700.00
