45080.00
46140.00
47050.00
47830.00
48420.00
49460.00
49900.00
50300.00
50590.00
51080.00
51140.00
51120.00
51120.00
51220.00
50940.00
50800.00
50780.00
50840.00
50860.00
51060.00
50920.00
50540.00
50320.00
50240.00
50080.00
49980.00
50080.00
50060.00
50120.00
50180.00
50560.00
50760.00
51020.00
51040.00
50850.00
50540.00
49840.00
49100.00
48320.00
47560.00
46830.00
46630.00
46430.00
46330.00
46470.00
46660.00
46760.00
46820.00
46700.00
46480.00
46050.00
45570.00
45120.00
44890.00
44740.00
