40190.00
40360.00
40820.00
41300.00
41570.00
41980.00
42140.00
42160.00
42050.00
42150.00
42150.00
42360.00
42580.00
43390.00
43700.00
44020.00
44570.00
45130.00
45330.00
45660.00
45810.00
45630.00
45640.00
45850.00
46280.00
46910.00
47900.00
48990.00
49730.00
50090.00
50320.00
50260.00
50050.00
49790.00
49450.00
49660.00
49440.00
49080.00
48300.00
47980.00
47220.00
46800.00
46560.00
46600.00
46870.00
47230.00
47380.00
47480.00
47390.00
46900.00
46190.00
45670.00
45240.00
44750.00
44410.00
