268400.00
272500.00
273900.00
275200.00
278800.00
281200.00
284500.00
285700.00
285400.00
282700.00
282300.00
282900.00
283800.00
283200.00
283700.00
282000.00
279400.00
278200.00
279100.00
279500.00
280300.00
281700.00
280000.00
278900.00
278900.00
278100.00
276500.00
277200.00
276100.00
274700.00
274200.00
273900.00
273300.00
273500.00
272800.00
273300.00
274600.00
276900.00
278600.00
280600.00
284200.00
287400.00
290500.00
294400.00
299000.00
300200.00
300600.00
301100.00
299800.00
299200.00
299200.00
301000.00
303500.00
307200.00
309200.00
