35830.00
36100.00
36290.00
36430.00
36320.00
36080.00
35750.00
35710.00
35890.00
36230.00
36500.00
36950.00
37080.00
37140.00
37170.00
37320.00
37310.00
37420.00
37600.00
37780.00
38040.00
38140.00
38330.00
38450.00
38760.00
38840.00
39100.00
39370.00
39690.00
40050.00
40820.00
41410.00
41900.00
42130.00
42100.00
42170.00
42190.00
42200.00
42270.00
42460.00
42380.00
42900.00
43400.00
44100.00
44760.00
45420.00
45830.00
46370.00
46630.00
46930.00
46980.00
46850.00
46590.00
46290.00
46090.00
