10380.00
10420.00
10470.00
10530.00
10590.00
10650.00
10770.00
10820.00
10860.00
10950.00
11130.00
11230.00
11410.00
11530.00
11650.00
11680.00
11780.00
11850.00
11970.00
12090.00
12240.00
12260.00
12170.00
12100.00
11950.00
11790.00
11780.00
11870.00
11930.00
11990.00
12050.00
12000.00
11970.00
11990.00
11920.00
11830.00
11740.00
11620.00
11380.00
11260.00
11120.00
10990.00
10920.00
10910.00
10870.00
10880.00
10850.00
10800.00
10800.00
10860.00
10880.00
10980.00
11100.00
11170.00
11230.00
