19830.00
20430.00
21040.00
21570.00
21750.00
21940.00
21790.00
21670.00
21610.00
21470.00
21270.00
21120.00
21050.00
21090.00
21180.00
21230.00
21470.00
21690.00
21750.00
21900.00
21970.00
21720.00
21570.00
21450.00
21330.00
21200.00
21440.00
21550.00
21760.00
21900.00
22040.00
21990.00
21930.00
21770.00
21440.00
21250.00
21120.00
21050.00
20770.00
20550.00
20150.00
19790.00
19360.00
19190.00
19160.00
19310.00
19320.00
19310.00
19130.00
18890.00
18560.00
18340.00
18150.00
18060.00
18070.00
