8944.00
9034.00
9116.00
9254.00
9360.00
9486.00
9572.00
9666.00
9856.00
10066.00
10402.00
10742.00
11020.00
11110.00
11160.00
11060.00
10970.00
10960.00
11040.00
11160.00
11250.00
11200.00
11150.00
11040.00
10860.00
10670.00
10650.00
10620.00
10620.00
10640.00
10680.00
10740.00
10810.00
10860.00
10810.00
10770.00
10610.00
10460.00
10370.00
10340.00
10320.00
10380.00
10390.00
10410.00
10430.00
10460.00
10460.00
10440.00
10370.00
10370.00
10350.00
10290.00
10310.00
10290.00
10310.00
