90740.00
91180.00
91620.00
92020.00
91780.00
91620.00
91480.00
91740.00
92180.00
93520.00
95060.00
97160.00
98660.00
99860.00
100200.00
100040.00
99360.00
99460.00
99360.00
99680.00
100220.00
100440.00
100260.00
100180.00
100080.00
99720.00
99520.00
99180.00
98940.00
98480.00
98040.00
97640.00
97280.00
96720.00
96180.00
95800.00
95780.00
95860.00
95880.00
95660.00
95740.00
96020.00
96920.00
98080.00
99200.00
100200.00
100260.00
99540.00
98680.00
97920.00
96900.00
96300.00
95860.00
95260.00
94880.00
