36260.00
36430.00
36480.00
36440.00
36300.00
36350.00
36410.00
36590.00
36760.00
37020.00
37040.00
37120.00
37180.00
37180.00
37060.00
37040.00
37020.00
36900.00
36890.00
37060.00
37170.00
37280.00
37330.00
37400.00
37420.00
37450.00
37350.00
37350.00
37280.00
37090.00
37000.00
37050.00
36930.00
36800.00
36800.00
36840.00
36890.00
36930.00
36970.00
37010.00
36970.00
36970.00
37100.00
37190.00
37290.00
37300.00
37170.00
37040.00
36950.00
36790.00
36570.00
36330.00
36100.00
35850.00
35680.00
