11520.00
11610.00
11680.00
11840.00
11970.00
12190.00
12390.00
12560.00
12700.00
12860.00
12870.00
12840.00
12940.00
13000.00
12940.00
12920.00
12950.00
12900.00
12890.00
13010.00
13130.00
13100.00
13070.00
12990.00
12910.00
13080.00
13300.00
13480.00
13690.00
13820.00
13720.00
13650.00
13610.00
13580.00
13410.00
13260.00
13050.00
12810.00
12460.00
12270.00
12080.00
11970.00
11910.00
11980.00
12090.00
12190.00
12230.00
12260.00
12200.00
12110.00
11990.00
11950.00
11880.00
11800.00
11820.00
