73340.00
74080.00
74500.00
74000.00
73520.00
72840.00
71920.00
71180.00
70680.00
69980.00
69460.00
69380.00
69220.00
68860.00
68660.00
68460.00
68160.00
68200.00
68260.00
68240.00
68600.00
68960.00
69140.00
69500.00
70000.00
69860.00
69660.00
69580.00
69280.00
69000.00
69160.00
69260.00
69360.00
69500.00
69720.00
69800.00
70200.00
70620.00
71060.00
71060.00
71420.00
71420.00
71640.00
71580.00
72060.00
72220.00
72060.00
71740.00
71180.00
70200.00
68940.00
68080.00
67200.00
66600.00
66520.00
