24500.00
24640.00
24890.00
24860.00
24790.00
24590.00
24310.00
24050.00
24010.00
23940.00
23910.00
24010.00
24050.00
23940.00
23950.00
23910.00
23840.00
23810.00
23910.00
23880.00
23940.00
24260.00
24490.00
24870.00
25340.00
25730.00
25880.00
26120.00
26190.00
26200.00
26230.00
26170.00
26080.00
26080.00
26080.00
26220.00
26380.00
26420.00
26240.00
25990.00
25690.00
25430.00
25460.00
25590.00
25830.00
25860.00
25820.00
25620.00
25300.00
24870.00
24460.00
24160.00
23940.00
23790.00
23820.00
