118000.00
119800.00
121100.00
121800.00
122000.00
123600.00
124700.00
126000.00
127600.00
128700.00
128700.00
128800.00
128900.00
128400.00
128300.00
128400.00
128500.00
128400.00
128600.00
128500.00
128000.00
127600.00
127400.00
126400.00
125500.00
124600.00
123200.00
121400.00
120300.00
120000.00
120000.00
120100.00
120700.00
122700.00
124000.00
124200.00
124300.00
124700.00
124000.00
122700.00
122500.00
123300.00
122900.00
121600.00
121800.00
122400.00
122100.00
122400.00
123500.00
124000.00
123200.00
122100.00
121000.00
120000.00
119200.00
