240900.00
244600.00
248900.00
252200.00
253000.00
255200.00
256800.00
257700.00
259100.00
262700.00
264800.00
265100.00
265400.00
266500.00
266700.00
267000.00
271000.00
272900.00
273400.00
274800.00
273900.00
270300.00
268600.00
267900.00
266000.00
266300.00
265400.00
266000.00
267300.00
269100.00
270600.00
272600.00
273600.00
272100.00
269600.00
267700.00
264300.00
260600.00
257500.00
254800.00
251700.00
250900.00
251000.00
252300.00
254800.00
256800.00
258400.00
258600.00
258800.00
258200.00
257200.00
256200.00
255900.00
255200.00
254000.00
