38540.00
38100.00
37860.00
37710.00
37450.00
37320.00
37200.00
37260.00
37350.00
37560.00
37540.00
37660.00
37620.00
37570.00
37610.00
37780.00
37880.00
38090.00
38300.00
38280.00
38750.00
39510.00
40260.00
40890.00
41480.00
41370.00
41010.00
40690.00
40490.00
40270.00
40270.00
40350.00
40300.00
40180.00
40280.00
41090.00
41650.00
42300.00
42800.00
43250.00
42910.00
42990.00
42970.00
43140.00
43000.00
42930.00
42500.00
42080.00
41480.00
41150.00
40570.00
40200.00
39810.00
39410.00
38960.00
