11710.00
11630.00
11590.00
11580.00
11580.00
11580.00
11560.00
11550.00
11570.00
11640.00
11750.00
11850.00
11930.00
12020.00
12110.00
12120.00
12200.00
12290.00
12330.00
12330.00
12350.00
12340.00
12350.00
12420.00
12550.00
12670.00
12770.00
12860.00
12910.00
12900.00
12950.00
13010.00
13040.00
13060.00
12970.00
12890.00
12800.00
12790.00
12810.00
12890.00
12890.00
12940.00
12950.00
12950.00
12990.00
13030.00
12970.00
12910.00
12820.00
12730.00
12550.00
12440.00
12290.00
12160.00
12050.00
