12340.00
12260.00
12390.00
12360.00
12350.00
12360.00
12340.00
12230.00
12190.00
12160.00
12090.00
12010.00
12660.00
13630.00
14710.00
15830.00
16890.00
17340.00
17260.00
16150.00
14980.00
13870.00
12720.00
11810.00
11890.00
11960.00
12030.00
12050.00
12180.00
12290.00
12400.00
12420.00
12510.00
12490.00
12370.00
12390.00
12640.00
12790.00
12970.00
13210.00
13340.00
13340.00
13310.00
13280.00
13160.00
13070.00
12960.00
12890.00
12720.00
12710.00
12620.00
12540.00
12370.00
12260.00
12090.00
