126800.00
127400.00
128300.00
128900.00
129000.00
128200.00
127300.00
126100.00
124800.00
123500.00
123100.00
122900.00
122200.00
121400.00
120700.00
119800.00
118700.00
118100.00
117700.00
117300.00
117300.00
117400.00
117200.00
116900.00
116900.00
116600.00
116400.00
116300.00
116200.00
116100.00
116000.00
115800.00
115600.00
115300.00
114900.00
115300.00
115600.00
116300.00
116800.00
116800.00
117600.00
118600.00
120100.00
122200.00
125400.00
127100.00
127800.00
128000.00
127900.00
127300.00
126200.00
127500.00
130000.00
132000.00
135100.00
