10840.00
10910.00
11030.00
11130.00
11180.00
11270.00
11380.00
11480.00
11550.00
11580.00
11620.00
11560.00
11590.00
11630.00
11700.00
11710.00
11730.00
11740.00
11790.00
11880.00
12420.00
12980.00
13400.00
13960.00
14630.00
14670.00
14730.00
14840.00
14770.00
14450.00
14300.00
14230.00
14120.00
14240.00
13970.00
13760.00
13450.00
13200.00
12670.00
12580.00
12450.00
12360.00
12210.00
12160.00
12110.00
12110.00
12080.00
12110.00
12050.00
12010.00
11890.00
11750.00
11590.00
11540.00
11570.00
