35860.00
35950.00
35970.00
36180.00
36480.00
36640.00
36610.00
36680.00
36850.00
36860.00
36910.00
37040.00
37100.00
37170.00
37260.00
37370.00
37480.00
37650.00
37740.00
37800.00
37870.00
37970.00
38040.00
38050.00
38090.00
38130.00
38150.00
38150.00
38380.00
38590.00
38820.00
39090.00
39430.00
39670.00
39820.00
39960.00
40160.00
40270.00
40160.00
40160.00
40170.00
40120.00
40000.00
39800.00
39710.00
39610.00
39610.00
39650.00
39990.00
40560.00
40870.00
41050.00
41300.00
41190.00
40820.00
