17960.00
18000.00
18060.00
18110.00
18130.00
18150.00
18250.00
18340.00
18520.00
18690.00
18950.00
19090.00
19190.00
19340.00
19450.00
19340.00
19270.00
19230.00
19120.00
18900.00
18820.00
18730.00
18690.00
18650.00
18670.00
18710.00
18790.00
18820.00
18830.00
18730.00
18530.00
18340.00
18170.00
18030.00
18010.00
18110.00
18160.00
18200.00
18180.00
18190.00
18130.00
18190.00
18160.00
18190.00
18210.00
18250.00
18220.00
18240.00
18200.00
18200.00
18130.00
18050.00
18030.00
18010.00
17930.00
