9552.00
9604.00
9678.00
9776.00
9846.00
9926.00
10088.00
10154.00
10242.00
10300.00
10320.00
10220.00
10220.00
10210.00
10270.00
10320.00
10370.00
10430.00
10490.00
10500.00
10390.00
10246.00
10082.00
9910.00
9756.00
9738.00
9740.00
9750.00
9734.00
9742.00
9750.00
9752.00
9748.00
9750.00
9674.00
9638.00
9580.00
9524.00
9450.00
9414.00
9346.00
9300.00
9278.00
9268.00
9286.00
9316.00
9336.00
9302.00
9266.00
9210.00
9116.00
9028.00
8978.00
8918.00
8884.00
