25000.00
24890.00
24890.00
25220.00
25590.00
25850.00
26100.00
26400.00
26570.00
26820.00
27040.00
27290.00
27440.00
27540.00
27660.00
27890.00
28110.00
28450.00
28660.00
28790.00
28870.00
28930.00
28930.00
28920.00
28920.00
28960.00
29110.00
29150.00
29270.00
29290.00
29260.00
29150.00
29100.00
29030.00
28970.00
29160.00
29300.00
29520.00
29700.00
29860.00
29600.00
29430.00
29140.00
28840.00
28640.00
28650.00
28540.00
28520.00
28380.00
28120.00
27780.00
27460.00
27130.00
26860.00
26700.00
