47940.00
48680.00
49720.00
50820.00
51470.00
52580.00
52980.00
53500.00
54100.00
54820.00
55000.00
55300.00
55480.00
55560.00
55940.00
56020.00
56040.00
56380.00
56500.00
56320.00
56300.00
56000.00
55460.00
54980.00
54480.00
54220.00
54400.00
54680.00
55640.00
56640.00
57680.00
58380.00
59220.00
59460.00
59780.00
59680.00
59420.00
58940.00
58160.00
56980.00
56160.00
55600.00
55080.00
54900.00
55400.00
55680.00
55840.00
55900.00
55660.00
54980.00
54320.00
53560.00
52820.00
52240.00
51960.00
