143000.00
143700.00
145900.00
149600.00
150900.00
153600.00
154800.00
156100.00
156700.00
158500.00
158800.00
159900.00
160800.00
163200.00
164700.00
167100.00
169000.00
170600.00
170700.00
171100.00
169700.00
167700.00
166500.00
166200.00
165600.00
166700.00
169900.00
174000.00
176900.00
179400.00
181500.00
182200.00
181800.00
181900.00
180400.00
179200.00
177800.00
175100.00
171000.00
168400.00
165700.00
162900.00
161400.00
161300.00
162500.00
163300.00
164400.00
165200.00
165500.00
164200.00
162700.00
160800.00
159000.00
157400.00
156500.00
