50400.00
50280.00
50250.00
50650.00
50730.00
51130.00
51050.00
51320.00
51320.00
51180.00
50780.00
50820.00
50540.00
50360.00
50360.00
50320.00
50100.00
50340.00
50500.00
51020.00
51580.00
52320.00
52800.00
53340.00
53820.00
54100.00
54240.00
54680.00
54920.00
54840.00
54840.00
55120.00
55520.00
55780.00
55800.00
56280.00
56660.00
56860.00
56920.00
57160.00
57060.00
56940.00
56580.00
57020.00
57480.00
57860.00
57920.00
57780.00
56820.00
55900.00
54640.00
53400.00
52480.00
51720.00
51120.00
