39110.00
38930.00
38300.00
37710.00
37310.00
36970.00
36680.00
36600.00
36320.00
36020.00
35750.00
35620.00
35680.00
35910.00
36150.00
36500.00
36630.00
36690.00
36490.00
36230.00
35930.00
35660.00
35440.00
35410.00
35500.00
35650.00
35840.00
36060.00
36390.00
36630.00
36810.00
37230.00
37660.00
37890.00
38230.00
38670.00
38860.00
39000.00
39080.00
38870.00
38650.00
38330.00
38210.00
37920.00
38120.00
38210.00
38340.00
38390.00
38490.00
38350.00
38150.00
38170.00
38210.00
38540.00
38780.00
