50050.00
50760.00
51640.00
52560.00
52860.00
52920.00
53060.00
53220.00
53400.00
54280.00
55380.00
56680.00
58040.00
59280.00
59980.00
60420.00
60340.00
60480.00
60400.00
60580.00
60500.00
60400.00
60020.00
59980.00
59600.00
59280.00
59120.00
58800.00
58240.00
57840.00
57300.00
56920.00
56680.00
56560.00
56240.00
56160.00
56000.00
55900.00
55700.00
55620.00
55800.00
55740.00
55680.00
56120.00
56340.00
56240.00
56420.00
56320.00
55700.00
55120.00
54480.00
53960.00
53760.00
53600.00
53520.00
