32060.00
32180.00
32100.00
31860.00
31540.00
31110.00
30770.00
30700.00
30630.00
30760.00
30840.00
30850.00
30870.00
31120.00
31160.00
31100.00
31110.00
31090.00
30950.00
30980.00
31090.00
31140.00
31160.00
31210.00
31230.00
31300.00
31470.00
31680.00
31770.00
31870.00
31950.00
32020.00
31970.00
32050.00
32180.00
32340.00
32490.00
32640.00
32660.00
32600.00
32510.00
32390.00
32230.00
32020.00
31820.00
31640.00
31440.00
31580.00
31910.00
32410.00
32890.00
33400.00
33650.00
33660.00
33640.00
