27490.00
27800.00
28170.00
28250.00
28300.00
28200.00
27960.00
27920.00
27970.00
27970.00
28000.00
28090.00
28070.00
28000.00
28090.00
28140.00
28310.00
28560.00
28740.00
28850.00
29040.00
29250.00
29270.00
29390.00
29570.00
29630.00
29590.00
29730.00
29780.00
29770.00
29770.00
29760.00
29700.00
29690.00
29670.00
30000.00
30380.00
30710.00
30860.00
31070.00
30960.00
30920.00
31020.00
31460.00
31760.00
32150.00
32200.00
32130.00
31660.00
31180.00
30530.00
30120.00
29810.00
29440.00
29190.00
