32520.00
32680.00
32970.00
33160.00
33440.00
33630.00
33830.00
34040.00
34350.00
34440.00
34440.00
34310.00
34370.00
34420.00
34540.00
34530.00
34540.00
34580.00
34450.00
34580.00
35290.00
35890.00
36530.00
37140.00
37510.00
37330.00
37320.00
37260.00
37480.00
37800.00
38240.00
38550.00
38610.00
38350.00
37550.00
36820.00
36250.00
36000.00
35670.00
35730.00
35780.00
35750.00
35640.00
35770.00
35940.00
36080.00
36440.00
36800.00
36870.00
37080.00
37060.00
36700.00
36360.00
36180.00
35800.00
