39220.00
39050.00
39890.00
40450.00
40440.00
40740.00
41120.00
40780.00
40380.00
40090.00
39580.00
39360.00
39490.00
40320.00
41150.00
41980.00
42740.00
43060.00
43200.00
44840.00
46270.00
47620.00
49250.00
51440.00
52760.00
55760.00
58580.00
60960.00
62840.00
63640.00
63440.00
64280.00
65160.00
65980.00
66740.00
67080.00
66100.00
67200.00
68240.00
69780.00
71040.00
72400.00
72840.00
73420.00
74060.00
75540.00
76920.00
77840.00
77820.00
77820.00
76820.00
76840.00
76560.00
76600.00
77380.00
