23190.00
23210.00
23270.00
23330.00
23460.00
23840.00
24150.00
24440.00
24850.00
25240.00
25270.00
25190.00
25290.00
25180.00
25000.00
24900.00
24940.00
24970.00
24910.00
24860.00
24890.00
24920.00
24710.00
24840.00
24930.00
25090.00
25390.00
25690.00
25830.00
25980.00
25960.00
25780.00
25670.00
25600.00
25550.00
25850.00
26180.00
26410.00
26630.00
26870.00
26630.00
26460.00
26440.00
26460.00
26580.00
26880.00
27060.00
27130.00
27130.00
27030.00
26950.00
26730.00
26560.00
26300.00
26070.00
