64200.00
64100.00
64120.00
64240.00
64380.00
64780.00
65060.00
65380.00
65620.00
65880.00
65900.00
66040.00
66140.00
66120.00
66160.00
66020.00
65920.00
65840.00
65880.00
65860.00
65980.00
66060.00
66340.00
66700.00
67080.00
67300.00
67600.00
67800.00
67780.00
67720.00
67820.00
67800.00
67640.00
67600.00
67520.00
67440.00
67700.00
67800.00
67960.00
68180.00
68340.00
68220.00
68300.00
68460.00
68600.00
68980.00
69140.00
69220.00
69320.00
69540.00
69540.00
69660.00
69860.00
69540.00
69200.00
