22640.00
23230.00
24070.00
24700.00
25370.00
25680.00
26210.00
26430.00
26860.00
26880.00
28350.00
28870.00
29510.00
30090.00
30820.00
30450.00
30930.00
31360.00
31880.00
32250.00
31610.00
31320.00
30830.00
30140.00
29980.00
30220.00
30160.00
30250.00
30460.00
30350.00
30270.00
30030.00
29730.00
29520.00
29170.00
28980.00
28930.00
28990.00
29040.00
29260.00
29360.00
29350.00
30080.00
30370.00
30710.00
30960.00
31290.00
30860.00
30960.00
30930.00
30970.00
30980.00
30880.00
30880.00
30800.00
