94920.00
94660.00
95300.00
96520.00
96240.00
97040.00
96500.00
95780.00
95080.00
95720.00
95340.00
95420.00
96500.00
99480.00
101220.00
104880.00
108000.00
109800.00
110000.00
110700.00
109200.00
108200.00
109200.00
110200.00
111100.00
112000.00
113100.00
112800.00
112100.00
110900.00
110600.00
109900.00
109500.00
109500.00
109300.00
108900.00
107700.00
106100.00
104000.00
102520.00
101120.00
100820.00
100620.00
100420.00
100440.00
100440.00
100140.00
100040.00
100440.00
101000.00
100940.00
100580.00
101280.00
101280.00
101680.00
