66240.00
66020.00
66260.00
66900.00
67860.00
69820.00
70440.00
70760.00
70500.00
70680.00
70860.00
71680.00
72620.00
73220.00
73100.00
72580.00
72060.00
71720.00
71900.00
71900.00
72020.00
72940.00
73740.00
74740.00
76700.00
78880.00
81320.00
83080.00
84220.00
85540.00
86840.00
87060.00
87740.00
88860.00
89280.00
89580.00
90420.00
90860.00
91160.00
91160.00
91060.00
90160.00
89980.00
89860.00
89900.00
90400.00
91300.00
91780.00
91500.00
90440.00
88740.00
87860.00
87900.00
88240.00
89660.00
