33670.00
33400.00
33760.00
33460.00
33160.00
32930.00
32840.00
32460.00
32300.00
32040.00
31820.00
31420.00
31340.00
31340.00
31700.00
32010.00
32590.00
33280.00
34080.00
34830.00
35710.00
36620.00
36980.00
37300.00
37380.00
37330.00
37090.00
37370.00
37310.00
37430.00
37380.00
37280.00
36910.00
37030.00
36980.00
37550.00
37940.00
38250.00
37850.00
37600.00
36950.00
36520.00
36550.00
36870.00
37030.00
37130.00
36940.00
36590.00
35830.00
35320.00
34540.00
34280.00
33870.00
33820.00
33790.00
