10900.00
10980.00
11010.00
11080.00
11110.00
11220.00
11260.00
11270.00
11270.00
11190.00
11080.00
11350.00
11710.00
12140.00
12500.00
12860.00
12950.00
13040.00
13010.00
13060.00
13050.00
12880.00
12830.00
12800.00
12710.00
12710.00
12720.00
12610.00
12490.00
12400.00
12300.00
12260.00
12190.00
12160.00
12120.00
12090.00
12060.00
12050.00
12000.00
12000.00
11970.00
11980.00
12020.00
12150.00
12280.00
12380.00
12420.00
12420.00
12300.00
12200.00
12100.00
12040.00
12000.00
12050.00
12120.00
