39020.00
39050.00
39300.00
39540.00
39760.00
40130.00
41040.00
41590.00
42160.00
42680.00
43040.00
42660.00
42720.00
42860.00
43140.00
43380.00
43390.00
43310.00
43110.00
42850.00
42710.00
42980.00
43160.00
43580.00
44770.00
46340.00
47700.00
49020.00
50070.00
50080.00
49850.00
49540.00
49490.00
49250.00
48920.00
48950.00
48890.00
48570.00
49070.00
50880.00
52560.00
54330.00
56360.00
57860.00
58680.00
59020.00
59380.00
59460.00
58960.00
58580.00
57700.00
57800.00
57900.00
58040.00
57620.00
