10450.00
10390.00
10280.00
10160.00
10130.00
10170.00
10200.00
10280.00
10910.00
11460.00
11940.00
12400.00
12730.00
12550.00
12430.00
12440.00
12320.00
12210.00
12010.00
11810.00
11610.00
11560.00
11500.00
11520.00
11430.00
11290.00
11090.00
11010.00
10960.00
10910.00
10820.00
10870.00
10830.00
10810.00
10780.00
10840.00
10850.00
10970.00
11010.00
11210.00
11410.00
11610.00
12200.00
12760.00
13360.00
13800.00
14110.00
13980.00
13790.00
13550.00
13430.00
13360.00
13500.00
13490.00
13240.00
