33320.00
33330.00
33350.00
33390.00
33370.00
33380.00
33330.00
33260.00
33250.00
33540.00
34010.00
34580.00
35360.00
36060.00
36370.00
36550.00
36610.00
36600.00
36350.00
36160.00
35850.00
35540.00
35080.00
35010.00
35010.00
35370.00
35490.00
35550.00
35480.00
35410.00
35110.00
35090.00
35160.00
35180.00
35220.00
35480.00
35560.00
35640.00
35720.00
35790.00
35630.00
35600.00
35690.00
35850.00
36130.00
36370.00
36480.00
36610.00
36640.00
36480.00
36460.00
36580.00
36550.00
36570.00
36700.00
