19400.00
19480.00
19720.00
20150.00
20550.00
20980.00
21240.00
21500.00
21510.00
21550.00
21490.00
21450.00
21360.00
21360.00
21410.00
21540.00
21800.00
22080.00
22240.00
22380.00
22380.00
22200.00
21980.00
21940.00
21770.00
21630.00
21620.00
21710.00
21940.00
22240.00
22620.00
22980.00
23300.00
23420.00
23430.00
23530.00
23480.00
23470.00
23220.00
23050.00
22870.00
22870.00
22840.00
22980.00
23170.00
23350.00
23360.00
23260.00
23120.00
22830.00
22410.00
21930.00
21650.00
21320.00
21090.00
