62000.00
62360.00
63280.00
64360.00
64580.00
64460.00
63960.00
63340.00
62860.00
62920.00
63120.00
63400.00
63960.00
64560.00
64700.00
64740.00
64360.00
63740.00
62800.00
62140.00
61600.00
61440.00
61280.00
61360.00
61400.00
61540.00
61960.00
62660.00
62800.00
62740.00
62720.00
62500.00
62100.00
62140.00
62160.00
62160.00
62440.00
63020.00
64020.00
65260.00
66420.00
67380.00
67800.00
67500.00
67300.00
67140.00
66820.00
66460.00
66220.00
66020.00
65660.00
65380.00
65300.00
65220.00
64820.00
