9504.00
9412.00
9422.00
9526.00
9606.00
9708.00
9824.00
9878.00
9888.00
9864.00
9832.00
9762.00
9718.00
9718.00
9792.00
9902.00
10092.00
10332.00
10490.00
10630.00
10710.00
10730.00
10700.00
10720.00
10730.00
10820.00
11000.00
11200.00
11390.00
11600.00
11720.00
11750.00
11690.00
11640.00
11410.00
11270.00
11050.00
10950.00
10780.00
10760.00
10650.00
10700.00
10690.00
10850.00
10990.00
11210.00
11200.00
11190.00
11120.00
11090.00
10950.00
10980.00
11200.00
11370.00
11530.00
