92940.00
93640.00
94820.00
95900.00
96280.00
96920.00
97260.00
97480.00
97520.00
97800.00
98460.00
98900.00
98860.00
99100.00
98980.00
99580.00
100540.00
101880.00
102900.00
104000.00
103800.00
103800.00
103200.00
103100.00
103200.00
103900.00
105000.00
106200.00
106300.00
105700.00
105000.00
103300.00
101740.00
101240.00
100840.00
100540.00
100840.00
101900.00
101900.00
101160.00
99540.00
97700.00
95160.00
93740.00
93760.00
94580.00
95420.00
96280.00
96740.00
96680.00
96120.00
95180.00
94160.00
92820.00
91520.00
