37150.00
37890.00
38430.00
38570.00
38730.00
38910.00
38830.00
38970.00
39490.00
39780.00
40110.00
40910.00
41590.00
41620.00
41740.00
41920.00
42010.00
42190.00
42530.00
42900.00
43100.00
42890.00
42690.00
42530.00
42270.00
41860.00
41530.00
41000.00
40610.00
40480.00
40490.00
41170.00
42000.00
42840.00
43410.00
43870.00
43950.00
44140.00
44160.00
44120.00
43940.00
43580.00
43050.00
42380.00
42000.00
42220.00
42570.00
42820.00
43070.00
43290.00
43010.00
42490.00
42060.00
41560.00
41170.00
