35960.00
36460.00
37030.00
37660.00
37840.00
38110.00
38290.00
38530.00
38610.00
38830.00
38850.00
38860.00
38650.00
38660.00
38540.00
38560.00
38640.00
38790.00
38720.00
38960.00
39080.00
39160.00
39470.00
39990.00
40230.00
40660.00
41140.00
41010.00
40890.00
40620.00
40320.00
39770.00
39700.00
39440.00
39230.00
39150.00
39030.00
38830.00
38590.00
38230.00
37890.00
37700.00
37640.00
37720.00
38160.00
38240.00
38190.00
38020.00
37620.00
37030.00
36480.00
36180.00
35990.00
35920.00
35920.00
