28150.00
28850.00
29250.00
30040.00
30760.00
31330.00
31730.00
32110.00
32150.00
31880.00
31440.00
31430.00
31830.00
32100.00
32350.00
32350.00
32220.00
31800.00
32080.00
32710.00
33530.00
33860.00
34140.00
33880.00
33260.00
32810.00
32640.00
32640.00
32450.00
32210.00
31920.00
31450.00
31060.00
30860.00
30090.00
29060.00
28300.00
27260.00
26010.00
25470.00
25210.00
25000.00
24870.00
25010.00
25090.00
25210.00
25270.00
25310.00
25120.00
25080.00
24970.00
24730.00
24430.00
24230.00
24320.00
