193600.00
197100.00
197900.00
197300.00
196600.00
198400.00
197900.00
200100.00
202800.00
204800.00
205500.00
208500.00
210000.00
209700.00
212200.00
215300.00
217200.00
219300.00
222400.00
223100.00
222500.00
221500.00
220900.00
219800.00
219200.00
218400.00
216500.00
213900.00
212200.00
211500.00
211300.00
212100.00
212900.00
215100.00
216300.00
216200.00
215400.00
215400.00
213200.00
209900.00
208500.00
208100.00
206900.00
204900.00
205500.00
207000.00
208000.00
209600.00
212300.00
213800.00
212800.00
212300.00
210900.00
210000.00
208800.00
