34010.00
34150.00
33980.00
33530.00
33110.00
32890.00
32810.00
32600.00
32160.00
32020.00
31690.00
31430.00
31230.00
31360.00
31280.00
31240.00
31100.00
31170.00
31070.00
31160.00
31330.00
31550.00
31610.00
31960.00
32140.00
32260.00
32420.00
32660.00
32690.00
32870.00
33070.00
33090.00
33150.00
33350.00
33280.00
33280.00
33450.00
33500.00
33470.00
33380.00
33260.00
32950.00
32760.00
32560.00
32810.00
33280.00
33730.00
34120.00
34250.00
34290.00
34120.00
34030.00
33970.00
34130.00
34220.00
