50010.00
49550.00
49490.00
49640.00
49680.00
49750.00
49800.00
49580.00
49220.00
49120.00
48850.00
48540.00
48060.00
47310.00
46460.00
45200.00
43760.00
42690.00
41700.00
40860.00
40400.00
40320.00
39940.00
40300.00
40590.00
41070.00
41460.00
42200.00
42450.00
42700.00
42840.00
43200.00
43350.00
43600.00
43500.00
43660.00
43670.00
43920.00
44100.00
44620.00
44680.00
44990.00
45060.00
45270.00
45410.00
45770.00
45580.00
45720.00
45710.00
45620.00
45590.00
46080.00
46020.00
45940.00
46190.00
