101080.00
100480.00
100380.00
100580.00
100900.00
100800.00
100900.00
101100.00
101600.00
102100.00
103200.00
104100.00
104200.00
104000.00
103900.00
103500.00
103300.00
103500.00
103400.00
103000.00
102900.00
103000.00
103000.00
102700.00
103200.00
103100.00
102800.00
102700.00
103200.00
102700.00
102800.00
102600.00
102500.00
102300.00
102400.00
101900.00
101600.00
101060.00
100560.00
99480.00
98900.00
98720.00
98800.00
98700.00
99680.00
100460.00
100640.00
100640.00
100280.00
99540.00
99000.00
98120.00
97520.00
97720.00
98260.00
