8856.00
8932.00
9068.00
9074.00
9102.00
9094.00
9140.00
9210.00
9504.00
9974.00
10182.00
10328.00
10404.00
10316.00
10026.00
9992.00
9822.00
9606.00
9414.00
9168.00
8930.00
8824.00
8758.00
8678.00
8588.00
8540.00
8462.00
8460.00
8436.00
8470.00
8442.00
8538.00
8552.00
8604.00
8570.00
8658.00
8694.00
8768.00
8764.00
8796.00
8634.00
8418.00
8160.00
8006.00
7830.00
7784.00
7760.00
7804.00
7738.00
7676.00
7598.00
7542.00
7432.00
7448.00
7546.00
