75700.00
76220.00
77240.00
78240.00
78800.00
79360.00
79840.00
79860.00
80160.00
80580.00
80920.00
81000.00
81280.00
81320.00
82120.00
83080.00
84160.00
85020.00
85520.00
85460.00
84920.00
84640.00
85020.00
86120.00
87240.00
88300.00
89120.00
89980.00
90080.00
89660.00
89760.00
89980.00
89880.00
89720.00
89940.00
89820.00
88840.00
88100.00
87720.00
87120.00
86940.00
87380.00
87400.00
87440.00
87420.00
86940.00
86000.00
85040.00
83980.00
82760.00
81860.00
81700.00
82220.00
82440.00
82760.00
