28720.00
29270.00
29600.00
29760.00
29610.00
29360.00
29060.00
28740.00
28510.00
28450.00
28480.00
28650.00
28920.00
29230.00
29420.00
29510.00
29490.00
29540.00
29420.00
29340.00
29380.00
29480.00
29560.00
29730.00
30050.00
30280.00
30420.00
30530.00
30570.00
30460.00
30400.00
30360.00
30250.00
30210.00
30140.00
30110.00
30080.00
29980.00
29640.00
29330.00
29010.00
28660.00
28520.00
28760.00
28980.00
29300.00
29720.00
30030.00
30140.00
30920.00
31520.00
32000.00
32600.00
33530.00
33960.00
