41400.00
41500.00
41780.00
41910.00
42050.00
42340.00
42470.00
42650.00
43130.00
43740.00
44210.00
44740.00
45110.00
45210.00
45290.00
45240.00
45200.00
45600.00
45990.00
46250.00
46550.00
46720.00
46480.00
46240.00
46390.00
46290.00
46270.00
46330.00
46370.00
46140.00
46230.00
46240.00
46120.00
45940.00
45770.00
45590.00
45430.00
45330.00
45350.00
45630.00
46560.00
47500.00
48230.00
48970.00
49300.00
48950.00
48600.00
48510.00
48420.00
48570.00
48650.00
48810.00
48920.00
48970.00
49030.00
