28958.64
29041.38
29255.18
29475.88
29834.50
30220.70
30468.98
30496.56
30586.20
30627.58
30641.38
30668.98
30779.32
30889.68
30986.24
30972.44
30882.78
30848.30
30744.84
30565.52
30448.28
30268.96
30089.66
29910.36
29765.54
29606.92
29600.02
29455.18
29324.14
29220.70
29013.80
28682.78
28469.00
28213.82
27972.44
27896.58
27910.36
27931.04
27903.46
27937.94
28013.80
28089.66
28151.72
28282.76
28317.24
28234.50
28165.54
28062.10
27944.86
27800.04
27579.34
27337.96
27206.92
27137.94
27110.34
