40940.00
41130.00
41230.00
41260.00
41220.00
41190.00
41120.00
41020.00
41170.00
41310.00
41400.00
41620.00
42040.00
42000.00
41950.00
41990.00
41820.00
41520.00
41510.00
41450.00
41310.00
41470.00
41630.00
41740.00
41990.00
42110.00
42020.00
41900.00
41750.00
41580.00
41560.00
41560.00
41460.00
41360.00
41250.00
41130.00
41010.00
41010.00
40990.00
40970.00
41000.00
41020.00
41030.00
41050.00
41010.00
40950.00
40920.00
40890.00
40860.00
40930.00
41030.00
41090.00
41150.00
41200.00
41180.00
