37570.00
37640.00
37710.00
37780.00
37830.00
37890.00
37990.00
38250.00
38550.00
38790.00
39080.00
39310.00
39440.00
39510.00
39610.00
39660.00
39680.00
39620.00
39600.00
39610.00
39580.00
39630.00
39660.00
39710.00
39670.00
39690.00
39690.00
39710.00
39670.00
39760.00
39800.00
40070.00
40380.00
40720.00
40820.00
40880.00
40730.00
40530.00
40320.00
40300.00
40360.00
40500.00
40790.00
41060.00
41380.00
41790.00
42060.00
42230.00
42420.00
42560.00
42470.00
42450.00
42180.00
41550.00
40950.00
