34540.00
34440.00
34370.00
34450.00
34570.00
34440.00
34610.00
34620.00
34450.00
34020.00
33590.00
33280.00
32940.00
32780.00
32830.00
32890.00
32960.00
33300.00
33470.00
33610.00
33750.00
33980.00
33890.00
33910.00
33970.00
33940.00
33680.00
33470.00
33350.00
33250.00
33420.00
33610.00
33970.00
34280.00
34590.00
34880.00
35210.00
35300.00
35240.00
35200.00
35040.00
35010.00
34980.00
35140.00
35290.00
35180.00
34770.00
34230.00
33520.00
32830.00
32270.00
31890.00
31680.00
31430.00
31020.00
