30900.00
30910.00
31120.00
31210.00
31200.00
31420.00
31760.00
32050.00
32520.00
32950.00
33170.00
33170.00
33480.00
33590.00
33640.00
33590.00
33690.00
33480.00
33460.00
33650.00
33770.00
33720.00
33760.00
33650.00
33560.00
33520.00
33670.00
33640.00
33770.00
33820.00
34080.00
34250.00
34720.00
35040.00
35130.00
35150.00
34940.00
34580.00
34240.00
33950.00
33700.00
33670.00
33590.00
33590.00
33800.00
34030.00
34190.00
34320.00
34360.00
34290.00
34030.00
33770.00
33470.00
33100.00
32980.00
