56100.00
56780.00
58420.00
60260.00
61260.00
61860.00
62420.00
62540.00
62560.00
62580.00
62700.00
62680.00
63540.00
64300.00
65220.00
66080.00
66780.00
66980.00
67120.00
67120.00
66880.00
66740.00
66500.00
66800.00
66700.00
66860.00
66820.00
67160.00
67980.00
69020.00
69880.00
72020.00
73760.00
74860.00
75200.00
76020.00
75600.00
75260.00
74520.00
74920.00
75340.00
75920.00
76900.00
78500.00
80160.00
81860.00
83700.00
85260.00
86060.00
86340.00
85480.00
84880.00
84340.00
84400.00
84760.00
