18730.00
18760.00
18860.00
18840.00
18840.00
18790.00
18660.00
18530.00
18500.00
18530.00
18590.00
18680.00
18820.00
18950.00
18980.00
19000.00
18980.00
19030.00
19060.00
19070.00
19110.00
19240.00
19190.00
19150.00
19170.00
19100.00
19010.00
18950.00
18930.00
18910.00
18900.00
18810.00
18750.00
18690.00
18630.00
18710.00
18890.00
19060.00
19130.00
19100.00
18970.00
18930.00
18960.00
19070.00
19350.00
19530.00
19520.00
19400.00
19270.00
19070.00
18880.00
18740.00
18680.00
18550.00
18370.00
