85040.00
84780.00
84460.00
84620.00
84480.00
84520.00
84600.00
84560.00
84480.00
84420.00
84200.00
84220.00
84360.00
84180.00
84180.00
84220.00
84040.00
83840.00
83780.00
83720.00
83660.00
83600.00
83380.00
83280.00
83320.00
83360.00
83400.00
83540.00
83620.00
83560.00
83440.00
83340.00
83380.00
83640.00
83560.00
83400.00
83620.00
84200.00
84180.00
84640.00
85320.00
85580.00
85520.00
85680.00
85480.00
85240.00
84980.00
84460.00
83980.00
83720.00
83500.00
83440.00
83580.00
83800.00
83960.00
