276000.00
275400.00
274500.00
271300.00
269400.00
267900.00
267500.00
267000.00
268200.00
267500.00
266600.00
266900.00
267400.00
267300.00
269100.00
269800.00
267700.00
265100.00
263300.00
260700.00
259400.00
259900.00
260200.00
260100.00
260200.00
259000.00
258700.00
258800.00
258900.00
258700.00
259900.00
260000.00
259900.00
260500.00
260800.00
260800.00
261000.00
260700.00
258900.00
257200.00
254800.00
252200.00
249700.00
248200.00
248500.00
249100.00
250100.00
251200.00
251800.00
251500.00
251700.00
251200.00
251600.00
252000.00
251900.00
