108600.00
110300.00
110700.00
111500.00
113500.00
115200.00
116600.00
117800.00
117900.00
116500.00
114900.00
113900.00
113300.00
113500.00
113900.00
113300.00
112800.00
112500.00
113000.00
114600.00
117200.00
118900.00
120500.00
120700.00
119800.00
119800.00
120200.00
121500.00
122100.00
121900.00
121500.00
119600.00
117500.00
116400.00
111960.00
106000.00
101600.00
95860.00
89120.00
86520.00
84920.00
83640.00
83120.00
83280.00
82480.00
82540.00
82260.00
81780.00
81120.00
81660.00
81680.00
81480.00
81400.00
81420.00
83100.00
