54220.00
54020.00
54080.00
54140.00
54180.00
54340.00
54640.00
55120.00
55960.00
57040.00
58040.00
59040.00
59880.00
60360.00
60480.00
60420.00
60360.00
60420.00
60400.00
60160.00
59960.00
59980.00
59880.00
59700.00
59740.00
59620.00
59220.00
58880.00
58640.00
58520.00
58500.00
58480.00
58420.00
58480.00
58380.00
58340.00
58340.00
58360.00
58320.00
58380.00
58520.00
59220.00
61880.00
63920.00
65680.00
67260.00
68420.00
67220.00
66380.00
66200.00
65900.00
65480.00
65480.00
65440.00
65020.00
