204600.00
205100.00
205100.00
206900.00
209100.00
211500.00
213100.00
214900.00
215300.00
215300.00
215600.00
216100.00
216000.00
216400.00
217300.00
218700.00
219100.00
221100.00
222100.00
222500.00
222700.00
223000.00
222300.00
222700.00
223900.00
224700.00
225800.00
227100.00
229300.00
229900.00
230400.00
230900.00
232000.00
231400.00
231200.00
230500.00
230700.00
230700.00
229600.00
228000.00
226800.00
225700.00
224600.00
224900.00
225800.00
227900.00
229500.00
230700.00
231600.00
232700.00
232000.00
231500.00
231200.00
231800.00
232300.00
