44010.00
43950.00
44150.00
44610.00
44960.00
44580.00
44240.00
43690.00
42810.00
42330.00
42600.00
42930.00
43350.00
43770.00
43830.00
43140.00
42370.00
41620.00
40780.00
40190.00
40170.00
40010.00
39920.00
39920.00
39820.00
39790.00
40040.00
40850.00
42130.00
43490.00
44640.00
46140.00
46920.00
47190.00
47230.00
47620.00
47130.00
46830.00
46810.00
46980.00
47080.00
47530.00
47820.00
47930.00
48000.00
48580.00
49200.00
49530.00
49440.00
49180.00
48150.00
47760.00
47950.00
48210.00
48840.00
