69742.56
70396.04
71465.34
72495.04
73287.12
74158.40
74673.24
75049.48
76039.58
76851.46
77920.78
79188.10
80455.44
80693.06
80970.30
80990.10
80673.28
80673.28
80950.52
80673.28
80356.44
80752.48
80455.44
80158.40
80237.62
80415.84
80356.44
80495.06
80871.30
81504.96
81742.58
81762.38
81841.58
81762.38
81108.92
81227.74
81247.54
81623.78
82079.22
82891.10
83287.14
84336.64
86356.44
87940.60
89702.96
90990.08
91683.14
91267.30
90891.06
90891.06
91089.08
91188.10
91445.52
91386.12
90990.08
