38630.00
38730.00
39160.00
39610.00
39480.00
39790.00
39870.00
39450.00
39070.00
38780.00
38350.00
37960.00
38070.00
38780.00
39620.00
40240.00
40670.00
41080.00
41050.00
41370.00
41710.00
42130.00
42610.00
42930.00
43020.00
42970.00
43200.00
43510.00
43640.00
43640.00
43510.00
43270.00
42680.00
42340.00
41730.00
41510.00
40870.00
40460.00
39790.00
39480.00
39150.00
39170.00
39160.00
39530.00
39710.00
39790.00
39800.00
39740.00
40000.00
40140.00
39980.00
39880.00
39830.00
38910.00
38170.00
