19040.00
19110.00
19230.00
19230.00
19210.00
19240.00
19290.00
19370.00
19520.00
19580.00
19600.00
19550.00
19910.00
20140.00
20410.00
20620.00
20830.00
20770.00
20780.00
20820.00
20910.00
21100.00
21230.00
21420.00
21550.00
21680.00
21700.00
21730.00
21750.00
21940.00
22090.00
22290.00
22410.00
22550.00
22430.00
22460.00
22320.00
22220.00
22060.00
22040.00
21940.00
21910.00
21870.00
21840.00
21990.00
22090.00
22210.00
22320.00
22550.00
22520.00
22320.00
22110.00
21900.00
21500.00
21230.00
