202000.00
202100.00
202900.00
203700.00
204300.00
205400.00
204800.00
202500.00
200400.00
198100.00
195600.00
194400.00
194200.00
194300.00
194300.00
194500.00
194700.00
195200.00
195000.00
194800.00
194700.00
193900.00
193400.00
193100.00
193000.00
192100.00
191800.00
191100.00
190800.00
190600.00
190800.00
191000.00
191300.00
191300.00
191000.00
191000.00
191000.00
190500.00
190000.00
189600.00
189100.00
188600.00
188100.00
188000.00
188500.00
189600.00
190800.00
192100.00
192700.00
192000.00
190200.00
188000.00
185500.00
182900.00
180900.00
