29240.00
29200.00
29280.00
29240.00
29250.00
29320.00
29300.00
29150.00
29070.00
28840.00
28620.00
28670.00
28920.00
29240.00
29670.00
30140.00
30440.00
30660.00
30890.00
31000.00
30870.00
30650.00
30460.00
30190.00
30540.00
31400.00
32580.00
33830.00
35230.00
36030.00
36590.00
37120.00
37480.00
37700.00
37660.00
37920.00
37800.00
37790.00
37760.00
38100.00
37970.00
37960.00
38110.00
38370.00
38440.00
38870.00
39380.00
39500.00
39230.00
38910.00
38210.00
37720.00
37390.00
37350.00
37650.00
