53060.00
52980.00
52400.00
51620.00
50900.00
50120.00
49590.00
49400.00
49480.00
49800.00
50360.00
50870.00
51720.00
52100.00
52120.00
51920.00
52200.00
52120.00
52660.00
53420.00
54120.00
54440.00
55040.00
55300.00
55380.00
55760.00
56160.00
55940.00
55780.00
55840.00
55760.00
55800.00
56280.00
56880.00
57280.00
57700.00
57780.00
57620.00
57160.00
56820.00
56600.00
56620.00
56980.00
57560.00
58000.00
58200.00
58060.00
57560.00
56780.00
56100.00
55240.00
54900.00
54700.00
54620.00
54560.00
