18000.00
18150.00
18340.00
18470.00
18660.00
18670.00
18780.00
18880.00
18920.00
18960.00
19040.00
19120.00
19220.00
19320.00
19360.00
19420.00
19430.00
19390.00
19290.00
19230.00
19170.00
19080.00
19020.00
19070.00
19130.00
19120.00
19130.00
19120.00
19020.00
18870.00
18790.00
18750.00
18740.00
19190.00
19400.00
19710.00
20070.00
20510.00
20560.00
20820.00
20990.00
21030.00
20980.00
21110.00
21110.00
21070.00
21050.00
20910.00
20440.00
20120.00
19890.00
19720.00
19660.00
19740.00
19790.00
