106100.00
107100.00
107900.00
108300.00
108600.00
109300.00
109700.00
110300.00
111800.00
112900.00
114100.00
115400.00
116600.00
116800.00
117400.00
118000.00
118400.00
118900.00
118900.00
118800.00
118000.00
117400.00
116800.00
116800.00
116800.00
116900.00
116900.00
116700.00
116700.00
116400.00
116300.00
116100.00
116200.00
116000.00
115900.00
115400.00
114800.00
113600.00
112300.00
111100.00
110200.00
109700.00
109200.00
108800.00
109000.00
109300.00
109300.00
109700.00
109900.00
109300.00
108500.00
107700.00
107300.00
106800.00
106700.00
