11300.00
11280.00
11320.00
11570.00
11930.00
12390.00
12660.00
12930.00
12980.00
13080.00
13000.00
13020.00
13090.00
13240.00
13310.00
13490.00
13670.00
13780.00
13800.00
13920.00
14030.00
13960.00
13990.00
14160.00
14430.00
14620.00
15130.00
15450.00
15720.00
15730.00
15790.00
15730.00
15740.00
15540.00
15350.00
15140.00
14800.00
14470.00
14190.00
13930.00
13760.00
13740.00
13800.00
14070.00
14310.00
14520.00
14720.00
14900.00
15100.00
15480.00
15770.00
16030.00
16200.00
16130.00
15960.00
