46450.00
46540.00
46650.00
46960.00
47170.00
47490.00
47590.00
47640.00
47690.00
47770.00
47780.00
47890.00
48050.00
48110.00
48110.00
48000.00
47990.00
47960.00
48060.00
48070.00
48100.00
48290.00
48440.00
48550.00
48790.00
49170.00
49400.00
49520.00
49700.00
49630.00
49560.00
49370.00
49360.00
49230.00
49150.00
49050.00
48920.00
48840.00
48620.00
48510.00
48460.00
48520.00
48600.00
48810.00
48960.00
49020.00
48980.00
48830.00
48680.00
48660.00
48380.00
48180.00
48040.00
47760.00
47300.00
