22240.00
22270.00
22380.00
22230.00
22110.00
22120.00
22180.00
22100.00
22310.00
22470.00
22540.00
22530.00
22690.00
22700.00
22770.00
22810.00
22770.00
22840.00
23020.00
23300.00
23720.00
24220.00
24450.00
24670.00
24920.00
25080.00
25210.00
25370.00
25570.00
25580.00
25560.00
25480.00
25400.00
25260.00
25180.00
24880.00
24660.00
24470.00
24210.00
23860.00
23740.00
23680.00
23550.00
23370.00
23510.00
23620.00
23660.00
23760.00
23960.00
23990.00
23960.00
23940.00
23860.00
23920.00
23930.00
