30430.00
30290.00
30070.00
29810.00
29560.00
29380.00
29290.00
29250.00
29250.00
29210.00
29170.00
29200.00
29200.00
29190.00
29250.00
29250.00
29150.00
29030.00
28900.00
28770.00
28700.00
28660.00
28630.00
28590.00
28570.00
28530.00
28490.00
28480.00
28470.00
28420.00
28400.00
28380.00
28360.00
28420.00
28450.00
28420.00
28370.00
28310.00
28160.00
28020.00
27890.00
27800.00
27730.00
27690.00
27730.00
27840.00
27950.00
28050.00
28100.00
28100.00
28030.00
27900.00
27810.00
27780.00
27670.00
