14840.00
14990.00
15230.00
15430.00
15520.00
15500.00
15370.00
15340.00
15250.00
15140.00
15120.00
15190.00
15310.00
15500.00
15640.00
15630.00
15530.00
15280.00
15050.00
14850.00
14710.00
14730.00
14730.00
14660.00
14610.00
14530.00
14400.00
14470.00
14610.00
14790.00
14970.00
15110.00
15050.00
14970.00
14710.00
14460.00
14140.00
13880.00
13570.00
13360.00
13180.00
13050.00
13210.00
13330.00
13410.00
13560.00
13760.00
13610.00
13570.00
13560.00
13430.00
13290.00
13190.00
12950.00
12790.00
