7856.00
7990.00
8098.00
8230.00
8314.00
8454.00
8980.00
9570.00
10088.00
10640.00
11060.00
11080.00
11000.00
11040.00
11050.00
11130.00
11290.00
11400.00
11550.00
11690.00
11730.00
11640.00
11660.00
11590.00
11480.00
11400.00
11420.00
11370.00
11270.00
11140.00
11070.00
10950.00
10900.00
10840.00
10690.00
10516.00
10366.00
10146.00
9926.00
9916.00
9856.00
9774.00
9724.00
9778.00
9688.00
9678.00
9656.00
9642.00
9530.00
9490.00
9358.00
9252.00
9152.00
9070.00
9088.00
