81120.00
81500.00
81600.00
81820.00
81920.00
82280.00
82420.00
83280.00
83880.00
84520.00
85560.00
87140.00
88360.00
89740.00
91280.00
92220.00
92700.00
92060.00
91200.00
90280.00
89420.00
88400.00
88500.00
88800.00
89260.00
89520.00
89960.00
90240.00
90500.00
90620.00
90560.00
90300.00
90060.00
89760.00
89220.00
88880.00
88620.00
88160.00
87640.00
86960.00
86400.00
86040.00
85780.00
85540.00
86100.00
86620.00
87040.00
87500.00
87740.00
87540.00
86900.00
86140.00
85400.00
84760.00
84160.00
