12200.00
12660.00
12970.00
13120.00
13180.00
12770.00
12300.00
12140.00
12040.00
11950.00
11820.00
11770.00
11890.00
12020.00
12150.00
12280.00
12310.00
12190.00
12030.00
11930.00
11880.00
11940.00
11930.00
11960.00
11990.00
11940.00
11960.00
12030.00
12110.00
12150.00
12160.00
12090.00
12030.00
11970.00
11890.00
11960.00
12060.00
12080.00
12050.00
12060.00
12060.00
12020.00
12080.00
12230.00
12280.00
12240.00
12160.00
11980.00
11560.00
11370.00
11110.00
10770.00
10328.00
10040.00
9594.00
