11800.00
11920.00
11930.00
12040.00
12270.00
12510.00
12750.00
13010.00
13250.00
13460.00
13510.00
13500.00
13530.00
13570.00
13450.00
13480.00
13510.00
13470.00
13450.00
13550.00
13600.00
13600.00
13700.00
13810.00
13900.00
13900.00
14090.00
14200.00
14190.00
14040.00
14030.00
14040.00
14040.00
14130.00
14100.00
14000.00
13710.00
13460.00
13150.00
13000.00
12880.00
12870.00
12900.00
13050.00
13250.00
13540.00
13730.00
13880.00
13910.00
13950.00
13790.00
13810.00
13830.00
13880.00
13930.00
