8104.00
8030.00
7974.00
7950.00
7908.00
7872.00
7890.00
7960.00
8024.00
8086.00
8142.00
8150.00
8130.00
8130.00
8248.00
8376.00
8524.00
8682.00
8864.00
8844.00
8840.00
8814.00
8812.00
8774.00
8798.00
8784.00
8796.00
8770.00
8738.00
8714.00
8704.00
8684.00
8690.00
8716.00
8754.00
8836.00
8954.00
9062.00
9142.00
9206.00
9250.00
9270.00
9364.00
9564.00
9718.00
9864.00
10006.00
10026.00
9976.00
9988.00
9984.00
9984.00
10034.00
10144.00
10306.00
