13570.00
13650.00
13680.00
13580.00
13490.00
13310.00
13020.00
12840.00
12770.00
12770.00
12830.00
12990.00
13060.00
13130.00
13240.00
13280.00
13310.00
13470.00
13600.00
13720.00
13840.00
13960.00
13980.00
13970.00
14040.00
14160.00
14320.00
14570.00
14830.00
14880.00
14920.00
14840.00
14660.00
14500.00
14410.00
14390.00
14470.00
14420.00
14280.00
14150.00
14040.00
13870.00
13900.00
13980.00
14180.00
14300.00
14390.00
14380.00
14270.00
13920.00
13560.00
13240.00
12990.00
12780.00
12750.00
