22630.00
22970.00
22980.00
22720.00
22490.00
22400.00
22290.00
22280.00
22350.00
22320.00
22120.00
22000.00
21860.00
21780.00
21720.00
22040.00
22240.00
22460.00
22620.00
22870.00
22780.00
22810.00
22900.00
23050.00
23220.00
23430.00
23630.00
23740.00
23790.00
23610.00
24030.00
24650.00
25150.00
25550.00
26010.00
25920.00
25470.00
25230.00
25170.00
25400.00
25460.00
25610.00
25500.00
25380.00
25030.00
24720.00
24630.00
24680.00
24620.00
24740.00
24900.00
24870.00
24990.00
25520.00
25760.00
