250300.00
250900.00
253200.00
254600.00
254600.00
255700.00
257600.00
259600.00
261900.00
264000.00
264400.00
263600.00
262500.00
262600.00
262700.00
262800.00
263900.00
264300.00
262500.00
263100.00
263400.00
262800.00
265000.00
267500.00
269800.00
273100.00
276400.00
276400.00
277500.00
276300.00
274500.00
273000.00
272400.00
271600.00
271800.00
271100.00
270700.00
271300.00
271100.00
269700.00
269500.00
269100.00
266700.00
266200.00
267700.00
269400.00
271000.00
274600.00
276500.00
277100.00
276300.00
274600.00
272000.00
269400.00
268300.00
