110900.00
112700.00
114900.00
116500.00
118100.00
119800.00
121400.00
123900.00
127000.00
127900.00
127300.00
127100.00
126000.00
125200.00
124700.00
124900.00
125500.00
125400.00
124600.00
124700.00
124100.00
124000.00
124900.00
127000.00
130600.00
135000.00
137700.00
141200.00
143100.00
143100.00
142700.00
143000.00
142700.00
142200.00
142000.00
143400.00
143600.00
144100.00
146600.00
148700.00
150300.00
153600.00
156200.00
157100.00
157500.00
158800.00
158900.00
158100.00
156900.00
157100.00
154000.00
152000.00
151700.00
153300.00
154000.00
