102180.00
102180.00
101880.00
101580.00
100980.00
100980.00
100580.00
100080.00
99600.00
99360.00
99780.00
100280.00
100980.00
101560.00
102200.00
102200.00
101680.00
101140.00
100560.00
99960.00
99200.00
98340.00
97680.00
97380.00
97680.00
98340.00
99620.00
100420.00
100740.00
100420.00
99980.00
99240.00
99940.00
101000.00
101920.00
103760.00
105400.00
105800.00
105700.00
106500.00
106000.00
105400.00
105100.00
105500.00
105500.00
105800.00
105600.00
105200.00
104400.00
103700.00
102600.00
102900.00
103000.00
103000.00
102900.00
