465400.00
466900.00
470400.00
475500.00
477500.00
478800.00
477000.00
478700.00
480400.00
483500.00
487600.00
491300.00
489900.00
483700.00
476800.00
470700.00
467400.00
466400.00
467800.00
467600.00
467200.00
464200.00
457200.00
449000.00
446100.00
442500.00
441400.00
444000.00
445700.00
444900.00
441900.00
439000.00
438300.00
439900.00
443300.00
446800.00
449300.00
450600.00
448700.00
442600.00
440000.00
439200.00
437000.00
436500.00
439300.00
441900.00
443500.00
446700.00
451800.00
458500.00
464600.00
471000.00
475800.00
482800.00
486400.00
