9572.00
9730.00
9752.00
9758.00
9778.00
9838.00
9938.00
10106.00
10150.00
10170.00
10200.00
10140.00
10080.00
10080.00
10090.00
10140.00
10150.00
10170.00
10240.00
10280.00
10550.00
10750.00
10880.00
10910.00
10960.00
10560.00
10250.00
9992.00
9848.00
9742.00
9730.00
9764.00
9750.00
9700.00
9598.00
9526.00
9482.00
9440.00
9376.00
9300.00
9260.00
9270.00
9320.00
9398.00
9494.00
9542.00
9552.00
9568.00
9558.00
9564.00
9564.00
9528.00
9430.00
9380.00
9314.00
