178000.00
178200.00
178400.00
178800.00
182000.00
185600.00
188700.00
192600.00
196600.00
197200.00
197700.00
199200.00
199800.00
200400.00
200800.00
201200.00
200800.00
200300.00
200700.00
201500.00
202000.00
202800.00
204000.00
204100.00
204300.00
204800.00
204800.00
204700.00
205300.00
205400.00
204900.00
204500.00
203900.00
202100.00
200800.00
200000.00
199800.00
199600.00
199500.00
199100.00
198000.00
196800.00
196000.00
195700.00
195700.00
196300.00
196400.00
196000.00
194900.00
193500.00
192200.00
191100.00
189800.00
189300.00
188300.00
