32860.00
32480.00
32250.00
31930.00
31830.00
32050.00
32190.00
32040.00
32090.00
32430.00
32710.00
33100.00
33600.00
34120.00
34510.00
34970.00
35380.00
35960.00
35810.00
35540.00
34980.00
34360.00
33570.00
33250.00
32530.00
32080.00
31900.00
31680.00
31620.00
31870.00
32120.00
32220.00
32240.00
32230.00
32100.00
31940.00
31680.00
31480.00
31150.00
30870.00
30380.00
30070.00
29690.00
29440.00
29250.00
29180.00
28970.00
28850.00
28750.00
28490.00
28180.00
28050.00
27940.00
27680.00
27680.00
