19090.00
19040.00
19160.00
19250.00
19350.00
19450.00
19530.00
19520.00
19570.00
19580.00
19580.00
19760.00
19900.00
20110.00
20300.00
20430.00
20390.00
20450.00
20440.00
20390.00
20280.00
20110.00
19840.00
19670.00
19800.00
20310.00
20810.00
21350.00
22120.00
22700.00
22990.00
23330.00
23730.00
23910.00
23790.00
23910.00
24030.00
24110.00
24190.00
24610.00
24750.00
24860.00
24990.00
25040.00
24830.00
24760.00
24890.00
24910.00
24800.00
24680.00
24290.00
23900.00
23600.00
23390.00
23520.00
