18090.00
18540.00
18990.00
19360.00
19520.00
19660.00
19700.00
19720.00
19790.00
20030.00
20170.00
20160.00
20090.00
19970.00
19740.00
19550.00
19510.00
19610.00
19630.00
19710.00
19750.00
19660.00
19480.00
19390.00
19240.00
19160.00
19160.00
19210.00
19270.00
19330.00
19450.00
19510.00
19570.00
19540.00
19420.00
19250.00
19050.00
18880.00
18740.00
18620.00
18530.00
18480.00
18380.00
18400.00
18460.00
18540.00
18600.00
18640.00
18580.00
18450.00
18240.00
18090.00
17960.00
17810.00
17760.00
