33110.00
33310.00
33450.00
33440.00
33580.00
33800.00
34050.00
34120.00
34240.00
34420.00
34360.00
34320.00
34310.00
34340.00
34200.00
34120.00
34000.00
33970.00
33820.00
33890.00
33930.00
33930.00
33740.00
33680.00
33900.00
34190.00
34620.00
35120.00
35520.00
35680.00
35810.00
35790.00
36020.00
36480.00
36640.00
37050.00
37410.00
37510.00
37450.00
37420.00
37160.00
36850.00
36620.00
36340.00
36420.00
36480.00
36630.00
36730.00
36640.00
36570.00
36350.00
36140.00
35950.00
35810.00
35540.00
