289100.00
291300.00
293000.00
290800.00
289800.00
288600.00
287700.00
285400.00
283900.00
280700.00
277500.00
274700.00
273500.00
272500.00
272300.00
271600.00
271400.00
271000.00
270700.00
269000.00
270400.00
272900.00
274000.00
275700.00
278400.00
278800.00
277700.00
277600.00
276400.00
275500.00
274300.00
272600.00
271700.00
271500.00
271300.00
271400.00
271400.00
272200.00
271600.00
270700.00
270300.00
271500.00
271400.00
271600.00
272200.00
273400.00
273000.00
272600.00
271500.00
270000.00
266600.00
264400.00
261600.00
258200.00
256700.00
