337600.00
340600.00
344400.00
348100.00
349600.00
350900.00
353700.00
356300.00
360200.00
364100.00
366100.00
366700.00
368200.00
369200.00
370100.00
372500.00
374500.00
374600.00
373500.00
372500.00
370900.00
369500.00
370200.00
372200.00
374300.00
376300.00
380100.00
383800.00
387100.00
388600.00
389300.00
388200.00
387400.00
386900.00
387500.00
388200.00
385800.00
383200.00
378000.00
372800.00
367600.00
366000.00
364000.00
364800.00
366000.00
367000.00
367800.00
367800.00
370200.00
372000.00
372200.00
371600.00
371500.00
367300.00
364600.00
