20800.00
20840.00
20850.00
20870.00
21400.00
21880.00
22340.00
22770.00
23180.00
23070.00
23140.00
23270.00
23550.00
23920.00
24060.00
24070.00
24360.00
24740.00
25010.00
25640.00
26160.00
26250.00
26160.00
25960.00
25710.00
25630.00
25750.00
25870.00
26150.00
26370.00
26780.00
26930.00
27030.00
27280.00
27230.00
27150.00
27530.00
27970.00
28120.00
28370.00
28240.00
27890.00
27350.00
26960.00
26720.00
26440.00
26110.00
25910.00
25700.00
25390.00
25100.00
24870.00
24630.00
24290.00
24050.00
