20470.00
20500.00
20470.00
20840.00
21290.00
21870.00
22350.00
22680.00
22790.00
22980.00
23040.00
23060.00
23090.00
23050.00
22830.00
22680.00
22580.00
22690.00
22810.00
23170.00
23320.00
23370.00
23320.00
23430.00
23160.00
22970.00
22900.00
22820.00
22630.00
22440.00
22280.00
22120.00
21920.00
21570.00
21160.00
20870.00
20510.00
20270.00
20100.00
20010.00
19800.00
19750.00
19630.00
19690.00
19750.00
19880.00
19870.00
19830.00
19660.00
19520.00
19260.00
19010.00
18860.00
18680.00
18440.00
