38950.00
38940.00
38790.00
38680.00
38600.00
38840.00
39130.00
39730.00
40190.00
40640.00
40820.00
40780.00
40900.00
41190.00
41540.00
41870.00
42270.00
42520.00
42780.00
43050.00
43370.00
43510.00
43360.00
43330.00
43440.00
43410.00
43470.00
43550.00
43500.00
43310.00
43310.00
43340.00
43370.00
43400.00
43470.00
43290.00
43090.00
43010.00
42890.00
42560.00
42580.00
42630.00
42740.00
42970.00
43410.00
43650.00
43840.00
44030.00
43930.00
43740.00
43510.00
43270.00
43000.00
42750.00
42500.00
