20030.00
19990.00
20020.00
20120.00
20120.00
20150.00
20130.00
20070.00
19970.00
20060.00
20100.00
20080.00
20130.00
20180.00
20210.00
20240.00
20310.00
20430.00
20510.00
20620.00
20680.00
20700.00
20660.00
20640.00
20550.00
20510.00
20490.00
20520.00
20630.00
20710.00
20820.00
20910.00
20980.00
21000.00
21010.00
21270.00
21420.00
21590.00
21710.00
21840.00
21650.00
21580.00
21470.00
21400.00
21330.00
21220.00
21070.00
20950.00
20780.00
20600.00
20410.00
20240.00
20030.00
19820.00
19670.00
