45170.00
45320.00
45310.00
45150.00
44880.00
44560.00
44200.00
44060.00
44110.00
44100.00
44150.00
44520.00
44630.00
44600.00
44770.00
44890.00
44680.00
44480.00
44090.00
43550.00
43000.00
42440.00
42260.00
42230.00
42350.00
42500.00
42830.00
42780.00
42670.00
42550.00
42470.00
42590.00
42880.00
43260.00
43500.00
43740.00
43700.00
43550.00
43420.00
43150.00
42780.00
42720.00
42640.00
42720.00
43320.00
43770.00
43820.00
43890.00
43570.00
42870.00
42350.00
41980.00
41510.00
41220.00
41020.00
