27740.00
28250.00
28710.00
29070.00
29350.00
29410.00
29140.00
29180.00
29890.00
30620.00
31300.00
32160.00
32770.00
33040.00
33230.00
33540.00
33800.00
34060.00
34030.00
34050.00
33920.00
33920.00
34150.00
34290.00
34380.00
34670.00
34630.00
34340.00
34370.00
34320.00
34260.00
34480.00
34650.00
34620.00
34980.00
35130.00
34950.00
34840.00
34600.00
33940.00
33580.00
33560.00
33530.00
33950.00
34950.00
35780.00
36400.00
37700.00
38420.00
38570.00
38770.00
39040.00
38690.00
38490.00
38500.00
