62800.00
62880.00
63420.00
64180.00
64520.00
65300.00
65960.00
66060.00
66260.00
66360.00
66100.00
65840.00
65660.00
66160.00
66420.00
67000.00
67480.00
67760.00
66940.00
66580.00
66060.00
66400.00
67460.00
68800.00
70080.00
71520.00
72060.00
72140.00
72260.00
72400.00
72640.00
72500.00
72140.00
72040.00
71540.00
71140.00
71140.00
71920.00
72500.00
73140.00
73960.00
74580.00
74960.00
75440.00
76140.00
76720.00
77060.00
77280.00
76600.00
76380.00
75340.00
74780.00
74080.00
73700.00
73500.00
