11440.00
12130.00
13450.00
14320.00
15380.00
16230.00
17330.00
18230.00
19230.00
20040.00
21170.00
21270.00
20750.00
20530.00
20010.00
19420.00
18990.00
18480.00
17940.00
17610.00
17310.00
16940.00
16750.00
16650.00
16700.00
16600.00
16580.00
16560.00
16460.00
16190.00
16010.00
15860.00
15790.00
16200.00
16430.00
16720.00
16710.00
16720.00
16420.00
16390.00
16340.00
16480.00
16540.00
16560.00
16440.00
16340.00
16220.00
16330.00
16460.00
16820.00
17000.00
17230.00
17490.00
17530.00
17560.00
