12420.00
12550.00
12670.00
12790.00
12810.00
12820.00
12750.00
12630.00
12470.00
12390.00
12320.00
12250.00
12280.00
12350.00
12380.00
12330.00
12250.00
12130.00
12000.00
11930.00
11880.00
11860.00
11790.00
11750.00
11730.00
11750.00
11770.00
11820.00
11830.00
11760.00
11650.00
11560.00
11510.00
11490.00
11390.00
11360.00
11280.00
11210.00
11090.00
11130.00
11090.00
11190.00
11400.00
11650.00
11800.00
12010.00
12010.00
11950.00
11820.00
11680.00
11500.00
11440.00
11330.00
11270.00
11310.00
