185300.00
187100.00
190100.00
191100.00
192400.00
192000.00
190800.00
188500.00
188300.00
187300.00
186400.00
185300.00
185600.00
184400.00
184400.00
183600.00
184000.00
185700.00
187500.00
191300.00
196300.00
200700.00
203200.00
205500.00
205400.00
204700.00
203900.00
203300.00
202400.00
201400.00
200000.00
198800.00
196900.00
196300.00
195400.00
194000.00
192100.00
191400.00
189100.00
187200.00
185600.00
184900.00
185000.00
186000.00
186800.00
188500.00
189300.00
190000.00
189000.00
188500.00
187100.00
186500.00
184500.00
184000.00
183600.00
