87780.00
87920.00
88140.00
88480.00
88880.00
89680.00
89880.00
90340.00
90720.00
91160.00
91500.00
92280.00
92800.00
93160.00
93780.00
94240.00
94400.00
94820.00
95200.00
95240.00
94580.00
93980.00
93340.00
92800.00
92660.00
93120.00
93900.00
94520.00
95240.00
95460.00
96160.00
96660.00
96900.00
97040.00
97140.00
97280.00
97380.00
97640.00
97900.00
97900.00
97720.00
98120.00
98820.00
99140.00
100480.00
101900.00
102700.00
103600.00
104500.00
104700.00
104000.00
103600.00
102400.00
101260.00
100560.00
