58080.00
58860.00
59320.00
59820.00
59400.00
60000.00
60560.00
61440.00
62360.00
63400.00
63420.00
63120.00
63400.00
63560.00
63500.00
63680.00
64060.00
63940.00
63800.00
64320.00
64040.00
63580.00
63180.00
62780.00
62140.00
61920.00
61980.00
61900.00
62160.00
62220.00
62520.00
62840.00
63400.00
63720.00
64040.00
64200.00
63880.00
63460.00
62780.00
62120.00
61620.00
61360.00
61040.00
61120.00
61840.00
63000.00
64000.00
64960.00
65640.00
65620.00
64860.00
64220.00
63480.00
62520.00
62000.00
