26600.00
27100.00
27480.00
28300.00
29000.00
29770.00
30590.00
31310.00
31630.00
31680.00
31470.00
31260.00
31210.00
31260.00
31420.00
31330.00
31280.00
31170.00
31240.00
31650.00
32150.00
32380.00
32690.00
32810.00
32470.00
32100.00
31750.00
31360.00
30920.00
30510.00
30280.00
30080.00
30060.00
29990.00
29210.00
28230.00
27310.00
26200.00
24970.00
24510.00
24140.00
23830.00
23570.00
23620.00
23410.00
23410.00
23360.00
23220.00
22930.00
23030.00
22980.00
22890.00
22860.00
22820.00
22870.00
