55580.00
55520.00
55400.00
55480.00
55400.00
55540.00
55760.00
56120.00
56520.00
56860.00
56820.00
56620.00
56500.00
56440.00
56460.00
56600.00
56700.00
56920.00
57000.00
57080.00
57280.00
57500.00
57400.00
57340.00
57360.00
57340.00
57520.00
57980.00
58580.00
59020.00
59220.00
59520.00
59620.00
59500.00
59500.00
59620.00
59460.00
59440.00
59580.00
59740.00
60460.00
61200.00
61900.00
62680.00
63200.00
63120.00
62740.00
62160.00
61660.00
61440.00
60900.00
60700.00
61080.00
61240.00
61040.00
