45710.00
45850.00
46290.00
47450.00
48280.00
49100.00
49800.00
50470.00
50470.00
50740.00
50740.00
50480.00
50160.00
49840.00
49920.00
50240.00
50740.00
51020.00
51360.00
51200.00
51140.00
50860.00
50840.00
50230.00
49450.00
48630.00
48130.00
47880.00
48080.00
48540.00
49220.00
49700.00
49790.00
49800.00
49730.00
49650.00
49650.00
50290.00
50850.00
51280.00
52360.00
53320.00
53980.00
54560.00
55860.00
56120.00
56320.00
56320.00
56220.00
55420.00
54400.00
53600.00
52700.00
51900.00
51420.00
