13160.00
13110.00
13100.00
13100.00
13070.00
13050.00
13020.00
13020.00
13000.00
13030.00
13040.00
13080.00
13140.00
13160.00
13160.00
13170.00
13170.00
13150.00
13150.00
13200.00
13270.00
13390.00
13550.00
13710.00
13850.00
14000.00
14060.00
14100.00
14140.00
14110.00
14080.00
14170.00
14190.00
14220.00
14190.00
14180.00
14080.00
14100.00
14090.00
14190.00
14260.00
14310.00
14250.00
14230.00
14210.00
14190.00
14220.00
14350.00
14410.00
14500.00
14550.00
14600.00
14560.00
14510.00
14440.00
