10510.00
10590.00
10660.00
10720.00
10790.00
10890.00
10940.00
10950.00
10920.00
10900.00
10950.00
11040.00
11350.00
11680.00
11920.00
12010.00
12090.00
12040.00
11990.00
11950.00
11910.00
11830.00
11750.00
11680.00
11700.00
11830.00
11990.00
12240.00
12850.00
13540.00
14160.00
14780.00
15120.00
15130.00
14860.00
14760.00
14540.00
14450.00
14400.00
14600.00
14650.00
14730.00
14920.00
14940.00
15040.00
15170.00
15410.00
15570.00
15590.00
15260.00
14740.00
14250.00
13700.00
13250.00
12990.00
