49260.00
49660.00
50190.00
50600.00
50700.00
51000.00
51180.00
51340.00
51480.00
51760.00
51900.00
52120.00
52240.00
52360.00
52400.00
52580.00
52800.00
53200.00
53460.00
53780.00
53760.00
53560.00
53360.00
53140.00
53120.00
53300.00
53580.00
53660.00
53900.00
53840.00
53840.00
53800.00
53760.00
53780.00
53780.00
53560.00
53300.00
53040.00
52580.00
52140.00
51820.00
51540.00
51360.00
51720.00
52380.00
53040.00
53720.00
54220.00
54220.00
53960.00
53660.00
53260.00
53040.00
52840.00
52720.00
