40310.00
40490.00
40670.00
40940.00
40930.00
41030.00
40950.00
40780.00
40510.00
40380.00
40140.00
40120.00
40150.00
40720.00
41320.00
42020.00
42380.00
42790.00
42760.00
42630.00
42310.00
42160.00
41510.00
41160.00
40810.00
40520.00
40570.00
41820.00
42590.00
43390.00
44170.00
44630.00
44590.00
44630.00
44520.00
44880.00
45410.00
45650.00
45880.00
46270.00
46210.00
46210.00
46100.00
46070.00
46220.00
46730.00
46910.00
47180.00
47240.00
46990.00
46200.00
45470.00
44730.00
44020.00
43620.00
