39970.00
40580.00
40870.00
40870.00
40860.00
40570.00
40050.00
39190.00
38220.00
37500.00
36670.00
36080.00
35610.00
35360.00
35050.00
34640.00
34280.00
34140.00
34120.00
34220.00
34550.00
34840.00
35060.00
35330.00
35640.00
35950.00
36550.00
37250.00
37730.00
38120.00
38600.00
38550.00
38440.00
38900.00
39010.00
38960.00
39050.00
39270.00
38880.00
38650.00
38380.00
38070.00
37540.00
37100.00
37140.00
37040.00
36730.00
36770.00
36680.00
36810.00
37000.00
37880.00
38590.00
39300.00
39440.00
