27706.60
27493.18
27561.08
27434.96
27347.64
27279.72
27677.46
27842.38
28434.16
30752.76
32838.52
34769.06
36670.50
39163.70
39629.34
40279.32
40415.14
40580.06
39774.86
39280.10
38814.44
38746.54
38494.30
38397.28
38096.54
37727.90
37174.92
37019.70
36680.16
36330.92
36020.48
36098.10
35894.38
35797.38
35244.42
35050.40
34798.16
34798.16
34623.52
35108.58
35050.36
34798.14
34119.06
33604.90
32760.90
32159.44
31664.68
31654.98
31373.66
31257.24
31140.82
30888.58
30296.80
30054.26
30044.56
