133700.00
136000.00
136900.00
136600.00
136600.00
137400.00
137800.00
138600.00
139700.00
141100.00
141200.00
142300.00
143300.00
142600.00
141700.00
141900.00
141400.00
140500.00
141000.00
140800.00
139700.00
138900.00
138500.00
138500.00
139200.00
139500.00
139600.00
140300.00
141000.00
141800.00
143300.00
145100.00
146700.00
146200.00
145200.00
143900.00
141800.00
138900.00
137000.00
135700.00
134100.00
132700.00
131300.00
130300.00
129400.00
128700.00
128100.00
127700.00
127300.00
126600.00
125800.00
125500.00
124900.00
124600.00
125300.00
