35270.00
35150.00
35120.00
35240.00
35290.00
35700.00
36180.00
36780.00
37260.00
37800.00
37970.00
37880.00
37860.00
37920.00
37980.00
38130.00
38330.00
38660.00
39010.00
39450.00
39840.00
40180.00
40140.00
40230.00
40270.00
40140.00
40060.00
40010.00
39820.00
39660.00
39620.00
39560.00
39450.00
39230.00
39060.00
38790.00
38490.00
38380.00
38220.00
37810.00
37730.00
37720.00
37550.00
37610.00
37820.00
37880.00
37880.00
37940.00
37790.00
37620.00
37330.00
36940.00
36590.00
36320.00
36200.00
