60920.00
60820.00
60800.00
60800.00
60680.00
60560.00
60420.00
60200.00
60080.00
60060.00
60060.00
60080.00
60200.00
60200.00
60200.00
60080.00
59960.00
59880.00
59860.00
59800.00
59940.00
60120.00
60320.00
60440.00
60540.00
60600.00
60560.00
60580.00
60620.00
60680.00
60620.00
60840.00
60960.00
61020.00
61060.00
61140.00
61000.00
60900.00
60860.00
60760.00
60680.00
60620.00
60540.00
60460.00
60440.00
60380.00
60340.00
60500.00
60520.00
60500.00
60420.00
60440.00
60140.00
60000.00
59940.00
