10092.00
10122.00
10200.00
10300.00
10330.00
10360.00
10350.00
10380.00
10420.00
10510.00
10590.00
10630.00
10650.00
10630.00
10560.00
10500.00
10510.00
10570.00
10610.00
10660.00
10740.00
10770.00
10740.00
10770.00
10880.00
10930.00
10980.00
10990.00
10970.00
10910.00
10860.00
10830.00
10890.00
10970.00
10960.00
10990.00
11030.00
11000.00
10890.00
10840.00
10750.00
10710.00
10680.00
10730.00
10800.00
10900.00
10910.00
10910.00
10880.00
10840.00
10730.00
10710.00
10680.00
10660.00
10610.00
