171100.00
173300.00
176300.00
178400.00
179200.00
179800.00
179500.00
179700.00
180500.00
181200.00
181500.00
181900.00
181300.00
181700.00
181600.00
182400.00
183400.00
185200.00
185300.00
186200.00
185800.00
185800.00
184800.00
184400.00
184000.00
183700.00
183900.00
184800.00
186400.00
187300.00
187700.00
187200.00
185800.00
185000.00
185000.00
184900.00
185700.00
187900.00
188300.00
189100.00
190100.00
190500.00
189300.00
189300.00
189400.00
190300.00
191300.00
193200.00
194200.00
194800.00
194400.00
192900.00
191400.00
189700.00
186500.00
