335400.00
336700.00
338500.00
337000.00
337500.00
338100.00
338200.00
338900.00
340300.00
340000.00
340300.00
340600.00
340200.00
339000.00
337300.00
336000.00
334800.00
335600.00
335500.00
336900.00
338200.00
339100.00
337000.00
336700.00
336600.00
335900.00
335400.00
335800.00
336100.00
334700.00
333700.00
332700.00
331500.00
329200.00
327100.00
325100.00
323200.00
322600.00
322100.00
322200.00
323600.00
324700.00
325100.00
326300.00
327600.00
328100.00
329400.00
330000.00
330200.00
329600.00
327600.00
325900.00
325400.00
324200.00
323600.00
