10840.00
10880.00
10990.00
11130.00
11170.00
11230.00
11360.00
11480.00
11610.00
11710.00
11760.00
11810.00
11830.00
11800.00
11880.00
12000.00
12080.00
12110.00
12150.00
12280.00
12350.00
12460.00
12660.00
12860.00
12970.00
13180.00
13290.00
13320.00
13350.00
13360.00
13330.00
13330.00
13330.00
13400.00
13360.00
13260.00
13040.00
12870.00
12630.00
12460.00
12330.00
12340.00
12330.00
12320.00
12350.00
12330.00
12360.00
12370.00
12330.00
12410.00
12530.00
12660.00
12720.00
12790.00
12720.00
