26960.00
27490.00
28100.00
28710.00
28880.00
29210.00
29240.00
29170.00
29320.00
29690.00
29770.00
29830.00
29890.00
29750.00
29570.00
29470.00
29510.00
29720.00
30010.00
30160.00
30150.00
29870.00
29480.00
29030.00
28730.00
28650.00
28780.00
28910.00
29530.00
30100.00
30690.00
31260.00
31950.00
32180.00
32230.00
32310.00
32300.00
32180.00
31820.00
31410.00
30960.00
30600.00
30150.00
29820.00
29980.00
30020.00
29960.00
30060.00
30120.00
29830.00
29510.00
29270.00
29060.00
28830.00
28770.00
