45800.00
45900.00
45710.00
45650.00
45470.00
45720.00
45920.00
46340.00
46610.00
46920.00
46720.00
46300.00
45960.00
45880.00
45820.00
45890.00
46150.00
46580.00
47040.00
47490.00
47890.00
47830.00
47320.00
46830.00
46460.00
46040.00
45990.00
46100.00
46040.00
45910.00
45840.00
45800.00
45630.00
45390.00
45150.00
44630.00
44080.00
43640.00
43330.00
42890.00
42820.00
42780.00
42620.00
42530.00
42890.00
43170.00
43350.00
43610.00
43680.00
43390.00
42880.00
42390.00
41980.00
41530.00
41400.00
