33760.00
33710.00
33690.00
33620.00
33520.00
33460.00
33380.00
33290.00
33250.00
33350.00
33400.00
33490.00
33620.00
33800.00
33850.00
33930.00
33970.00
34150.00
34390.00
34840.00
35360.00
35960.00
36380.00
36780.00
37410.00
37990.00
38200.00
38420.00
38550.00
38290.00
37940.00
37990.00
38060.00
38100.00
38290.00
38690.00
39050.00
39400.00
39760.00
40000.00
40040.00
40080.00
40090.00
40110.00
40110.00
40100.00
40000.00
39890.00
39810.00
39730.00
39690.00
39730.00
39800.00
39870.00
39720.00
