55760.00
55840.00
56520.00
57140.00
57880.00
58440.00
58960.00
59220.00
59520.00
59520.00
59800.00
60700.00
61600.00
62400.00
63400.00
64500.00
65520.00
66800.00
68060.00
68920.00
69600.00
69720.00
69560.00
69200.00
68840.00
68640.00
68760.00
68540.00
68200.00
68220.00
68000.00
67360.00
67000.00
66780.00
66420.00
66340.00
66460.00
66900.00
67020.00
67100.00
66780.00
66440.00
65600.00
65380.00
65420.00
65500.00
65200.00
65240.00
64720.00
63640.00
62500.00
61880.00
61300.00
60640.00
60620.00
