26930.00
27140.00
27540.00
27880.00
28130.00
28340.00
28230.00
28030.00
27790.00
27630.00
27430.00
27370.00
27510.00
27610.00
27670.00
27750.00
27780.00
27720.00
27880.00
28110.00
28350.00
28810.00
29150.00
29220.00
29360.00
29650.00
29820.00
30120.00
30600.00
30770.00
30830.00
30750.00
30660.00
30590.00
30440.00
30430.00
30880.00
31370.00
31710.00
32200.00
32630.00
32540.00
32380.00
32380.00
32330.00
32280.00
32700.00
33580.00
34280.00
35260.00
36070.00
36680.00
37000.00
37440.00
37620.00
