24460.00
24580.00
24670.00
24660.00
24690.00
24890.00
24980.00
25010.00
25040.00
25070.00
25090.00
25280.00
25430.00
25460.00
25440.00
25440.00
25430.00
25470.00
25510.00
25510.00
25340.00
24940.00
24390.00
23850.00
23440.00
23190.00
23100.00
23200.00
23360.00
23470.00
23600.00
23620.00
23670.00
23700.00
23700.00
23710.00
23720.00
23640.00
23530.00
23450.00
23240.00
23020.00
22880.00
22760.00
22710.00
22940.00
23170.00
23280.00
23240.00
23160.00
22900.00
22670.00
22510.00
22430.00
22450.00
