20080.00
20240.00
20390.00
20680.00
20880.00
20900.00
20660.00
20390.00
19990.00
19630.00
19330.00
19150.00
19140.00
19180.00
19190.00
19390.00
19610.00
19780.00
19700.00
19690.00
19650.00
19580.00
19500.00
19570.00
19610.00
19570.00
19590.00
19570.00
19510.00
19380.00
19330.00
19230.00
19160.00
19130.00
19090.00
19190.00
19300.00
19380.00
19480.00
19640.00
19640.00
19700.00
19830.00
19950.00
20110.00
20400.00
20690.00
20940.00
20990.00
20930.00
20670.00
20390.00
20100.00
20010.00
20020.00
