56360.00
56540.00
56720.00
57300.00
57080.00
57160.00
57060.00
57040.00
57040.00
57400.00
57560.00
57780.00
58080.00
58120.00
58060.00
58100.00
58540.00
58920.00
59040.00
59440.00
59640.00
59360.00
59320.00
59580.00
59540.00
59560.00
60040.00
59240.00
58400.00
57500.00
56700.00
55380.00
55280.00
55080.00
54740.00
54500.00
54000.00
53480.00
52960.00
52400.00
51700.00
51620.00
51560.00
51540.00
51820.00
52140.00
52120.00
52140.00
52000.00
51800.00
51440.00
51380.00
51300.00
51060.00
50860.00
