10470.00
10580.00
10710.00
10850.00
10950.00
11000.00
10950.00
10900.00
10820.00
10790.00
10770.00
11010.00
11350.00
11720.00
12010.00
12290.00
12410.00
12420.00
12390.00
12350.00
12210.00
12080.00
11960.00
11850.00
11890.00
12050.00
12160.00
12310.00
12520.00
12600.00
12600.00
12630.00
12700.00
12680.00
12590.00
12570.00
12590.00
12500.00
12410.00
12400.00
12360.00
12240.00
12170.00
12150.00
12140.00
12240.00
12400.00
12520.00
12580.00
12650.00
12490.00
12330.00
12170.00
11900.00
11680.00
