439215.80
439509.80
442451.00
440686.40
439510.00
439216.00
436569.00
434118.00
434804.20
433823.80
433823.80
433039.40
431862.80
429117.60
427156.80
423627.20
422843.00
423235.20
423529.40
423823.40
427647.00
434803.80
439803.80
447058.60
453627.20
455784.00
455195.80
460293.80
464117.40
468039.00
473431.20
476960.60
477254.80
477745.00
479019.60
481666.60
485392.00
486372.40
484607.80
482352.80
478039.20
474313.80
472549.00
470294.00
470294.00
468627.20
465882.20
462647.00
459509.80
454804.00
451274.60
449019.60
444509.80
443431.40
442941.20
