42740.00
42310.00
41880.00
41700.00
41560.00
41580.00
41460.00
41410.00
41100.00
40930.00
40660.00
40760.00
40760.00
40900.00
40810.00
40730.00
40510.00
40420.00
40250.00
40330.00
40420.00
40610.00
40700.00
40780.00
40740.00
40790.00
40820.00
40850.00
40890.00
41090.00
41180.00
41290.00
41410.00
41470.00
41740.00
42140.00
42360.00
42640.00
42990.00
42890.00
42760.00
42720.00
42520.00
42440.00
42500.00
42510.00
42600.00
42730.00
42740.00
42710.00
42600.00
42450.00
42350.00
42250.00
41830.00
