40320.00
41100.00
41660.00
42360.00
42960.00
42670.00
42290.00
41650.00
41070.00
40320.00
40020.00
39520.00
39170.00
38690.00
38280.00
38000.00
37950.00
37950.00
37950.00
38010.00
38980.00
39550.00
39960.00
40180.00
40230.00
39580.00
39500.00
39390.00
39520.00
39920.00
40130.00
40170.00
40370.00
40580.00
40500.00
40550.00
40390.00
40220.00
39920.00
39850.00
39680.00
39440.00
39180.00
39000.00
38700.00
38560.00
38570.00
38390.00
38040.00
37590.00
36860.00
36520.00
37030.00
37560.00
38230.00
