189600.00
193500.00
194900.00
194400.00
194700.00
195000.00
194700.00
194600.00
194800.00
194500.00
193300.00
192300.00
192200.00
192300.00
192200.00
191600.00
191600.00
191500.00
188900.00
186400.00
184200.00
180700.00
176800.00
175900.00
176600.00
176500.00
177300.00
178600.00
179200.00
178400.00
178900.00
178700.00
178800.00
179400.00
179800.00
179900.00
180600.00
180200.00
179100.00
178300.00
177500.00
176000.00
175600.00
175600.00
175800.00
176500.00
178100.00
179200.00
179500.00
179500.00
178100.00
176200.00
174400.00
173000.00
172000.00
