12560.00
12700.00
12790.00
12850.00
12870.00
12910.00
13040.00
13200.00
13360.00
13520.00
13670.00
13720.00
13790.00
13800.00
13790.00
13660.00
13590.00
13470.00
13410.00
13270.00
13310.00
13300.00
13300.00
13360.00
13510.00
13580.00
13620.00
13660.00
13630.00
13660.00
13830.00
14040.00
14260.00
14570.00
14690.00
14800.00
14850.00
14850.00
14730.00
14770.00
14670.00
14650.00
14830.00
15070.00
15180.00
15280.00
15430.00
15440.00
15430.00
15580.00
15740.00
15730.00
15840.00
15900.00
15920.00
