7528.00
7502.00
7530.00
7616.00
7686.00
7820.00
8032.00
8282.00
8518.00
8768.00
8974.00
9010.00
9004.00
9010.00
9028.00
9006.00
9020.00
9032.00
9034.00
9078.00
9144.00
9176.00
9264.00
9488.00
9616.00
9742.00
9926.00
10076.00
10126.00
10116.00
10140.00
10130.00
10074.00
9976.00
9846.00
9718.00
9556.00
9482.00
9400.00
9352.00
9262.00
9284.00
9244.00
9226.00
9414.00
9622.00
9742.00
9842.00
9980.00
9956.00
9872.00
9812.00
9762.00
9592.00
9460.00
