39650.00
38970.00
38310.00
37690.00
37220.00
37400.00
37630.00
38270.00
39090.00
39720.00
40360.00
40970.00
41340.00
41310.00
41530.00
41580.00
41970.00
41920.00
42110.00
42190.00
42160.00
41710.00
41550.00
41760.00
41670.00
41630.00
41610.00
41620.00
41280.00
41270.00
41460.00
41690.00
41830.00
42090.00
42330.00
42380.00
42410.00
42560.00
42490.00
42230.00
42300.00
42190.00
42110.00
41990.00
42210.00
42310.00
42510.00
42870.00
42960.00
42700.00
41970.00
41320.00
40230.00
39390.00
38630.00
