29180.00
29190.00
29130.00
29150.00
29190.00
29610.00
29780.00
30000.00
30350.00
30490.00
30380.00
30250.00
30110.00
29480.00
29090.00
28730.00
28410.00
28080.00
28110.00
27910.00
27710.00
27430.00
27260.00
26950.00
26840.00
26770.00
26600.00
26390.00
26220.00
26060.00
25780.00
25760.00
25870.00
25920.00
25830.00
26310.00
26820.00
27210.00
27630.00
28030.00
27820.00
27590.00
27340.00
27140.00
26990.00
27080.00
27070.00
26920.00
26410.00
26240.00
25900.00
25620.00
25500.00
25600.00
25560.00
