58160.00
58840.00
59360.00
60160.00
60280.00
60360.00
60220.00
60620.00
60720.00
60520.00
60600.00
60460.00
59840.00
59440.00
59320.00
59140.00
59000.00
59020.00
60660.00
62520.00
64180.00
65300.00
66000.00
65380.00
66160.00
67080.00
69140.00
71700.00
73880.00
74220.00
74780.00
75000.00
75460.00
75800.00
75840.00
76440.00
76800.00
77300.00
78340.00
79720.00
81240.00
82820.00
83860.00
84460.00
85480.00
86260.00
86380.00
86980.00
87140.00
86580.00
85260.00
85340.00
84940.00
84760.00
85820.00
