120500.00
122700.00
124100.00
125700.00
126900.00
127900.00
126800.00
126500.00
125100.00
124100.00
123000.00
124100.00
125000.00
126200.00
126700.00
127600.00
127200.00
126900.00
126000.00
125300.00
124500.00
123900.00
123900.00
126200.00
129100.00
132200.00
134700.00
137400.00
138000.00
138500.00
138200.00
139200.00
139800.00
139600.00
139900.00
142200.00
143600.00
143400.00
146100.00
148500.00
150300.00
152700.00
155900.00
157500.00
157100.00
157500.00
156100.00
155000.00
151900.00
149900.00
145800.00
143400.00
141500.00
140400.00
140200.00
