126100.00
126300.00
126500.00
126200.00
125700.00
125300.00
125200.00
124900.00
124100.00
122900.00
121700.00
121100.00
120500.00
121100.00
122000.00
122700.00
123000.00
124200.00
125300.00
126800.00
127800.00
128300.00
128400.00
128200.00
128000.00
130700.00
133800.00
137000.00
140400.00
143200.00
144200.00
145800.00
147200.00
148200.00
148600.00
148800.00
148500.00
147300.00
146700.00
146600.00
146100.00
145300.00
145800.00
145500.00
145800.00
147800.00
149800.00
151100.00
152200.00
152800.00
151500.00
151300.00
151400.00
150900.00
151100.00
