381100.00
383700.00
386000.00
388900.00
391900.00
395500.00
397900.00
397500.00
398400.00
397200.00
397200.00
397200.00
400300.00
400900.00
401900.00
399500.00
397300.00
396800.00
393900.00
389200.00
386500.00
384600.00
380200.00
378400.00
379100.00
379400.00
379500.00
381000.00
382700.00
382500.00
381800.00
380000.00
376900.00
373700.00
372700.00
372700.00
375100.00
376900.00
377500.00
377000.00
375200.00
372800.00
370600.00
366800.00
360300.00
354700.00
350700.00
347600.00
346100.00
345600.00
344900.00
342100.00
336700.00
331000.00
327200.00
