14220.00
14890.00
15450.00
15980.00
16130.00
16260.00
16100.00
16140.00
16200.00
16260.00
16350.00
16370.00
16370.00
16360.00
16360.00
16160.00
16200.00
16200.00
16180.00
16310.00
16380.00
16220.00
16010.00
15760.00
15480.00
15350.00
15260.00
15240.00
15300.00
15470.00
15640.00
15850.00
15970.00
16010.00
15760.00
15700.00
15500.00
15510.00
15530.00
15610.00
15390.00
15350.00
15200.00
15130.00
15110.00
15330.00
15500.00
15720.00
15750.00
15930.00
15970.00
16190.00
16370.00
16500.00
16520.00
