26500.00
26390.00
26550.00
26800.00
27110.00
27340.00
27670.00
27810.00
28190.00
28430.00
28640.00
28770.00
29140.00
29150.00
29190.00
29230.00
29240.00
29260.00
29290.00
29560.00
29840.00
30100.00
30250.00
30420.00
30350.00
30200.00
30160.00
30070.00
30090.00
30080.00
30190.00
30290.00
30370.00
30280.00
30260.00
30170.00
29990.00
29930.00
29910.00
29900.00
29930.00
30060.00
30260.00
30560.00
30920.00
31290.00
31520.00
31630.00
31690.00
31570.00
31320.00
31140.00
30960.00
30740.00
30600.00
