9944.00
9954.00
9984.00
10024.00
10036.00
10050.00
10070.00
10120.00
10190.00
10270.00
10340.00
10370.00
10390.00
10390.00
10410.00
10440.00
10470.00
10490.00
10480.00
10480.00
10460.00
10480.00
10500.00
10550.00
10590.00
10600.00
10680.00
10760.00
10890.00
11000.00
11130.00
11130.00
11110.00
11070.00
10970.00
10970.00
11050.00
11110.00
11070.00
11090.00
11030.00
10940.00
10930.00
11010.00
11070.00
11130.00
11160.00
11090.00
10990.00
10910.00
10780.00
10690.00
10640.00
10520.00
10430.00
