11120.00
11470.00
11780.00
12080.00
12270.00
12290.00
12340.00
12360.00
12350.00
12340.00
12480.00
12520.00
12710.00
12920.00
13110.00
13060.00
13020.00
12990.00
12910.00
12800.00
12630.00
12490.00
12260.00
12130.00
12200.00
12430.00
12640.00
12920.00
13290.00
13610.00
13880.00
14310.00
14630.00
14770.00
14700.00
14640.00
14360.00
14110.00
13910.00
13870.00
13660.00
13520.00
13460.00
13460.00
13460.00
13660.00
13870.00
13950.00
13890.00
13780.00
13560.00
13430.00
13290.00
13070.00
12990.00
