24280.00
24160.00
24250.00
24400.00
24570.00
24730.00
24700.00
24570.00
24550.00
24480.00
24510.00
24910.00
25370.00
25780.00
26180.00
26350.00
26410.00
26510.00
26770.00
26800.00
26870.00
26870.00
26910.00
26750.00
26870.00
27600.00
28150.00
28760.00
29830.00
30980.00
31710.00
32500.00
33160.00
33360.00
33000.00
32780.00
32420.00
31990.00
31620.00
31910.00
31830.00
31760.00
31670.00
31620.00
31580.00
31800.00
32270.00
32680.00
32930.00
32820.00
32290.00
31810.00
31220.00
30710.00
30350.00
