15860.00
16130.00
16390.00
17090.00
17890.00
18400.00
18850.00
19190.00
19160.00
18840.00
18530.00
18330.00
18260.00
18130.00
18140.00
18030.00
17870.00
17800.00
17890.00
18010.00
18270.00
18350.00
18350.00
18220.00
18050.00
17830.00
17770.00
17760.00
17690.00
17650.00
17620.00
17570.00
17450.00
17420.00
17100.00
16660.00
16300.00
15890.00
15390.00
15150.00
15050.00
14940.00
14850.00
14880.00
14890.00
14980.00
15010.00
15040.00
14960.00
14910.00
14690.00
14520.00
14300.00
14140.00
14070.00
