20980.00
20690.00
20630.00
20470.00
20400.00
20370.00
20720.00
21130.00
21450.00
21650.00
21880.00
21710.00
21760.00
22180.00
22520.00
22750.00
22880.00
22860.00
22560.00
22460.00
22340.00
22320.00
22200.00
22100.00
21970.00
22090.00
22420.00
22780.00
23130.00
23750.00
24190.00
24400.00
24560.00
24750.00
24640.00
24620.00
24610.00
24700.00
24700.00
24850.00
24910.00
25000.00
25040.00
25230.00
25240.00
25280.00
25170.00
25120.00
24970.00
24800.00
24560.00
24430.00
25020.00
25140.00
25190.00
