9022.00
8908.00
8974.00
9068.00
9120.00
9106.00
9032.00
8910.00
8848.00
8904.00
8964.00
9146.00
9328.00
9446.00
9552.00
9630.00
9558.00
9508.00
9444.00
9346.00
9248.00
9286.00
9386.00
9534.00
9740.00
10000.00
10216.00
10380.00
10520.00
10590.00
10680.00
10810.00
11040.00
11220.00
11360.00
11560.00
11670.00
11580.00
11510.00
11480.00
11360.00
11360.00
11510.00
11580.00
11590.00
11600.00
11500.00
11380.00
11290.00
11300.00
11260.00
11410.00
11430.00
11470.00
11550.00
