31060.00
31500.00
31990.00
32390.00
32530.00
32880.00
33030.00
33120.00
33330.00
33570.00
33620.00
33620.00
33690.00
33540.00
33440.00
33320.00
33340.00
33230.00
33360.00
33500.00
33610.00
33630.00
33900.00
33560.00
32980.00
32420.00
31950.00
31360.00
31260.00
31380.00
31530.00
31620.00
31680.00
31780.00
31840.00
31800.00
31740.00
31640.00
31550.00
31300.00
31250.00
31140.00
31040.00
30970.00
31040.00
31040.00
31030.00
30970.00
30820.00
30740.00
30560.00
30420.00
30470.00
30570.00
30630.00
