28010.00
28270.00
28450.00
28520.00
28530.00
28410.00
28290.00
28220.00
28370.00
28530.00
28760.00
28850.00
29040.00
29280.00
29450.00
29390.00
29450.00
29470.00
29360.00
29440.00
29890.00
30300.00
30800.00
31260.00
31540.00
31520.00
31590.00
31520.00
31580.00
31620.00
31680.00
31730.00
31720.00
31540.00
31210.00
31010.00
30710.00
30550.00
30390.00
30310.00
30190.00
30120.00
30000.00
29980.00
30040.00
30100.00
30190.00
30200.00
30160.00
30130.00
30060.00
30030.00
29910.00
29810.00
29700.00
