107600.00
108800.00
110800.00
112200.00
112700.00
113300.00
112800.00
111900.00
110000.00
108100.00
106900.00
106500.00
105900.00
106700.00
108300.00
109200.00
109700.00
109800.00
109700.00
109300.00
111000.00
112800.00
115000.00
117800.00
120700.00
120700.00
120800.00
120600.00
118900.00
117800.00
117700.00
118100.00
119100.00
120500.00
120400.00
119800.00
117900.00
116100.00
114200.00
113200.00
112800.00
113200.00
113400.00
114000.00
115400.00
116800.00
117700.00
118400.00
118400.00
117500.00
116400.00
116900.00
117600.00
119400.00
121300.00
