9934.00
10088.00
10180.00
10210.00
10170.00
10130.00
10100.00
10080.00
10050.00
10090.00
10160.00
10190.00
10360.00
10490.00
10580.00
10660.00
10760.00
10720.00
10690.00
10670.00
10710.00
10750.00
10770.00
10810.00
10860.00
10870.00
10890.00
10940.00
10970.00
10990.00
11030.00
11060.00
11080.00
11120.00
11030.00
10920.00
10840.00
10750.00
10650.00
10620.00
10650.00
10620.00
10550.00
10450.00
10430.00
10330.00
10270.00
10270.00
10290.00
10320.00
10310.00
10320.00
10350.00
10360.00
10340.00
