19324.94
19753.26
20001.68
20327.18
20472.80
20558.46
20584.14
20644.10
20644.10
20746.88
20789.72
20746.90
20883.96
21115.24
21406.50
21663.48
22134.62
22597.18
23599.42
24507.42
25372.58
25835.14
26186.34
26152.06
26015.00
26143.50
26434.74
26648.90
26854.50
27317.06
27539.78
27616.88
27702.54
27608.30
27128.60
26700.30
26366.22
25972.18
25638.10
25372.56
25089.88
24790.06
24550.22
24156.20
23890.64
23719.32
23573.70
23333.84
23051.16
22794.18
22348.74
21920.44
21672.04
21406.48
21252.30
