350200.00
354300.00
357300.00
358000.00
356700.00
356200.00
355700.00
357300.00
359500.00
361900.00
363000.00
363700.00
363400.00
363400.00
365800.00
368900.00
372200.00
371500.00
368200.00
361700.00
356100.00
352300.00
351800.00
352800.00
353500.00
352500.00
351300.00
350100.00
350200.00
351800.00
355000.00
356700.00
358400.00
360300.00
360800.00
359400.00
359300.00
358200.00
356400.00
353600.00
352000.00
350100.00
348900.00
347600.00
348400.00
349700.00
350100.00
351000.00
350300.00
348100.00
344000.00
341100.00
336900.00
334300.00
332900.00
