45480.00
47320.00
48800.00
50040.00
50730.00
51280.00
51720.00
51840.00
51840.00
52380.00
52700.00
52540.00
52660.00
52760.00
52960.00
52640.00
52860.00
53300.00
54040.00
54820.00
56000.00
56260.00
56260.00
55980.00
55080.00
54360.00
54460.00
54560.00
54960.00
55880.00
56460.00
56540.00
56800.00
56740.00
55860.00
55440.00
54680.00
53920.00
53740.00
53580.00
52900.00
52760.00
52420.00
51620.00
51120.00
51080.00
50880.00
50520.00
49940.00
49560.00
48840.00
48300.00
47780.00
47290.00
47100.00
