11340.00
11470.00
11480.00
11470.00
11440.00
11500.00
11630.00
11770.00
11970.00
12060.00
12120.00
12300.00
12550.00
12900.00
13360.00
13670.00
13830.00
13890.00
13940.00
13940.00
13970.00
14140.00
14330.00
14380.00
14430.00
14750.00
15080.00
15570.00
15970.00
16310.00
16460.00
16370.00
16190.00
16120.00
16040.00
15880.00
15710.00
15750.00
15690.00
15800.00
16000.00
16260.00
16230.00
16250.00
16150.00
16030.00
15870.00
15770.00
15610.00
15040.00
14560.00
14090.00
13640.00
13140.00
13190.00
