64700.00
64720.00
64660.00
64560.00
64520.00
64480.00
64520.00
64560.00
64620.00
64600.00
64740.00
64880.00
65000.00
65080.00
65020.00
64900.00
64620.00
64480.00
64240.00
64040.00
63920.00
63940.00
63880.00
64000.00
64320.00
65000.00
65880.00
66700.00
67440.00
67820.00
67640.00
67240.00
66900.00
66640.00
66540.00
66600.00
66640.00
66720.00
66740.00
66820.00
66880.00
67020.00
67120.00
67260.00
67400.00
67600.00
67680.00
67660.00
67580.00
67480.00
67260.00
67180.00
67220.00
67260.00
67120.00
