119200.00
121800.00
121800.00
121700.00
121400.00
120600.00
119300.00
119900.00
120100.00
120000.00
119800.00
120200.00
118900.00
117300.00
115800.00
115100.00
113300.00
113100.00
112700.00
112700.00
111800.00
111800.00
111400.00
111300.00
111900.00
112400.00
113100.00
113500.00
114400.00
113700.00
113600.00
113900.00
113900.00
113400.00
113200.00
112900.00
111700.00
110500.00
109000.00
107300.00
106300.00
105400.00
104700.00
104300.00
103800.00
103000.00
102300.00
101500.00
100400.00
99900.00
98980.00
98040.00
97600.00
97180.00
97580.00
