18440.00
18370.00
18430.00
18540.00
18640.00
18770.00
18760.00
18700.00
18640.00
18550.00
18400.00
18370.00
18470.00
18560.00
18660.00
18870.00
19350.00
19720.00
20040.00
20400.00
20670.00
20610.00
20600.00
20670.00
20750.00
20780.00
20770.00
20780.00
20750.00
20850.00
21020.00
21260.00
21460.00
21680.00
21640.00
21660.00
21470.00
21230.00
21240.00
21440.00
21560.00
21910.00
22280.00
22540.00
22590.00
22810.00
23030.00
23210.00
23110.00
23170.00
22950.00
22650.00
22400.00
22370.00
22420.00
