67640.00
67240.00
67160.00
67380.00
67460.00
67120.00
66420.00
65420.00
64700.00
64520.00
64980.00
65560.00
66260.00
67000.00
67520.00
67640.00
67820.00
68080.00
68040.00
67740.00
68320.00
69000.00
69780.00
71140.00
72780.00
73600.00
74340.00
74840.00
74720.00
74420.00
73960.00
73540.00
73080.00
72980.00
73020.00
73960.00
74520.00
75180.00
75340.00
75200.00
74220.00
73440.00
72760.00
72080.00
71600.00
71740.00
71680.00
71560.00
71480.00
70940.00
69820.00
69120.00
68300.00
68100.00
68380.00
