36600.00
36750.00
37050.00
37650.00
38440.00
39450.00
40040.00
40330.00
40580.00
40220.00
39700.00
39420.00
39620.00
39160.00
38920.00
38820.00
38670.00
38240.00
37990.00
38130.00
38370.00
38470.00
38510.00
38580.00
38740.00
38840.00
39080.00
39550.00
40180.00
40850.00
41450.00
42120.00
42840.00
43520.00
43750.00
44380.00
45170.00
45400.00
45670.00
46170.00
46500.00
46270.00
46270.00
46330.00
46070.00
45620.00
45490.00
46290.00
46700.00
46950.00
47300.00
47770.00
47450.00
47650.00
48170.00
