21810.00
21790.00
21950.00
22120.00
22230.00
22450.00
22530.00
22590.00
22520.00
22470.00
22400.00
22330.00
22230.00
22310.00
22510.00
22670.00
22800.00
22970.00
23130.00
23310.00
23600.00
23950.00
24220.00
24600.00
24930.00
25310.00
25790.00
26330.00
26690.00
27280.00
27770.00
27860.00
27900.00
27920.00
27640.00
27630.00
27770.00
27750.00
27470.00
27300.00
26950.00
26810.00
26740.00
27020.00
27120.00
27130.00
27150.00
27120.00
26790.00
26500.00
26200.00
26010.00
25900.00
25730.00
25560.00
