145800.00
147000.00
147600.00
149300.00
149700.00
150200.00
149100.00
147200.00
144700.00
143300.00
141600.00
140200.00
139500.00
139600.00
139600.00
139700.00
140900.00
141600.00
144100.00
147100.00
149100.00
150500.00
153000.00
153100.00
151600.00
150700.00
151300.00
150900.00
152300.00
155000.00
157300.00
158700.00
160400.00
159800.00
157800.00
156000.00
153500.00
150600.00
148700.00
147500.00
146900.00
146700.00
146600.00
147300.00
147200.00
147900.00
148300.00
149800.00
149300.00
149600.00
147700.00
146300.00
144000.00
142400.00
141000.00
