185200.00
185600.00
185500.00
185800.00
186100.00
185600.00
185000.00
184300.00
184100.00
183900.00
184200.00
183300.00
181900.00
179000.00
176300.00
173100.00
172100.00
171400.00
171200.00
170900.00
170200.00
168400.00
167100.00
167300.00
167500.00
168700.00
170000.00
171100.00
171100.00
172200.00
173300.00
173900.00
174400.00
174500.00
172800.00
171100.00
169900.00
169000.00
167600.00
166900.00
166100.00
165100.00
164700.00
166400.00
167300.00
170600.00
175400.00
179900.00
183100.00
187400.00
188200.00
187700.00
186700.00
184200.00
180700.00
