101560.00
101660.00
102060.00
102800.00
104100.00
105600.00
107300.00
108500.00
110200.00
110600.00
110700.00
110700.00
111000.00
111300.00
112800.00
114500.00
115700.00
116400.00
116500.00
115600.00
114800.00
114500.00
116000.00
117600.00
120200.00
122300.00
123700.00
124000.00
124000.00
123600.00
123400.00
123500.00
123100.00
123000.00
121500.00
120200.00
119100.00
118400.00
117500.00
117400.00
117300.00
117300.00
117400.00
118200.00
119500.00
122800.00
126500.00
130300.00
132800.00
134300.00
133400.00
132100.00
130900.00
129600.00
128500.00
