118300.00
118000.00
118100.00
118300.00
118400.00
118900.00
119500.00
119400.00
119500.00
119800.00
120100.00
120800.00
122600.00
123900.00
125400.00
125900.00
128900.00
131900.00
137000.00
141800.00
146000.00
146200.00
145400.00
143000.00
140700.00
139900.00
140100.00
141100.00
142400.00
142300.00
142900.00
143400.00
144300.00
145000.00
145700.00
144200.00
142400.00
139800.00
137100.00
135200.00
133700.00
134800.00
136900.00
139700.00
141700.00
145400.00
145800.00
144300.00
141600.00
140200.00
137300.00
135600.00
135200.00
135300.00
136900.00
