57240.00
57560.00
57780.00
57960.00
58220.00
58920.00
59920.00
60800.00
62340.00
63840.00
64760.00
65120.00
65680.00
66080.00
66080.00
65940.00
66260.00
66600.00
66280.00
66440.00
66900.00
66640.00
66400.00
66320.00
66200.00
66020.00
66360.00
66820.00
67220.00
67460.00
67740.00
67840.00
67640.00
67460.00
66780.00
65820.00
64700.00
63960.00
63260.00
62600.00
62260.00
62260.00
61980.00
61760.00
61800.00
61940.00
61980.00
62120.00
62220.00
62400.00
62160.00
62000.00
61680.00
61200.00
61180.00
