9418.00
9440.00
9496.00
9470.00
9444.00
9420.00
9432.00
9470.00
9518.00
9588.00
9668.00
9730.00
9802.00
9870.00
9906.00
9902.00
9864.00
9832.00
9804.00
9818.00
9860.00
9932.00
9974.00
10016.00
10004.00
9982.00
9954.00
9916.00
9866.00
9844.00
9818.00
9784.00
9782.00
9808.00
9802.00
9852.00
9936.00
9986.00
9998.00
10024.00
9994.00
9960.00
9950.00
9972.00
9980.00
10008.00
10018.00
10008.00
9952.00
9894.00
9826.00
9742.00
9636.00
9486.00
9430.00
9384.00
9350.00
9358.00
9456.00
9464.00
9470.00
9470.00
9446.00
9432.00
9464.00
9512.00
9576.00
9646.00
9678.00
9702.00
9744.00
9786.00
9824.00
9866.00
9898.00
9888.00
9860.00
9848.00
9848.00
9844.00
9836.00
9844.00
9830.00
9780.00
9736.00
9688.00
9602.00
9494.00
9442.00
9438.00
9410.00
9420.00
9444.00
9438.00
9374.00
9350.00
9322.00
9286.00
9268.00
9284.00
9320.00
9304.00
9308.00
9366.00
9410.00
9448.00
9550.00
9664.00
9740.00
9800.00
9828.00
9856.00
9874.00
9866.00
9854.00
9842.00
9804.00
9770.00
9748.00
9730.00
9726.00
9720.00
9620.00
9532.00
9458.00
9410.00
9386.00
9504.00
9594.00
9668.00
9706.00
9754.00
9714.00
9662.00
9606.00
9540.00
9464.00
9360.00
9244.00
9134.00
9042.00
8932.00
8716.00
8520.00
8456.00
8476.00
8502.00
8686.00
8930.00
9090.00
9094.00
9044.00
9012.00
9000.00
8950.00
8918.00
8960.00
8954.00
8812.00
8628.00
8502.00
8330.00
8178.00
8110.00
8080.00
8034.00
8020.00
8026.00
7996.00
8002.00
8058.00
8118.00
8154.00
8216.00
8262.00
8252.00
8240.00
8228.00
8182.00
8096.00
8070.00
7958.00
7894.00
7856.00
7840.00
7788.00
7822.00
7842.00
7844.00
7878.00
7898.00
7894.00
7874.00
7886.00
7858.00
7866.00
7900.00
7964.00
7964.00
7938.00
7908.00
7862.00
7808.00
7850.00
7978.00
8054.00
8174.00
8258.00
8294.00
8258.00
8246.00
8212.00
8226.00
8230.00
8246.00
8236.00
8234.00
8212.00
8200.00
8198.00
8216.00
8200.00
8162.00
8122.00
8022.00
7946.00
7840.00
7752.00
7690.00
7698.00
7708.00
7794.00
7908.00
7978.00
8044.00
8100.00
8128.00
8124.00
8114.00
8116.00
8150.00
