2013.60
2023.20
2035.20
2063.20
2088.80
2116.80
2143.20
2162.40
2156.80
2153.60
2140.00
2124.80
2115.20
2118.40
2129.60
2140.80
2136.80
2135.20
2132.80
2121.60
2116.80
2130.40
2140.80
2143.20
2148.00
2144.80
2136.80
2123.20
2110.40
2097.60
2088.80
2082.40
2079.20
2076.80
2064.80
2056.80
2036.00
2016.00
1993.60
1983.20
1971.20
1972.80
1970.40
1970.40
1959.20
1944.80
1922.40
1908.00
1888.80
1884.80
1884.80
1896.00
1908.00
1932.00
1946.40
1964.00
1978.40
1986.40
1989.60
2008.80
2033.60
2057.60
2081.60
2107.20
2112.80
2094.40
2073.60
2056.00
2030.40
2010.40
2011.20
2015.20
2015.20
2025.60
2039.20
2056.00
2088.80
2118.40
2155.20
2188.80
2204.00
2186.40
2181.60
2170.40
2164.80
2175.20
2200.00
2212.00
2224.80
2228.80
2218.40
2200.80
2183.20
2156.00
2132.80
2124.00
2124.80
2127.20
2119.20
2115.20
2105.60
2090.40
2073.60
2081.60
2084.00
2084.80
2084.00
2080.80
2074.40
2068.00
2062.40
2064.00
2076.00
2088.80
2108.80
2130.40
2146.40
2152.00
2150.40
2152.00
2150.40
2145.60
2130.40
2104.00
2068.80
2031.20
2004.00
1993.60
1994.40
1990.40
1989.60
1989.60
2007.20
2029.60
2070.40
2104.00
2128.00
2148.80
2162.40
2138.40
2133.60
2129.60
2095.20
2066.40
2058.40
2038.40
2020.00
2013.60
2005.60
2000.80
2004.00
2017.60
2032.00
2044.00
2047.20
2040.00
2017.60
1998.40
1980.80
1969.60
1964.00
1969.60
1973.60
1977.60
1981.60
1979.20
1972.00
1966.40
1963.20
1964.00
1969.60
1981.60
1996.80
2008.80
2014.40
2022.40
2020.00
2014.40
2008.80
2009.60
2008.00
2012.80
2017.60
2019.20
2019.20
2016.80
2014.40
2012.00
2013.60
2015.20
2016.00
2018.40
2020.00
2016.80
2010.40
2005.60
1993.60
1984.00
1981.60
1981.60
1981.60
1986.40
1986.40
1984.00
1980.00
1977.60
1973.60
1970.40
1956.80
1947.20
1936.00
1925.60
1918.40
1912.80
1892.00
1872.00
1844.00
1827.20
1824.80
1832.00
1728.00
1611.20
1488.00
1348.80
1198.40
1160.80
1142.40
1114.40
1099.20
1104.00
1116.80
1132.00
1149.60
1155.20
1160.00
1151.20
1134.40
1113.60
1104.80
1092.80
1089.60
