79640.00
80200.00
81020.00
81520.00
81600.00
81900.00
82080.00
82420.00
82760.00
82900.00
82820.00
82980.00
82860.00
82900.00
83060.00
83360.00
83600.00
83760.00
83780.00
83780.00
83780.00
83600.00
83900.00
84080.00
84900.00
85680.00
86440.00
86900.00
87420.00
87260.00
86980.00
86880.00
86560.00
86140.00
85540.00
85880.00
86240.00
86720.00
87200.00
87820.00
87640.00
87620.00
87880.00
88880.00
90060.00
91100.00
91620.00
91660.00
90640.00
89160.00
87340.00
85740.00
84500.00
83300.00
82620.00
82720.00
82840.00
82980.00
83300.00
83320.00
83260.00
83200.00
83360.00
83780.00
84500.00
84980.00
85760.00
85960.00
85740.00
85340.00
84880.00
84120.00
83460.00
82680.00
81920.00
81520.00
81000.00
80640.00
80340.00
80020.00
79580.00
78860.00
78160.00
77620.00
77180.00
76980.00
77260.00
77140.00
77000.00
76820.00
76060.00
75340.00
75380.00
75460.00
75460.00
75440.00
75180.00
74340.00
73900.00
73200.00
72700.00
72400.00
72360.00
72300.00
72540.00
73100.00
73200.00
73280.00
73040.00
73040.00
72940.00
73580.00
74060.00
74380.00
74380.00
74560.00
74200.00
74000.00
74060.00
74340.00
74460.00
75040.00
75300.00
75180.00
74820.00
74640.00
74080.00
73640.00
73480.00
72940.00
72180.00
71840.00
71400.00
71080.00
71300.00
71540.00
71220.00
70900.00
70640.00
70300.00
69760.00
69260.00
68380.00
66900.00
64980.00
63460.00
61980.00
61140.00
60520.00
60560.00
59940.00
59800.00
59680.00
59900.00
59820.00
59900.00
59500.00
58980.00
58560.00
58600.00
58840.00
59240.00
59840.00
60540.00
60720.00
60920.00
61220.00
61580.00
61680.00
62240.00
62720.00
63120.00
63140.00
63240.00
63020.00
62920.00
62600.00
62460.00
61960.00
61420.00
61280.00
60980.00
60540.00
60360.00
60400.00
59740.00
59680.00
60240.00
60940.00
61660.00
62760.00
63580.00
63860.00
64020.00
63980.00
63720.00
63560.00
63400.00
63220.00
63060.00
63080.00
63260.00
63740.00
64180.00
64620.00
64900.00
65140.00
64980.00
64920.00
64680.00
65180.00
65240.00
65360.00
65300.00
65400.00
64920.00
64900.00
65440.00
65980.00
66540.00
66720.00
67000.00
66900.00
66820.00
66620.00
66740.00
66140.00
65520.00
65160.00
65060.00
64740.00
64820.00
64940.00
64920.00
64740.00
64600.00
64660.00
64840.00
65140.00
65460.00
66040.00
