7228.00
7380.00
7514.00
7678.00
7732.00
7762.00
7776.00
7806.00
7828.00
7878.00
7896.00
7912.00
7922.00
7888.00
7868.00
7846.00
7820.00
7796.00
7780.00
7762.00
7760.00
7762.00
7764.00
7784.00
7804.00
7808.00
7832.00
7876.00
7902.00
7918.00
7952.00
7936.00
7914.00
7912.00
7886.00
7868.00
7882.00
7894.00
7896.00
7916.00
7912.00
7902.00
7898.00
7912.00
7936.00
7954.00
7972.00
7986.00
7978.00
7984.00
7992.00
8010.00
8026.00
8054.00
8070.00
8086.00
8096.00
8102.00
8112.00
8124.00
8142.00
8148.00
8160.00
8162.00
8162.00
8158.00
8166.00
8168.00
8162.00
8206.00
8336.00
8454.00
8678.00
8858.00
8990.00
9046.00
9130.00
9108.00
9130.00
9134.00
9118.00
9086.00
9074.00
9092.00
9136.00
9232.00
9320.00
9354.00
9416.00
9434.00
9364.00
9310.00
9268.00
9188.00
9090.00
9038.00
8988.00
8954.00
8914.00
8946.00
9018.00
9088.00
9168.00
9240.00
9298.00
9342.00
9364.00
9384.00
9376.00
9418.00
9418.00
9398.00
9346.00
9344.00
9284.00
9218.00
9172.00
9140.00
9116.00
9126.00
9144.00
9292.00
9692.00
9976.00
10138.00
10278.00
10324.00
10154.00
10020.00
10000.00
9970.00
9904.00
9860.00
9822.00
9706.00
9654.00
9562.00
9976.00
10448.00
10694.00
10782.00
11010.00
11050.00
11110.00
11290.00
11490.00
11580.00
11330.00
10970.00
10770.00
10600.00
10460.00
10290.00
10240.00
10190.00
10290.00
10320.00
10400.00
10390.00
10370.00
10320.00
10420.00
10540.00
10730.00
10920.00
11060.00
11130.00
11130.00
11130.00
11180.00
11210.00
11270.00
11360.00
11410.00
11380.00
11390.00
11310.00
11230.00
11160.00
11150.00
11130.00
11170.00
11150.00
11040.00
10960.00
10910.00
10840.00
10790.00
10850.00
10890.00
10900.00
10990.00
11160.00
11370.00
11680.00
12050.00
12390.00
12710.00
12950.00
13150.00
13280.00
13440.00
13610.00
13770.00
13890.00
14050.00
14150.00
14210.00
14330.00
14360.00
14400.00
14330.00
14330.00
14340.00
14320.00
14230.00
14200.00
14040.00
13800.00
13630.00
13440.00
13240.00
13110.00
13040.00
12910.00
12820.00
12750.00
12620.00
12470.00
12380.00
12330.00
12310.00
12360.00
12490.00
12560.00
12680.00
12770.00
12810.00
12760.00
12860.00
12910.00
