33700.00
34100.00
34390.00
34210.00
34130.00
34280.00
34290.00
34420.00
34790.00
35100.00
35360.00
35700.00
36040.00
36030.00
35930.00
35750.00
35670.00
35610.00
35630.00
35880.00
36170.00
36340.00
36470.00
36450.00
36530.00
36430.00
36150.00
35780.00
35670.00
35490.00
35430.00
35450.00
35700.00
36050.00
36240.00
36210.00
36040.00
35660.00
35110.00
34530.00
34220.00
34170.00
34140.00
34100.00
34120.00
34280.00
34300.00
34400.00
34440.00
34590.00
34410.00
34290.00
34240.00
34290.00
34460.00
34790.00
34990.00
35350.00
35940.00
36410.00
37120.00
37890.00
38630.00
39260.00
39840.00
40170.00
40740.00
41180.00
41580.00
41960.00
42390.00
42660.00
42980.00
42960.00
43050.00
43540.00
43960.00
44160.00
44330.00
44600.00
44350.00
43920.00
43410.00
43220.00
42830.00
42420.00
42270.00
42200.00
42260.00
42050.00
41890.00
41580.00
41400.00
41200.00
41120.00
41070.00
41150.00
40800.00
40370.00
40300.00
40450.00
40440.00
41170.00
41830.00
42280.00
42260.00
42460.00
42330.00
42370.00
42280.00
42450.00
42490.00
42700.00
42800.00
43060.00
43350.00
43680.00
43580.00
43470.00
43070.00
42830.00
42710.00
42780.00
42860.00
43120.00
43160.00
43080.00
43010.00
42760.00
42700.00
42750.00
42810.00
42800.00
42900.00
43150.00
43210.00
43270.00
43270.00
43520.00
43490.00
43380.00
43220.00
43310.00
42870.00
42530.00
42570.00
42700.00
42790.00
43210.00
43530.00
43640.00
43650.00
43490.00
43280.00
42940.00
42690.00
42410.00
42180.00
42210.00
42510.00
42780.00
43140.00
43570.00
43740.00
43750.00
43740.00
43580.00
43430.00
43510.00
43580.00
43650.00
43800.00
43870.00
43850.00
44360.00
44770.00
45170.00
45440.00
45710.00
45550.00
45350.00
45040.00
44610.00
44110.00
43740.00
43190.00
42720.00
42330.00
41870.00
41400.00
41070.00
40800.00
40720.00
40730.00
40560.00
40710.00
40920.00
41060.00
41480.00
41830.00
42060.00
42230.00
42510.00
42530.00
42610.00
42750.00
42870.00
42960.00
43140.00
43160.00
43230.00
43350.00
43460.00
43470.00
43650.00
43770.00
43970.00
44060.00
44130.00
44300.00
44110.00
43700.00
43510.00
43280.00
43120.00
43230.00
43370.00
43580.00
43840.00
44090.00
44220.00
44440.00
44560.00
44760.00
44700.00
44750.00
44810.00
44820.00
44790.00
44720.00
44640.00
