12690.00
12600.00
12550.00
12460.00
12340.00
12360.00
12380.00
12350.00
12350.00
12360.00
12340.00
12330.00
12340.00
12330.00
12340.00
12340.00
12330.00
12340.00
12360.00
12380.00
12420.00
12470.00
12560.00
12640.00
12700.00
12720.00
12710.00
12700.00
12700.00
12710.00
12750.00
12790.00
12770.00
12740.00
12720.00
12770.00
12790.00
12900.00
12960.00
13040.00
13030.00
13100.00
13090.00
13100.00
13100.00
13080.00
13000.00
12920.00
12870.00
12770.00
12710.00
12660.00
12610.00
12560.00
12520.00
12490.00
12460.00
12430.00
12410.00
12420.00
12420.00
12430.00
12460.00
12470.00
12470.00
12450.00
12430.00
12420.00
12430.00
12430.00
12430.00
12430.00
12380.00
12410.00
12460.00
12540.00
12650.00
12810.00
12900.00
13160.00
13370.00
13520.00
13540.00
13540.00
13390.00
13280.00
13240.00
13300.00
13290.00
13260.00
13290.00
13270.00
13230.00
13190.00
13170.00
13020.00
12860.00
12740.00
12680.00
12580.00
12610.00
12720.00
12820.00
12990.00
13180.00
13340.00
13420.00
13450.00
13370.00
13290.00
13180.00
13080.00
13050.00
13070.00
13080.00
13030.00
12970.00
12960.00
12980.00
13030.00
13140.00
13300.00
13280.00
13230.00
13150.00
13040.00
12870.00
12800.00
12750.00
12690.00
12660.00
12660.00
12720.00
12740.00
12770.00
12760.00
12750.00
12660.00
12600.00
12610.00
12640.00
12590.00
12490.00
12190.00
11700.00
11360.00
11120.00
10900.00
10860.00
10940.00
10910.00
10820.00
10780.00
10800.00
10830.00
10850.00
10800.00
10810.00
10820.00
10780.00
10730.00
10830.00
10890.00
10960.00
11030.00
11090.00
11110.00
11120.00
11070.00
11080.00
11110.00
11150.00
11190.00
11240.00
11260.00
11260.00
11220.00
11120.00
11020.00
10940.00
10880.00
10830.00
10830.00
10820.00
10820.00
10780.00
10770.00
10780.00
10790.00
10780.00
10790.00
10820.00
10860.00
10910.00
10980.00
11050.00
11100.00
11110.00
11100.00
11110.00
11140.00
11160.00
11190.00
11270.00
11500.00
11680.00
11780.00
11850.00
11870.00
11660.00
11440.00
11330.00
11230.00
11120.00
11020.00
11000.00
10990.00
11010.00
11070.00
11140.00
11170.00
11130.00
11100.00
11060.00
11020.00
11000.00
11010.00
11020.00
11030.00
11060.00
11100.00
11150.00
11200.00
11260.00
11340.00
11370.00
11330.00
11250.00
11180.00
11090.00
11040.00
