846.80
850.40
856.20
861.80
865.40
869.00
871.40
874.20
877.20
889.00
897.20
904.80
912.20
922.20
923.20
925.00
925.60
922.40
915.20
910.80
907.80
908.60
925.60
945.80
955.00
961.20
972.80
973.80
974.00
984.20
1000.00
1005.00
1009.00
1010.00
1007.60
1003.40
999.40
993.80
989.80
991.20
993.40
996.40
999.40
1000.20
994.20
987.20
978.40
968.00
958.80
950.00
944.40
945.40
948.40
952.20
955.60
958.60
959.40
963.80
966.40
971.40
974.40
974.40
968.60
964.60
961.20
960.20
961.40
965.80
968.60
973.00
974.40
983.20
987.80
990.20
988.20
984.40
973.60
972.60
973.40
974.40
972.80
978.40
1000.80
1010.80
1023.20
1038.80
1037.00
1006.40
982.20
959.80
939.60
922.60
908.60
898.60
888.20
883.40
882.40
884.60
889.40
893.40
892.80
898.80
907.00
917.00
925.00
931.40
934.20
935.00
935.20
936.20
936.40
934.00
930.00
924.80
921.00
916.40
913.40
911.20
912.00
909.20
907.00
907.60
903.00
893.00
888.80
886.40
885.60
885.40
888.00
882.20
875.20
865.60
861.00
856.80
859.00
861.00
857.40
841.20
829.40
818.80
806.60
798.00
782.20
760.20
740.40
728.60
727.40
750.20
779.80
805.20
823.40
832.00
837.60
839.40
838.00
837.40
830.80
824.40
818.00
814.80
816.80
825.60
832.60
839.00
846.40
847.80
849.20
850.20
852.00
853.20
856.00
857.40
859.40
861.00
862.00
862.40
861.40
859.20
856.20
848.40
842.80
840.40
835.60
828.60
826.00
817.80
803.80
797.60
795.60
794.20
796.00
801.00
800.00
793.40
780.40
769.40
765.80
763.20
763.80
770.80
774.60
772.00
770.20
769.20
768.80
771.00
771.80
773.20
774.40
775.80
774.60
774.60
773.40
769.60
763.40
754.20
749.20
745.00
741.20
736.00
733.80
729.00
723.60
719.60
718.80
721.00
724.40
729.20
732.20
736.00
739.20
741.40
743.40
747.40
753.40
759.20
764.60
766.20
766.80
765.00
765.40
