6912.00
6932.00
6962.00
7014.00
7076.00
7132.00
7176.00
7200.00
7214.00
7216.00
7212.00
7178.00
7152.00
7104.00
7052.00
6988.00
6972.00
6986.00
6994.00
6998.00
7000.00
6976.00
6918.00
6878.00
6850.00
6818.00
6790.00
6774.00
6768.00
6760.00
6758.00
6752.00
6742.00
6706.00
6656.00
6580.00
6518.00
6450.00
6360.00
6278.00
6218.00
6154.00
6104.00
6084.00
6086.00
6100.00
6110.00
6106.00
6102.00
6088.00
6064.00
6022.00
5994.00
5968.00
5956.00
5964.00
5992.00
6018.00
6054.00
6086.00
6116.00
6140.00
6164.00
6202.00
6236.00
6256.00
6280.00
6292.00
6264.00
6242.00
6228.00
6208.00
6178.00
6194.00
6190.00
6164.00
6134.00
6144.00
6126.00
6110.00
6112.00
6122.00
6084.00
6020.00
5974.00
5932.00
5886.00
5868.00
5868.00
5858.00
5844.00
5840.00
5800.00
5742.00
5684.00
5604.00
5514.00
5460.00
5422.00
5392.00
5400.00
5412.00
5422.00
5454.00
5492.00
5502.00
5516.00
5538.00
5536.00
5528.00
5540.00
5550.00
5560.00
5584.00
5600.00
5604.00
5606.00
5598.00
5584.00
5572.00
5554.00
5524.00
5470.00
5416.00
5366.00
5330.00
5302.00
5302.00
5302.00
5288.00
5270.00
5260.00
5564.00
5728.00
5856.00
6052.00
6222.00
6036.00
6004.00
6050.00
5948.00
5856.00
5698.00
5450.00
5218.00
5110.00
5018.00
5024.00
5114.00
5204.00
5210.00
5230.00
5268.00
5310.00
5298.00
5348.00
5356.00
5388.00
5374.00
5372.00
5352.00
5370.00
5358.00
5386.00
5412.00
5428.00
5430.00
5438.00
5460.00
5504.00
5568.00
5630.00
5692.00
5748.00
5774.00
5788.00
5784.00
5766.00
5720.00
5656.00
5596.00
5544.00
5490.00
5432.00
5398.00
5370.00
5480.00
5534.00
5574.00
5602.00
5610.00
5496.00
5434.00
5410.00
5394.00
5374.00
5342.00
5328.00
5312.00
5280.00
5242.00
5218.00
5208.00
5208.00
5228.00
5252.00
5278.00
5286.00
5304.00
5312.00
5322.00
5328.00
5326.00
5288.00
5222.00
5168.00
5114.00
5066.00
5038.00
5033.00
5039.00
5031.00
5021.00
5003.00
5001.00
4991.00
4989.00
4986.00
4987.00
4982.00
4975.00
4981.00
5002.00
5025.00
5051.00
5066.00
5072.00
5066.00
5068.00
5068.00
5086.00
