5794.00
5774.00
5740.00
5730.00
5700.00
5710.00
5692.00
5722.00
5732.00
5754.00
5744.00
5710.00
5646.00
5602.00
5554.00
5506.00
5470.00
5456.00
5420.00
5398.00
5396.00
5404.00
5392.00
5398.00
5396.00
5406.00
5420.00
5432.00
5428.00
5436.00
5464.00
5498.00
5542.00
5572.00
5568.00
5570.00
5574.00
5568.00
5586.00
5624.00
5602.00
5574.00
5538.00
5480.00
5482.00
5490.00
5488.00
5488.00
5488.00
5442.00
5386.00
5338.00
5296.00
5254.00
5212.00
5212.00
5202.00
5190.00
5184.00
5184.00
5176.00
5166.00
5162.00
5172.00
5180.00
5198.00
5210.00
5218.00
5200.00
5178.00
5138.00
5106.00
5082.00
5078.00
5060.00
5040.00
5034.00
5040.00
5032.00
5024.00
5011.00
4959.00
4891.00
4804.00
4724.00
4639.00
4579.00
4523.00
4491.00
4458.00
4413.00
4381.00
4338.00
4295.00
4227.00
4177.00
4125.00
4090.00
4063.00
4090.00
4105.00
4125.00
4141.00
4177.00
4183.00
4211.00
4238.00
4282.00
4291.00
4306.00
4313.00
4314.00
4284.00
4245.00
4204.00
4180.00
4149.00
4123.00
4113.00
4088.00
4034.00
3982.00
3915.00
3851.00
3807.00
3774.00
3744.00
3722.00
3693.00
3654.00
3617.00
3601.00
3598.00
3606.00
3599.00
3585.00
3542.00
3484.00
3432.00
3425.00
3426.00
3412.00
3381.00
3335.00
3270.00
3229.00
3219.00
3223.00
3234.00
3236.00
3199.00
3179.00
3189.00
3200.00
3223.00
3258.00
3249.00
3232.00
3222.00
3216.00
3217.00
3236.00
3255.00
3266.00
3266.00
3263.00
3273.00
3284.00
3302.00
3326.00
3343.00
3348.00
3343.00
3339.00
3316.00
3302.00
3282.00
3258.00
3206.00
3155.00
3106.00
3057.00
3017.00
3002.00
3004.00
2999.00
3000.00
3004.00
3000.00
2997.00
2984.00
2975.00
2970.00
2972.00
2957.00
2948.00
2935.00
2913.00
2889.00
2868.00
2849.00
2830.00
2834.00
2841.00
2861.00
2892.00
2928.00
2946.00
2957.00
2950.00
2952.00
2943.00
2919.00
2901.00
2882.00
2848.00
2827.00
2838.00
2847.00
2866.00
2880.00
2883.00
2857.00
2827.00
2797.00
2769.00
2745.00
2730.00
2718.00
2736.00
2755.00
2761.00
2790.00
2818.00
2828.00
2841.00
2862.00
2863.00
2862.00
2850.00
2839.00
