12090.00
12080.00
12130.00
12190.00
12260.00
12340.00
12420.00
12490.00
12570.00
12610.00
12640.00
12690.00
12820.00
12970.00
13130.00
13300.00
13530.00
13690.00
13830.00
13890.00
13940.00
13930.00
13900.00
13860.00
13890.00
13910.00
13880.00
13850.00
13800.00
13710.00
13550.00
13450.00
13380.00
13320.00
13290.00
13290.00
13290.00
13260.00
13150.00
13040.00
12930.00
12840.00
12770.00
12800.00
12840.00
12960.00
13050.00
13110.00
13140.00
13130.00
13020.00
12860.00
12720.00
12600.00
12510.00
12490.00
12510.00
12510.00
12530.00
12580.00
12660.00
12720.00
12800.00
12880.00
12940.00
12980.00
13010.00
13070.00
13100.00
13130.00
13150.00
13150.00
13090.00
13060.00
12980.00
12870.00
12820.00
12840.00
12820.00
12820.00
12860.00
12850.00
12800.00
12740.00
12700.00
12660.00
12640.00
12660.00
12660.00
12660.00
12620.00
12590.00
12470.00
12390.00
12300.00
12220.00
12140.00
12100.00
12050.00
12020.00
12070.00
12160.00
12250.00
12380.00
12500.00
12520.00
12490.00
12480.00
12430.00
12390.00
12380.00
12400.00
12370.00
12350.00
12330.00
12330.00
12330.00
12350.00
12370.00
12360.00
12330.00
12290.00
12250.00
12210.00
12190.00
12160.00
12150.00
12150.00
12140.00
12130.00
12090.00
12020.00
11990.00
11980.00
11960.00
11970.00
11990.00
11900.00
11800.00
11670.00
11520.00
11370.00
11210.00
10980.00
10830.00
10710.00
10620.00
10650.00
10760.00
10880.00
11020.00
11130.00
11240.00
11280.00
11260.00
11180.00
11060.00
10910.00
10830.00
10740.00
10730.00
10790.00
10870.00
10940.00
10980.00
11040.00
11080.00
11120.00
11210.00
11350.00
11440.00
11520.00
11590.00
11620.00
11630.00
11620.00
11610.00
11600.00
11570.00
11600.00
11650.00
11680.00
11700.00
11730.00
11720.00
11690.00
11690.00
11700.00
11720.00
11700.00
11720.00
11770.00
11850.00
11940.00
12120.00
12280.00
12400.00
12490.00
12570.00
12590.00
12600.00
12530.00
12510.00
12480.00
12470.00
12410.00
12450.00
12450.00
12440.00
12420.00
12480.00
12520.00
12550.00
12570.00
12580.00
12580.00
12580.00
12570.00
12580.00
12580.00
12540.00
12500.00
12460.00
12410.00
12390.00
12380.00
12370.00
12350.00
12330.00
12290.00
12250.00
12220.00
12220.00
12230.00
12260.00
12260.00
12270.00
12290.00
12330.00
12350.00
12420.00
