5238.00
5302.00
5352.00
5480.00
5618.00
5716.00
5936.00
6134.00
6254.00
6318.00
6388.00
6366.00
6412.00
6514.00
6586.00
6614.00
6614.00
6582.00
6552.00
6600.00
6688.00
6768.00
6850.00
6850.00
6834.00
6810.00
6768.00
6710.00
6640.00
6542.00
6474.00
6418.00
6382.00
6380.00
6296.00
6194.00
6098.00
6006.00
5900.00
5860.00
5818.00
5812.00
5792.00
5828.00
5850.00
5874.00
5954.00
6002.00
5964.00
5968.00
5962.00
5864.00
5800.00
5758.00
5734.00
5744.00
5768.00
5802.00
5850.00
5882.00
5886.00
5878.00
5888.00
5912.00
5934.00
5972.00
6014.00
6022.00
6012.00
6008.00
6004.00
5996.00
5980.00
5978.00
5962.00
5938.00
5918.00
5912.00
5904.00
5878.00
5850.00
5792.00
5726.00
5654.00
5608.00
5600.00
5616.00
5660.00
5702.00
5726.00
5712.00
5696.00
5624.00
5582.00
5598.00
5602.00
5612.00
5656.00
5662.00
5638.00
5658.00
5726.00
5796.00
5904.00
6002.00
6062.00
6052.00
6064.00
6034.00
6018.00
6008.00
6018.00
6066.00
6130.00
6148.00
6164.00
6166.00
6130.00
6082.00
6028.00
5982.00
5986.00
5932.00
5848.00
5820.00
5800.00
5748.00
5730.00
5754.00
5754.00
5748.00
5748.00
5758.00
5770.00
5770.00
5740.00
5710.00
5562.00
5438.00
5328.00
5199.00
5034.00
4870.00
4711.00
4598.00
4623.00
4662.00
4828.00
4975.00
5220.00
5370.00
5646.00
5856.00
6076.00
6164.00
6188.00
6070.00
6020.00
5942.00
5798.00
5720.00
5668.00
5590.00
5518.00
5522.00
5498.00
5476.00
5494.00
5640.00
5834.00
6036.00
6242.00
6432.00
6576.00
6778.00
6996.00
7156.00
7314.00
7352.00
7248.00
7152.00
7042.00
6944.00
6814.00
6712.00
6628.00
6600.00
6566.00
6540.00
6506.00
6408.00
6356.00
6240.00
6216.00
6142.00
6106.00
6044.00
6030.00
6040.00
6062.00
6082.00
6076.00
6084.00
6092.00
6118.00
6124.00
6144.00
6148.00
6098.00
6060.00
5986.00
5928.00
5844.00
5730.00
5616.00
5558.00
5508.00
5502.00
5538.00
5580.00
5622.00
5632.00
5620.00
5588.00
5556.00
5524.00
5508.00
5492.00
5494.00
5510.00
5528.00
5548.00
5566.00
5588.00
5626.00
5652.00
5674.00
5702.00
5714.00
5698.00
5692.00
