3727.00
3709.00
3706.00
3717.00
3733.00
3759.00
3793.00
3839.00
3926.00
4074.00
4158.00
4222.00
4264.00
4254.00
4176.00
4206.00
4252.00
4294.00
4350.00
4418.00
4443.00
4479.00
4597.00
4749.00
4875.00
4982.00
5054.00
5046.00
4969.00
4973.00
4975.00
4983.00
5083.00
5188.00
5132.00
5096.00
5084.00
5002.00
4893.00
4900.00
4916.00
4931.00
4894.00
4925.00
4930.00
4932.00
4914.00
4936.00
4927.00
4923.00
4888.00
4841.00
4768.00
4678.00
4614.00
4610.00
4626.00
4656.00
4701.00
4758.00
4791.00
4829.00
4873.00
4929.00
4980.00
4998.00
5000.00
5001.00
4981.00
4930.00
4894.00
4864.00
4833.00
4853.00
4888.00
4950.00
5018.00
5090.00
5102.00
5083.00
5065.00
5024.00
4942.00
4853.00
4801.00
4731.00
4679.00
4642.00
4608.00
4561.00
4493.00
4435.00
4388.00
4356.00
4344.00
4363.00
4379.00
4339.00
4312.00
4290.00
4263.00
4246.00
4309.00
4404.00
4481.00
4558.00
4609.00
4660.00
4660.00
4637.00
4622.00
4613.00
4573.00
4557.00
4563.00
4551.00
4549.00
4552.00
4537.00
4513.00
4476.00
4452.00
4406.00
4355.00
4311.00
4292.00
4261.00
4254.00
4259.00
4261.00
4256.00
4247.00
4237.00
4227.00
4202.00
4164.00
4102.00
4044.00
3993.00
3964.00
3949.00
3961.00
3940.00
3886.00
3828.00
3787.00
3759.00
3778.00
3828.00
3885.00
3910.00
3920.00
3917.00
3918.00
3915.00
3909.00
3894.00
3873.00
3849.00
3817.00
3801.00
3786.00
3790.00
3801.00
3814.00
3822.00
3831.00
3835.00
3835.00
3835.00
3839.00
3843.00
3843.00
3848.00
3892.00
3931.00
3962.00
3989.00
3999.00
3973.00
3956.00
3935.00
3895.00
3847.00
3800.00
3750.00
3717.00
3708.00
3714.00
3715.00
3715.00
3711.00
3701.00
3690.00
3671.00
3641.00
3616.00
3596.00
3579.00
3568.00
3571.00
3574.00
3582.00
3592.00
3599.00
3608.00
3619.00
3623.00
3628.00
3637.00
3635.00
3631.00
3623.00
3598.00
3569.00
3547.00
3530.00
3509.00
3500.00
3494.00
3477.00
3447.00
3430.00
3409.00
3390.00
3381.00
3367.00
3342.00
3330.00
3328.00
3331.00
3353.00
3379.00
3404.00
3420.00
3430.00
3429.00
3426.00
3424.00
3413.00
3405.00
