83400.00
83280.00
83420.00
83860.00
84080.00
84060.00
84080.00
84100.00
83920.00
83680.00
83440.00
83260.00
83000.00
82760.00
82580.00
82480.00
82320.00
82280.00
82280.00
82360.00
82440.00
82620.00
83060.00
83500.00
83940.00
84400.00
84660.00
84660.00
84580.00
84360.00
84200.00
84200.00
84160.00
84120.00
84220.00
84200.00
84160.00
84000.00
83840.00
83620.00
83440.00
83320.00
83280.00
83280.00
83240.00
83300.00
83180.00
83080.00
83000.00
82920.00
82660.00
82600.00
82540.00
82420.00
82400.00
82520.00
82620.00
82720.00
82720.00
82660.00
83900.00
84900.00
86660.00
92200.00
97340.00
101140.00
103320.00
103700.00
100420.00
97220.00
93760.00
91440.00
90200.00
89060.00
87980.00
87020.00
86780.00
86760.00
86380.00
86240.00
86380.00
86620.00
87540.00
88240.00
89580.00
90700.00
91260.00
90320.00
89700.00
88740.00
87780.00
86940.00
86900.00
87120.00
87260.00
87320.00
87800.00
89000.00
89840.00
90360.00
91860.00
93500.00
94060.00
95100.00
95580.00
96340.00
96600.00
96720.00
96700.00
97260.00
96380.00
94560.00
92760.00
90720.00
88940.00
87320.00
86760.00
86580.00
86880.00
86740.00
86660.00
87200.00
87140.00
86540.00
86320.00
86640.00
86260.00
86180.00
86320.00
86240.00
85700.00
85480.00
85460.00
85560.00
85660.00
85720.00
85440.00
84840.00
84260.00
83740.00
83200.00
82960.00
83180.00
83100.00
83300.00
83860.00
83900.00
84200.00
84520.00
84700.00
84620.00
85060.00
85200.00
85560.00
85800.00
85980.00
85940.00
85760.00
85880.00
85920.00
85800.00
85980.00
86220.00
86200.00
86320.00
86660.00
86820.00
86940.00
86940.00
87080.00
87240.00
87440.00
87640.00
87960.00
87860.00
87460.00
86800.00
86480.00
85780.00
85520.00
85780.00
86320.00
86280.00
86380.00
86200.00
85940.00
85500.00
85360.00
85320.00
85500.00
85420.00
85520.00
85500.00
85760.00
85620.00
85540.00
85400.00
85300.00
85040.00
85400.00
85900.00
86520.00
88220.00
89420.00
90440.00
91440.00
92100.00
91840.00
91660.00
91460.00
90860.00
90420.00
90000.00
89400.00
88420.00
88100.00
88240.00
87860.00
88080.00
88240.00
88080.00
87500.00
87220.00
86760.00
87020.00
87520.00
87420.00
87660.00
88180.00
87880.00
87200.00
86660.00
85800.00
85060.00
84940.00
84900.00
85940.00
87180.00
88480.00
88880.00
89440.00
