4895.00
4944.00
4985.00
4993.00
4959.00
4924.00
4897.00
4879.00
4900.00
4927.00
4936.00
4934.00
4927.00
4917.00
4904.00
4883.00
4872.00
4882.00
4885.00
4896.00
4918.00
4935.00
4938.00
4932.00
4922.00
4911.00
4904.00
4895.00
4890.00
4888.00
4889.00
4891.00
4904.00
4911.00
4911.00
4910.00
4908.00
4895.00
4895.00
4915.00
4937.00
4977.00
4997.00
5021.00
5021.00
5017.00
4991.00
4976.00
4940.00
4925.00
4899.00
4877.00
4867.00
4873.00
4870.00
4887.00
4906.00
4929.00
4943.00
4957.00
4964.00
4963.00
4958.00
4952.00
4949.00
4947.00
4955.00
4957.00
4953.00
4940.00
4924.00
4908.00
4897.00
4889.00
4890.00
4887.00
4887.00
4885.00
4881.00
4874.00
4874.00
4849.00
4816.00
4772.00
4729.00
4685.00
4658.00
4637.00
4629.00
4621.00
4609.00
4587.00
4557.00
4528.00
4484.00
4437.00
4418.00
4433.00
4461.00
4512.00
4571.00
4611.00
4630.00
4644.00
4659.00
4667.00
4668.00
4668.00
4659.00
4638.00
4623.00
4610.00
4606.00
4598.00
4586.00
4566.00
4537.00
4502.00
4476.00
4431.00
4391.00
4369.00
4321.00
4251.00
4203.00
4158.00
4118.00
4118.00
4156.00
4177.00
4192.00
4196.00
4180.00
4141.00
4119.00
4092.00
4055.00
4009.00
3966.00
3932.00
3913.00
3906.00
3903.00
3887.00
3884.00
3884.00
3880.00
3879.00
3859.00
3815.00
3772.00
3722.00
3679.00
3668.00
3661.00
3636.00
3602.00
3541.00
3482.00
3416.00
3350.00
3309.00
3288.00
3273.00
3284.00
3302.00
3307.00
3324.00
3343.00
3359.00
3374.00
3394.00
3409.00
3421.00
3418.00
3409.00
3395.00
3374.00
3334.00
3288.00
3252.00
3220.00
3190.00
3170.00
3163.00
3154.00
3152.00
3160.00
3168.00
3170.00
3171.00
3168.00
3158.00
3151.00
3139.00
3130.00
3131.00
3127.00
3122.00
3122.00
3124.00
3116.00
3117.00
3126.00
3143.00
3173.00
3219.00
3255.00
3281.00
3287.00
3272.00
3240.00
3209.00
3186.00
3162.00
3149.00
3143.00
3152.00
3159.00
3167.00
3169.00
3168.00
3152.00
3129.00
3104.00
3076.00
3061.00
3072.00
3085.00
3111.00
3140.00
3152.00
3147.00
3143.00
3138.00
3128.00
3123.00
3109.00
3097.00
3085.00
3078.00
