61920.00
61560.00
61480.00
61620.00
61620.00
62240.00
62740.00
63460.00
64180.00
64680.00
64380.00
64220.00
64060.00
63920.00
64180.00
64360.00
64580.00
64560.00
64720.00
65060.00
65760.00
66320.00
67020.00
67060.00
66740.00
66300.00
65720.00
65400.00
65440.00
65460.00
65260.00
65140.00
64660.00
64820.00
64980.00
65120.00
65080.00
65020.00
64180.00
63600.00
63000.00
62860.00
62720.00
62700.00
62440.00
62740.00
62740.00
62640.00
62720.00
62720.00
62320.00
61900.00
61860.00
61720.00
61720.00
61800.00
62000.00
62060.00
62060.00
62120.00
62300.00
62500.00
62680.00
62800.00
63020.00
63120.00
63180.00
63220.00
63340.00
63380.00
63580.00
63760.00
63960.00
63960.00
63880.00
63760.00
63820.00
63700.00
63720.00
63780.00
63760.00
63300.00
62860.00
62360.00
61860.00
61460.00
61620.00
61920.00
62120.00
62320.00
62460.00
62280.00
62060.00
62020.00
62180.00
62260.00
62460.00
62540.00
62700.00
62720.00
62800.00
62800.00
63000.00
63100.00
63260.00
63400.00
63560.00
63660.00
63800.00
63800.00
63800.00
63820.00
63660.00
63580.00
63380.00
63200.00
62880.00
62880.00
62880.00
62980.00
63060.00
63220.00
63200.00
62900.00
62780.00
62660.00
62540.00
62300.00
62200.00
61800.00
61360.00
61140.00
61120.00
61120.00
61140.00
61200.00
61000.00
60560.00
60420.00
60300.00
60120.00
60040.00
59740.00
59500.00
59220.00
58880.00
58340.00
58480.00
58080.00
58040.00
57940.00
58120.00
58060.00
58260.00
58280.00
58560.00
58580.00
58640.00
58660.00
58680.00
58680.00
58840.00
58820.00
58780.00
58740.00
58660.00
58520.00
59080.00
59560.00
60120.00
60600.00
61120.00
61020.00
60900.00
60700.00
60300.00
59640.00
59120.00
58740.00
58300.00
58120.00
58180.00
58020.00
57760.00
57580.00
57520.00
57480.00
57540.00
57640.00
57680.00
57660.00
57620.00
57600.00
57520.00
57440.00
57400.00
57360.00
57280.00
57300.00
57440.00
57400.00
57400.00
57440.00
57500.00
57520.00
57640.00
57780.00
57900.00
58080.00
58220.00
58360.00
58660.00
58940.00
58920.00
58620.00
58320.00
57980.00
57840.00
57940.00
58260.00
58440.00
58460.00
58480.00
58120.00
57840.00
57840.00
57740.00
57440.00
57500.00
57460.00
57040.00
56860.00
56640.00
56420.00
56360.00
56500.00
56560.00
56800.00
57100.00
57360.00
57740.00
