107200.00
107800.00
108800.00
109200.00
108800.00
108000.00
106600.00
106000.00
106100.00
105600.00
106000.00
106700.00
106500.00
105700.00
105900.00
105300.00
104600.00
104600.00
104200.00
103400.00
103200.00
103400.00
103300.00
104000.00
105300.00
106000.00
105900.00
106300.00
106400.00
105700.00
106200.00
106900.00
106900.00
107200.00
107800.00
108500.00
109500.00
110600.00
111200.00
111800.00
111700.00
111100.00
110900.00
110900.00
110900.00
110800.00
111200.00
111600.00
111400.00
110500.00
109200.00
107700.00
105700.00
103900.00
103400.00
103700.00
103600.00
104300.00
106200.00
107400.00
108200.00
109700.00
110900.00
111400.00
112100.00
112400.00
112400.00
112100.00
111300.00
110600.00
110400.00
110000.00
109300.00
109200.00
108600.00
108300.00
108000.00
107900.00
107400.00
106900.00
105900.00
104300.00
103100.00
101880.00
101380.00
101180.00
101780.00
101780.00
101900.00
101500.00
100800.00
100200.00
100400.00
100800.00
100800.00
100400.00
99920.00
98900.00
97680.00
96940.00
96840.00
96800.00
96940.00
97300.00
97460.00
98020.00
98000.00
98140.00
98140.00
98380.00
98100.00
98260.00
98260.00
98040.00
97700.00
97540.00
97380.00
97260.00
97100.00
97020.00
96840.00
96980.00
96780.00
96680.00
96420.00
96380.00
96500.00
96260.00
96240.00
96120.00
95740.00
95280.00
95380.00
95440.00
95460.00
94820.00
93800.00
92340.00
90640.00
89260.00
88260.00
86640.00
84160.00
82400.00
80600.00
79500.00
79460.00
80760.00
81420.00
82200.00
82420.00
82460.00
82700.00
83280.00
84140.00
85240.00
86220.00
87040.00
87560.00
87820.00
87920.00
87860.00
87880.00
88120.00
87980.00
87740.00
87340.00
86800.00
86140.00
86100.00
86320.00
86900.00
87380.00
88000.00
88280.00
88180.00
87900.00
87920.00
87580.00
87360.00
87580.00
87720.00
87780.00
88160.00
88160.00
87300.00
86520.00
85920.00
85380.00
85320.00
85940.00
86480.00
86700.00
86800.00
86720.00
86360.00
85960.00
85820.00
85660.00
85760.00
87160.00
88660.00
90060.00
91400.00
92240.00
91640.00
91000.00
89900.00
88920.00
87920.00
87980.00
88300.00
88920.00
89720.00
90800.00
91440.00
92520.00
94120.00
95700.00
97940.00
99840.00
101340.00
101980.00
102300.00
101800.00
101900.00
101200.00
101100.00
101300.00
102300.00
103100.00
104600.00
106000.00
107100.00
107500.00
107400.00
107500.00
107600.00
107900.00
107700.00
107900.00
