55260.00
56340.00
57280.00
58120.00
58900.00
59620.00
60200.00
60620.00
60940.00
60840.00
60640.00
60520.00
60620.00
60940.00
61280.00
61260.00
61460.00
61660.00
62080.00
62660.00
63560.00
64000.00
64160.00
63840.00
63320.00
62960.00
62720.00
62780.00
62900.00
62980.00
63200.00
62920.00
62720.00
62460.00
61340.00
59480.00
58020.00
56100.00
54100.00
52880.00
52240.00
51640.00
51100.00
50740.00
50660.00
50720.00
50820.00
51040.00
51000.00
51160.00
51120.00
51060.00
50940.00
50980.00
51360.00
51780.00
52180.00
52840.00
53500.00
53800.00
54120.00
54340.00
54360.00
54580.00
54320.00
54020.00
53820.00
53660.00
52940.00
52560.00
52220.00
51900.00
51340.00
51320.00
51640.00
51920.00
52060.00
52460.00
52500.00
51960.00
51480.00
50600.00
49600.00
48670.00
47810.00
47500.00
47640.00
48220.00
48890.00
49470.00
49660.00
50040.00
49880.00
49860.00
50160.00
50060.00
49900.00
50300.00
50620.00
50880.00
51340.00
51760.00
52240.00
52720.00
53320.00
54000.00
54660.00
54780.00
54820.00
55020.00
55020.00
54760.00
55120.00
55220.00
54960.00
54740.00
54660.00
54420.00
54480.00
54000.00
53720.00
53480.00
52560.00
51150.00
50380.00
49720.00
49010.00
48570.00
48580.00
48210.00
47550.00
47010.00
46530.00
46070.00
45810.00
45420.00
44860.00
44320.00
43850.00
43400.00
43020.00
42730.00
42060.00
41340.00
40490.00
40020.00
39660.00
39980.00
40100.00
40250.00
40150.00
40300.00
40240.00
40350.00
40690.00
40890.00
40620.00
40450.00
40360.00
40120.00
40290.00
40620.00
40810.00
41030.00
41410.00
41620.00
41800.00
42470.00
43210.00
44460.00
45600.00
46750.00
47220.00
47690.00
47460.00
47480.00
47150.00
47140.00
46800.00
46650.00
46290.00
46290.00
46110.00
45710.00
45410.00
44930.00
44600.00
44520.00
44780.00
44890.00
44910.00
44950.00
44620.00
44570.00
44140.00
44020.00
43650.00
43470.00
43220.00
43180.00
43070.00
43090.00
43380.00
43730.00
44140.00
44550.00
45020.00
45060.00
44850.00
44520.00
44340.00
44150.00
44110.00
43910.00
43740.00
43430.00
43210.00
42890.00
42770.00
42610.00
42290.00
41800.00
41510.00
41110.00
40810.00
40760.00
40750.00
40880.00
41190.00
41850.00
42490.00
42970.00
43060.00
43070.00
42870.00
42630.00
42510.00
42510.00
42580.00
42560.00
42480.00
