19210.00
19340.00
19440.00
19570.00
19750.00
19880.00
19850.00
19920.00
19970.00
20050.00
20070.00
20190.00
20200.00
20310.00
20310.00
20340.00
20290.00
20300.00
20150.00
20090.00
20060.00
20130.00
20270.00
20480.00
20640.00
20820.00
20950.00
21100.00
21250.00
21370.00
21450.00
21560.00
21690.00
21670.00
21320.00
21190.00
20910.00
20390.00
20040.00
20090.00
19890.00
19790.00
19790.00
19870.00
19840.00
19840.00
19810.00
19960.00
19970.00
19940.00
19900.00
19760.00
19480.00
19310.00
19250.00
19240.00
19340.00
19410.00
19360.00
19290.00
19270.00
19210.00
19150.00
19140.00
19150.00
19070.00
19080.00
19070.00
19050.00
19080.00
19130.00
19120.00
19140.00
19170.00
19150.00
19100.00
19100.00
19060.00
19050.00
19030.00
19030.00
18970.00
18920.00
18810.00
18770.00
18750.00
18740.00
18660.00
18490.00
18260.00
17890.00
17580.00
17390.00
17290.00
17110.00
17070.00
16970.00
16890.00
16740.00
16760.00
16770.00
16840.00
16910.00
17060.00
17170.00
17270.00
17340.00
17310.00
17290.00
17250.00
17270.00
17290.00
17320.00
17340.00
17310.00
17210.00
17150.00
17120.00
17150.00
17180.00
17190.00
17200.00
17180.00
17150.00
17150.00
17200.00
17220.00
17270.00
17210.00
17070.00
17050.00
17040.00
17010.00
17050.00
17100.00
17050.00
16990.00
16700.00
16470.00
16280.00
16130.00
15970.00
15930.00
15740.00
15690.00
15630.00
15620.00
15780.00
16020.00
16040.00
15930.00
15880.00
15790.00
15700.00
15760.00
15920.00
15930.00
15840.00
15760.00
15630.00
15500.00
15440.00
15530.00
15630.00
15640.00
15540.00
15470.00
15360.00
15250.00
15260.00
15380.00
15470.00
15550.00
15600.00
15570.00
15560.00
15520.00
15450.00
15370.00
15340.00
15310.00
15310.00
15350.00
15440.00
15480.00
15440.00
15370.00
15290.00
15200.00
15160.00
15180.00
15210.00
15250.00
15280.00
15230.00
15160.00
15110.00
15040.00
14980.00
15010.00
15030.00
15010.00
15050.00
15080.00
15040.00
15010.00
15020.00
14980.00
14950.00
14960.00
15010.00
15030.00
15070.00
15120.00
15210.00
15240.00
15290.00
15340.00
15350.00
15360.00
15390.00
15390.00
15400.00
15460.00
15500.00
15490.00
15540.00
15540.00
15530.00
15510.00
15530.00
15510.00
15570.00
15610.00
15620.00
15610.00
15580.00
15480.00
15420.00
15400.00
15410.00
