24370.00
24420.00
24600.00
24940.00
25080.00
25380.00
25590.00
25710.00
25740.00
25840.00
25810.00
25780.00
25770.00
25720.00
25720.00
25730.00
25870.00
25980.00
26040.00
26150.00
26420.00
26540.00
26630.00
26860.00
27150.00
27230.00
27290.00
27410.00
27490.00
27420.00
27370.00
27430.00
27410.00
27390.00
27290.00
27220.00
26980.00
26810.00
26620.00
26590.00
26540.00
26600.00
26770.00
26950.00
27120.00
27460.00
27870.00
28170.00
28330.00
28500.00
28290.00
27970.00
27660.00
27450.00
27180.00
27150.00
27100.00
27030.00
26990.00
26960.00
26940.00
27000.00
27100.00
27180.00
27340.00
27420.00
27410.00
27380.00
27370.00
27320.00
27250.00
27260.00
27260.00
27200.00
27050.00
27050.00
27040.00
27140.00
27300.00
27570.00
27750.00
27790.00
27690.00
27410.00
27040.00
26600.00
26400.00
26180.00
26000.00
25770.00
25690.00
25450.00
25210.00
25100.00
25070.00
24960.00
25000.00
25060.00
25250.00
25370.00
25400.00
25360.00
25310.00
25280.00
25350.00
25500.00
25630.00
25760.00
25790.00
25800.00
25840.00
25880.00
25960.00
25980.00
25940.00
25940.00
25940.00
25950.00
25910.00
25950.00
25950.00
26010.00
25980.00
25980.00
25960.00
25960.00
25890.00
25840.00
25770.00
25590.00
25380.00
25190.00
25050.00
24930.00
24860.00
24680.00
24550.00
24390.00
24420.00
24400.00
24400.00
24250.00
24030.00
23570.00
23180.00
22910.00
22720.00
22580.00
22410.00
22350.00
22360.00
22390.00
22510.00
22750.00
22920.00
23030.00
23010.00
23010.00
22990.00
22820.00
22660.00
22700.00
22710.00
22820.00
22950.00
23050.00
23060.00
23030.00
22910.00
22860.00
22810.00
22800.00
22800.00
22830.00
22850.00
22850.00
22820.00
22800.00
22740.00
22690.00
22640.00
22570.00
22490.00
22390.00
22340.00
22250.00
22230.00
22200.00
22230.00
22240.00
22290.00
22290.00
22290.00
22290.00
22230.00
22150.00
22050.00
21980.00
21900.00
21830.00
21860.00
21910.00
21980.00
22030.00
22150.00
22200.00
22250.00
22240.00
22190.00
22110.00
21860.00
21580.00
21250.00
20940.00
20580.00
20410.00
20270.00
20240.00
20230.00
20260.00
20280.00
20250.00
20180.00
20060.00
19910.00
19690.00
19590.00
19500.00
19470.00
19450.00
19540.00
19580.00
19660.00
19780.00
19940.00
20060.00
20160.00
20200.00
20260.00
20300.00
20320.00
