40690.00
40750.00
40880.00
40940.00
40930.00
41010.00
40990.00
41020.00
41220.00
41390.00
41800.00
42270.00
42710.00
43020.00
43230.00
43120.00
42920.00
42660.00
42460.00
42350.00
42360.00
42390.00
42490.00
42570.00
42660.00
42750.00
42980.00
43230.00
43750.00
44140.00
44250.00
44300.00
44340.00
44060.00
43730.00
43640.00
43450.00
43240.00
43060.00
43070.00
43040.00
43200.00
43250.00
43260.00
43180.00
43180.00
43130.00
42990.00
42970.00
42980.00
42820.00
42530.00
42410.00
42220.00
42060.00
42100.00
42190.00
42320.00
42390.00
42450.00
42500.00
42520.00
42590.00
43410.00
43770.00
44110.00
44420.00
44640.00
44090.00
43990.00
43850.00
43630.00
43460.00
43250.00
43070.00
42920.00
42880.00
42820.00
42860.00
42910.00
42880.00
42690.00
42500.00
42300.00
42190.00
42190.00
42350.00
42480.00
42800.00
42980.00
42930.00
42820.00
42730.00
42560.00
42460.00
42450.00
42450.00
42480.00
42390.00
42210.00
42070.00
42040.00
42010.00
42040.00
42310.00
42560.00
42840.00
43230.00
43470.00
43520.00
43640.00
43630.00
43470.00
43370.00
43220.00
43550.00
43530.00
43540.00
43810.00
44080.00
43810.00
43970.00
44330.00
44340.00
44580.00
44820.00
45070.00
44890.00
44980.00
45070.00
45000.00
44780.00
44750.00
44560.00
44200.00
43860.00
43620.00
43250.00
42970.00
42730.00
42600.00
42440.00
42090.00
41450.00
40950.00
40570.00
40200.00
40080.00
40100.00
40100.00
39970.00
39870.00
40150.00
40460.00
40510.00
40670.00
40700.00
40610.00
40590.00
40660.00
40690.00
41390.00
41730.00
42450.00
42590.00
42770.00
42190.00
41700.00
40850.00
40600.00
40270.00
40150.00
40110.00
40010.00
39910.00
39890.00
39780.00
39620.00
39510.00
39500.00
39490.00
39490.00
39450.00
39320.00
38990.00
38680.00
38490.00
38380.00
38350.00
38430.00
38480.00
38540.00
38560.00
38670.00
38700.00
38740.00
38690.00
38680.00
38580.00
38510.00
38440.00
38490.00
38570.00
38670.00
38870.00
39090.00
39170.00
39130.00
39080.00
39040.00
38950.00
38920.00
38990.00
38930.00
38710.00
38430.00
38180.00
38000.00
37960.00
37960.00
38000.00
38040.00
37980.00
37830.00
37730.00
37720.00
37680.00
37730.00
37840.00
38000.00
38110.00
38160.00
38210.00
38390.00
38560.00
38710.00
38930.00
39220.00
39580.00
39770.00
39950.00
