16970.00
17040.00
17140.00
17280.00
17500.00
17730.00
18040.00
18320.00
18530.00
18610.00
18620.00
18490.00
18420.00
18390.00
18370.00
18400.00
18480.00
18470.00
18460.00
18500.00
18470.00
18520.00
18540.00
18580.00
18590.00
18720.00
18770.00
18880.00
18970.00
19030.00
19020.00
19000.00
18960.00
18900.00
18860.00
18780.00
18660.00
18480.00
18320.00
18160.00
18020.00
17900.00
17880.00
17870.00
17850.00
17860.00
17950.00
18000.00
18000.00
18080.00
18070.00
18020.00
18010.00
18020.00
17890.00
17780.00
17650.00
17560.00
17450.00
17460.00
17500.00
17550.00
17580.00
17660.00
17800.00
18030.00
18220.00
18410.00
18540.00
18570.00
18590.00
18620.00
18630.00
18660.00
18730.00
18710.00
18700.00
18620.00
18560.00
18440.00
18290.00
18150.00
18070.00
17910.00
17820.00
17710.00
17670.00
17560.00
17530.00
17430.00
17390.00
17280.00
17230.00
17290.00
17260.00
17170.00
17110.00
17100.00
16930.00
16870.00
16850.00
16820.00
16850.00
16940.00
17070.00
17220.00
17300.00
17290.00
17240.00
17150.00
17090.00
17100.00
17070.00
17130.00
17150.00
17160.00
17170.00
17240.00
17270.00
17300.00
17320.00
17290.00
17200.00
17150.00
17090.00
17030.00
16980.00
16970.00
16890.00
16840.00
16930.00
16970.00
16990.00
17070.00
17100.00
17000.00
16960.00
16820.00
16620.00
16450.00
16280.00
16080.00
15860.00
15690.00
15490.00
15440.00
15310.00
15280.00
15120.00
15160.00
15020.00
15110.00
15230.00
15460.00
15500.00
15560.00
15410.00
15250.00
15090.00
15020.00
15020.00
15180.00
15330.00
15480.00
15590.00
15630.00
15620.00
15760.00
16000.00
16200.00
16450.00
16660.00
16730.00
16680.00
16750.00
16780.00
16780.00
16790.00
16780.00
16680.00
16570.00
16610.00
16580.00
16460.00
16410.00
16350.00
16190.00
16110.00
16210.00
16230.00
16320.00
16460.00
16600.00
16610.00
16550.00
16510.00
16460.00
16420.00
16460.00
16590.00
16660.00
16650.00
16630.00
16580.00
16530.00
16480.00
16440.00
16350.00
16320.00
16270.00
16250.00
16190.00
16200.00
16160.00
16100.00
16000.00
16020.00
15990.00
15960.00
15870.00
15710.00
15580.00
15530.00
15450.00
15410.00
15460.00
15450.00
15400.00
15420.00
15480.00
15540.00
15600.00
15650.00
15700.00
15840.00
15940.00
15990.00
15910.00
15820.00
15670.00
15510.00
