3735.00
3753.00
3768.00
3829.00
4107.00
4422.00
4734.00
4997.00
5278.00
5318.00
5248.00
5186.00
5182.00
5140.00
5144.00
5131.00
5141.00
5114.00
5132.00
5114.00
5171.00
5173.00
5248.00
5304.00
5300.00
5215.00
5164.00
5039.00
4889.00
4765.00
4734.00
4700.00
4698.00
4698.00
4631.00
4510.00
4423.00
4338.00
4208.00
4160.00
4158.00
4130.00
4080.00
4097.00
4101.00
4116.00
4119.00
4130.00
4107.00
4108.00
4069.00
4032.00
4002.00
3972.00
3982.00
4011.00
4033.00
4074.00
4119.00
4131.00
4145.00
4152.00
4141.00
4140.00
4132.00
4127.00
4130.00
4127.00
4114.00
4105.00
4090.00
4074.00
4092.00
4096.00
4111.00
4119.00
4115.00
4120.00
4149.00
4177.00
4204.00
4216.00
4222.00
4336.00
4422.00
4544.00
4621.00
4682.00
4593.00
4783.00
5054.00
5557.00
6015.00
6376.00
6482.00
6552.00
6336.00
6204.00
6182.00
6158.00
6022.00
6018.00
6000.00
5976.00
5968.00
5982.00
5864.00
5760.00
5622.00
5448.00
5298.00
5250.00
5162.00
5120.00
5062.00
4984.00
4930.00
4861.00
4830.00
4830.00
4807.00
4797.00
4730.00
4664.00
4642.00
4658.00
4695.00
4767.00
4824.00
4846.00
4885.00
4857.00
4821.00
4756.00
4655.00
4529.00
4423.00
4328.00
4292.00
4301.00
4297.00
4324.00
4422.00
4397.00
4392.00
4464.00
4650.00
4881.00
5183.00
5300.00
5368.00
5266.00
5069.00
4884.00
4814.00
4781.00
4877.00
4928.00
4956.00
5072.00
5111.00
5050.00
5022.00
4997.00
4892.00
4827.00
4749.00
4665.00
4623.00
4629.00
4670.00
4739.00
4809.00
4939.00
5032.00
5050.00
5032.00
5014.00
4925.00
4818.00
4742.00
4725.00
4728.00
4659.00
4626.00
4643.00
4622.00
4567.00
4583.00
4629.00
4655.00
4655.00
4661.00
4655.00
4592.00
4506.00
4430.00
4384.00
4352.00
4349.00
4335.00
4350.00
4369.00
4374.00
4381.00
4395.00
4409.00
4428.00
4439.00
4446.00
4461.00
4478.00
4477.00
4488.00
4466.00
4417.00
4371.00
4333.00
4288.00
4291.00
4290.00
4246.00
4209.00
4167.00
4084.00
4023.00
4014.00
3989.00
3968.00
3972.00
3987.00
3987.00
3975.00
3974.00
3972.00
3969.00
3951.00
3948.00
3960.00
3962.00
3964.00
