10210.00
10250.00
10410.00
10580.00
10740.00
10870.00
10900.00
10860.00
10800.00
10940.00
10980.00
11020.00
11070.00
11360.00
11450.00
11740.00
12250.00
12640.00
12790.00
12940.00
12930.00
12700.00
12640.00
12600.00
12730.00
12780.00
12890.00
12980.00
13030.00
12870.00
12840.00
12760.00
12700.00
12650.00
12620.00
12600.00
12490.00
12340.00
12190.00
12030.00
11850.00
11910.00
12000.00
12130.00
12280.00
12520.00
12570.00
12620.00
12710.00
12770.00
12660.00
12630.00
12660.00
12570.00
12530.00
12670.00
12760.00
12980.00
13280.00
13580.00
13770.00
13910.00
13850.00
13770.00
13650.00
13580.00
13550.00
13650.00
13630.00
13910.00
14170.00
14550.00
14730.00
15070.00
15060.00
15140.00
15270.00
15540.00
15730.00
15890.00
15880.00
15500.00
15070.00
14590.00
14300.00
14140.00
14130.00
14210.00
14390.00
14660.00
14860.00
15110.00
15200.00
15230.00
15140.00
14940.00
14790.00
14690.00
14690.00
14660.00
14690.00
14810.00
14840.00
14830.00
14960.00
15190.00
15250.00
15530.00
15630.00
15550.00
15430.00
15290.00
15020.00
14940.00
14870.00
14840.00
14840.00
14860.00
15060.00
15180.00
15300.00
15410.00
15090.00
14530.00
14160.00
13730.00
13400.00
13580.00
13830.00
13900.00
13980.00
14050.00
14020.00
13960.00
13950.00
13860.00
13800.00
13620.00
13460.00
13370.00
13380.00
13290.00
13160.00
13020.00
12940.00
12890.00
13070.00
13480.00
13860.00
14100.00
14310.00
14330.00
14320.00
14390.00
14500.00
14610.00
14610.00
14630.00
14620.00
14610.00
14590.00
14710.00
14760.00
14870.00
14940.00
15010.00
15080.00
15130.00
15130.00
15180.00
15350.00
15440.00
15560.00
15690.00
15840.00
15850.00
15870.00
15910.00
15950.00
15950.00
15970.00
15990.00
15960.00
15890.00
15950.00
15960.00
16200.00
16460.00
16730.00
16940.00
17080.00
17070.00
17100.00
17070.00
17010.00
17090.00
17130.00
17160.00
17180.00
17200.00
17160.00
17150.00
17130.00
17190.00
17230.00
17230.00
17350.00
17310.00
17350.00
17390.00
17690.00
17810.00
18020.00
18130.00
18120.00
18060.00
18070.00
18200.00
18360.00
18650.00
18810.00
18930.00
19010.00
19030.00
19150.00
19450.00
19790.00
20140.00
20600.00
21030.00
21390.00
21910.00
22890.00
23950.00
24770.00
25620.00
26150.00
26320.00
26320.00
26790.00
27000.00
