118600.00
119500.00
119400.00
119300.00
119000.00
118800.00
118200.00
118300.00
118100.00
118100.00
118100.00
118400.00
118500.00
119000.00
119500.00
119900.00
119600.00
119900.00
119800.00
120400.00
120600.00
122000.00
122900.00
123500.00
123900.00
124500.00
124600.00
124800.00
125400.00
125200.00
125400.00
125500.00
125600.00
125600.00
125600.00
125300.00
125100.00
124500.00
124000.00
123300.00
123100.00
122900.00
122900.00
122900.00
123900.00
125600.00
127500.00
129000.00
130000.00
130100.00
128800.00
127000.00
125600.00
124200.00
123700.00
124100.00
124500.00
125300.00
126600.00
127200.00
127500.00
128000.00
128000.00
127400.00
127300.00
127100.00
127100.00
127100.00
127000.00
126200.00
125300.00
123900.00
122300.00
121200.00
120400.00
119800.00
119400.00
119600.00
119800.00
119500.00
118900.00
117600.00
115700.00
113400.00
111200.00
109300.00
107700.00
106100.00
105100.00
104600.00
103400.00
102400.00
101800.00
101200.00
100600.00
100500.00
100600.00
100800.00
101000.00
100800.00
101000.00
101100.00
101300.00
101700.00
102400.00
102600.00
102900.00
103000.00
102800.00
102800.00
103000.00
103100.00
103000.00
103100.00
102800.00
102300.00
101900.00
101600.00
101200.00
100800.00
100500.00
100300.00
99680.00
98580.00
97600.00
97180.00
96860.00
96700.00
97260.00
97680.00
97340.00
97260.00
97200.00
97240.00
97220.00
97300.00
96940.00
96380.00
95380.00
94600.00
93620.00
92200.00
90640.00
89200.00
87740.00
86740.00
85020.00
83600.00
81720.00
79980.00
78120.00
77840.00
78020.00
78740.00
79460.00
80100.00
79880.00
79540.00
79280.00
79120.00
79400.00
80060.00
80520.00
80960.00
81280.00
81100.00
81000.00
81160.00
81160.00
81700.00
82440.00
83400.00
83940.00
84480.00
84500.00
84660.00
84240.00
84220.00
83940.00
83460.00
83240.00
82860.00
81620.00
80700.00
80160.00
78940.00
78600.00
79460.00
80460.00
81400.00
82480.00
83440.00
83980.00
84040.00
83700.00
83640.00
83360.00
82860.00
82740.00
82600.00
82480.00
82820.00
84200.00
86060.00
88040.00
89940.00
91140.00
91260.00
91620.00
91720.00
91940.00
92500.00
93040.00
92720.00
92420.00
92360.00
92480.00
93020.00
93440.00
94100.00
93980.00
93860.00
93300.00
92680.00
91920.00
91660.00
91060.00
91760.00
92700.00
93900.00
95000.00
95980.00
96180.00
95960.00
95960.00
95960.00
96120.00
95940.00
96360.00
96440.00
96500.00
