909.80
908.00
914.40
919.00
922.40
925.00
929.20
930.00
928.60
955.40
982.40
1008.00
1040.60
1079.00
1088.00
1098.00
1096.00
1087.00
1069.00
1046.00
1026.00
1027.00
1027.00
1028.00
1034.00
1035.00
1036.00
1031.00
1014.40
1000.80
983.60
962.80
946.80
943.80
931.20
926.80
915.80
909.20
901.60
901.40
904.80
907.00
906.60
911.60
910.40
901.80
898.00
908.40
917.20
932.80
944.60
951.60
941.20
948.60
949.60
951.80
956.20
968.20
959.00
951.00
944.80
940.40
934.00
930.60
933.00
939.60
944.60
948.40
951.20
953.00
951.40
949.80
950.20
948.00
944.00
939.60
936.20
936.20
939.20
942.00
945.00
947.00
956.80
964.40
974.40
991.80
998.20
991.80
986.00
976.60
961.00
957.00
945.80
929.20
916.00
903.20
891.60
886.80
887.00
882.60
875.80
869.00
865.80
863.40
865.40
870.20
873.00
871.00
867.00
864.60
862.40
860.20
860.00
861.40
858.40
853.40
849.60
846.60
843.20
839.80
837.60
836.00
833.80
831.20
828.20
822.80
817.00
810.20
804.60
796.40
798.60
797.60
797.60
795.20
795.20
785.60
775.40
758.80
744.40
733.20
722.80
714.20
707.40
699.20
688.60
684.60
681.60
684.00
689.60
699.40
699.40
700.40
702.00
703.00
696.20
693.60
687.00
680.20
673.20
672.20
673.40
678.20
681.80
684.60
689.60
692.00
694.60
697.60
701.40
705.00
708.20
712.60
717.60
721.80
724.60
726.40
726.00
724.60
720.20
716.60
714.20
712.00
709.40
705.80
696.40
685.80
674.00
663.40
658.20
655.40
655.60
657.20
656.80
655.00
650.40
640.40
628.60
617.40
606.20
594.40
589.20
589.00
590.20
592.80
600.00
604.60
604.00
604.00
603.20
605.00
612.60
622.60
631.80
639.20
638.20
635.80
634.20
630.80
644.00
660.40
668.00
674.00
681.60
670.40
663.00
659.60
654.80
647.40
643.80
641.00
642.20
646.60
654.60
661.00
663.60
666.60
661.80
653.60
645.40
639.20
629.60
