14010.00
13910.00
13870.00
13860.00
13860.00
13840.00
13830.00
13830.00
13900.00
13920.00
13940.00
13990.00
14040.00
14040.00
14030.00
14030.00
14000.00
13970.00
13930.00
13970.00
13950.00
13860.00
13750.00
13660.00
13570.00
13530.00
13680.00
13930.00
14130.00
14220.00
14300.00
14280.00
14160.00
14110.00
14090.00
14050.00
14020.00
14010.00
13970.00
13950.00
13960.00
13980.00
13990.00
13990.00
13990.00
14000.00
14010.00
14020.00
14050.00
14080.00
14080.00
14060.00
14050.00
14030.00
13990.00
13990.00
13990.00
13970.00
13970.00
13970.00
13970.00
13950.00
13950.00
13910.00
13940.00
13990.00
14080.00
14300.00
14580.00
14960.00
15380.00
15790.00
16110.00
16390.00
16470.00
16530.00
16520.00
16260.00
16040.00
15800.00
15580.00
15460.00
15430.00
15480.00
15640.00
15730.00
15770.00
15890.00
15890.00
15870.00
16800.00
17740.00
18690.00
19650.00
20540.00
20490.00
20420.00
20430.00
20430.00
20450.00
20480.00
20510.00
20550.00
20560.00
20670.00
20700.00
20720.00
20680.00
20660.00
20560.00
20540.00
20590.00
20640.00
20740.00
21040.00
21310.00
21450.00
21520.00
21480.00
21210.00
20990.00
20900.00
20780.00
20700.00
20650.00
20580.00
20440.00
20420.00
20400.00
20370.00
20320.00
20340.00
20340.00
20310.00
20310.00
20320.00
20230.00
19960.00
19810.00
19770.00
19600.00
19630.00
19740.00
19740.00
19630.00
19690.00
19510.00
19450.00
19390.00
19380.00
19320.00
19400.00
19490.00
19690.00
19900.00
20110.00
20190.00
20180.00
20090.00
19910.00
19740.00
19660.00
19600.00
19560.00
19520.00
19490.00
19460.00
19500.00
19530.00
19500.00
19480.00
19490.00
19500.00
19560.00
19600.00
19620.00
19600.00
19530.00
19410.00
19390.00
19350.00
19320.00
19290.00
19250.00
19220.00
19200.00
19140.00
19100.00
19080.00
19060.00
19030.00
19050.00
19070.00
19090.00
19090.00
19100.00
19100.00
19110.00
19140.00
19140.00
19130.00
19130.00
19140.00
19120.00
19150.00
19170.00
19180.00
19180.00
19190.00
19170.00
19190.00
19210.00
19210.00
19190.00
19180.00
19160.00
19170.00
19190.00
19220.00
19280.00
19290.00
19280.00
19260.00
19250.00
19210.00
19290.00
19310.00
19330.00
19370.00
19410.00
19360.00
19510.00
19650.00
19790.00
19930.00
20080.00
20120.00
20130.00
20170.00
20160.00
20170.00
