180500.00
181400.00
181500.00
181800.00
181700.00
182400.00
183200.00
184200.00
184300.00
184300.00
184000.00
183500.00
182600.00
182300.00
181800.00
181600.00
181700.00
182500.00
183000.00
183200.00
183900.00
184200.00
184900.00
185700.00
186400.00
186700.00
186500.00
186000.00
185300.00
186000.00
185800.00
186600.00
187800.00
188300.00
187400.00
187100.00
186700.00
186000.00
186600.00
187600.00
188400.00
189000.00
189400.00
189400.00
189300.00
189200.00
190100.00
190400.00
190200.00
190400.00
190300.00
189000.00
188600.00
189000.00
188800.00
189000.00
190200.00
191200.00
192800.00
194500.00
200800.00
208100.00
217500.00
224900.00
232800.00
233500.00
233000.00
229400.00
226000.00
221500.00
219300.00
217300.00
215600.00
214600.00
214200.00
213100.00
211000.00
208700.00
206700.00
206900.00
208100.00
207900.00
209000.00
209700.00
208800.00
208400.00
208900.00
208100.00
207900.00
206600.00
205500.00
204600.00
203600.00
204000.00
205200.00
206800.00
209000.00
211400.00
211800.00
211900.00
210400.00
208300.00
207100.00
206000.00
204900.00
204700.00
204600.00
203400.00
202500.00
202000.00
201000.00
200300.00
200300.00
200000.00
199500.00
200200.00
199700.00
199700.00
199800.00
200100.00
199300.00
199900.00
199600.00
198600.00
198300.00
197800.00
197300.00
197000.00
197700.00
197400.00
197900.00
197700.00
197800.00
197100.00
196300.00
194400.00
192900.00
191800.00
190800.00
189400.00
188400.00
187700.00
185500.00
183800.00
182600.00
181800.00
180600.00
180900.00
180700.00
180800.00
180500.00
180800.00
181100.00
181500.00
181300.00
181100.00
180600.00
179400.00
178600.00
178200.00
178000.00
177600.00
176900.00
175700.00
174200.00
172300.00
170700.00
169800.00
168900.00
168300.00
169100.00
169700.00
170100.00
170200.00
170100.00
169400.00
168700.00
167800.00
167200.00
166700.00
166800.00
166100.00
165500.00
165800.00
165900.00
164500.00
163400.00
162800.00
161300.00
160400.00
159600.00
159200.00
158700.00
158400.00
157300.00
156600.00
155800.00
155000.00
154100.00
153700.00
153400.00
153400.00
153800.00
154600.00
154900.00
156200.00
157400.00
157600.00
157400.00
157500.00
156200.00
155400.00
155200.00
155300.00
155500.00
156000.00
156100.00
155900.00
155600.00
155500.00
155000.00
154200.00
153400.00
152400.00
150900.00
150200.00
150800.00
151000.00
150800.00
150400.00
149400.00
147500.00
146200.00
145600.00
145300.00
145000.00
144500.00
143800.00
143700.00
143900.00
144700.00
