12940.00
13470.00
13780.00
14210.00
14600.00
14740.00
15000.00
15380.00
15590.00
15710.00
15860.00
15810.00
15670.00
15650.00
15730.00
15670.00
15930.00
16270.00
16750.00
17270.00
17840.00
18200.00
18470.00
18490.00
18270.00
18130.00
17930.00
17790.00
17610.00
17440.00
17310.00
17090.00
16930.00
17010.00
16780.00
16250.00
15960.00
15450.00
14670.00
14250.00
14000.00
13630.00
13390.00
13370.00
13280.00
13320.00
13350.00
13390.00
13300.00
13300.00
13270.00
13220.00
13160.00
13100.00
13290.00
13500.00
13690.00
13940.00
14220.00
14340.00
14370.00
14370.00
14350.00
14360.00
14230.00
14120.00
14030.00
13880.00
13690.00
13570.00
13470.00
13380.00
13290.00
13180.00
13130.00
13040.00
12950.00
12940.00
12960.00
12870.00
12840.00
12740.00
12530.00
12230.00
12010.00
11810.00
11700.00
11730.00
11870.00
11950.00
11970.00
11900.00
11700.00
11450.00
11310.00
11130.00
11020.00
10990.00
10950.00
10910.00
10910.00
10980.00
11220.00
11530.00
11860.00
12200.00
12510.00
12600.00
12650.00
12730.00
12780.00
12730.00
12940.00
13260.00
13500.00
13630.00
13770.00
13870.00
13840.00
13660.00
13660.00
13760.00
13510.00
13230.00
13090.00
13040.00
12890.00
12860.00
12880.00
12810.00
12570.00
12390.00
12230.00
12060.00
11920.00
11740.00
11550.00
11280.00
11120.00
11020.00
10970.00
10900.00
10764.00
10534.00
10318.00
10208.00
10168.00
10334.00
10504.00
10700.00
10800.00
10930.00
11040.00
11140.00
11190.00
11230.00
11060.00
10910.00
10820.00
10740.00
10740.00
10820.00
10890.00
10930.00
10970.00
10920.00
10860.00
11110.00
11370.00
12030.00
12620.00
13310.00
13650.00
14010.00
14180.00
14440.00
14410.00
14420.00
14360.00
14030.00
13700.00
13740.00
13800.00
13410.00
13090.00
12810.00
12420.00
12070.00
12190.00
12280.00
12290.00
12300.00
12130.00
12030.00
11850.00
11760.00
11650.00
11610.00
11530.00
11490.00
11440.00
11380.00
11480.00
11550.00
11880.00
12120.00
12390.00
12540.00
12630.00
12500.00
12480.00
12500.00
12530.00
12500.00
12440.00
12340.00
12160.00
11970.00
11850.00
11700.00
11540.00
11390.00
11290.00
11170.00
11090.00
11030.00
10960.00
10850.00
10870.00
10980.00
11090.00
11190.00
11270.00
11340.00
11310.00
11290.00
11230.00
11160.00
11080.00
11130.00
11130.00
