20990.00
20770.00
20690.00
20620.00
20560.00
20550.00
20510.00
20490.00
20530.00
20610.00
20640.00
20680.00
20700.00
20680.00
20730.00
20760.00
20790.00
20840.00
20900.00
20910.00
20940.00
20980.00
21010.00
21040.00
21080.00
21070.00
21030.00
20990.00
20940.00
20880.00
20860.00
20860.00
20880.00
20900.00
20940.00
20970.00
20990.00
21000.00
20940.00
20920.00
20910.00
20870.00
20860.00
20900.00
20900.00
20870.00
20860.00
20820.00
20790.00
20790.00
20790.00
20780.00
20780.00
20790.00
20770.00
20790.00
20840.00
20870.00
20870.00
20910.00
20930.00
20920.00
20910.00
20930.00
20920.00
20940.00
20990.00
21060.00
21070.00
21080.00
21070.00
21100.00
21120.00
21190.00
21240.00
21290.00
21310.00
21350.00
21350.00
21310.00
21300.00
21270.00
21230.00
21200.00
21180.00
21130.00
21080.00
20970.00
20840.00
20790.00
20730.00
20690.00
20690.00
20690.00
20660.00
20630.00
20620.00
20530.00
20480.00
20450.00
20430.00
20380.00
20400.00
20410.00
20440.00
20550.00
20600.00
20670.00
20770.00
20790.00
20750.00
20760.00
20770.00
20760.00
20820.00
20870.00
20930.00
21000.00
21080.00
21100.00
21030.00
20980.00
20840.00
20690.00
20570.00
20580.00
20560.00
20620.00
20700.00
20760.00
20780.00
20810.00
20850.00
20850.00
20850.00
20790.00
20730.00
20590.00
20480.00
20360.00
20260.00
20160.00
20070.00
19800.00
19550.00
19390.00
19230.00
19170.00
19260.00
19300.00
19220.00
19160.00
19100.00
19070.00
19090.00
19140.00
19110.00
19060.00
19020.00
18990.00
19020.00
19110.00
19190.00
19280.00
19390.00
19540.00
19680.00
19860.00
20030.00
20180.00
20240.00
20330.00
20340.00
20330.00
20310.00
20320.00
20320.00
20350.00
20370.00
20340.00
20350.00
20320.00
20280.00
20250.00
20270.00
20230.00
20240.00
20250.00
20280.00
20350.00
20410.00
20460.00
20530.00
20600.00
20630.00
20700.00
20760.00
20810.00
20880.00
21060.00
21230.00
21380.00
21840.00
22090.00
22290.00
22410.00
22530.00
22310.00
22230.00
22180.00
22200.00
22220.00
22230.00
22340.00
22270.00
22160.00
22090.00
22000.00
21890.00
21830.00
21780.00
21760.00
21800.00
21740.00
21730.00
21710.00
21620.00
21560.00
21590.00
21510.00
21500.00
21530.00
21580.00
21650.00
21800.00
21910.00
21990.00
21990.00
21970.00
21800.00
21570.00
