1845.00
1851.00
1859.00
1879.00
1863.00
1885.00
1900.00
1922.00
1945.00
1966.00
1959.00
1990.00
2026.00
2131.00
2239.00
2328.00
2386.00
2444.00
2446.00
2448.00
2472.00
2491.00
2501.00
2500.00
2501.00
2513.00
2560.00
2606.00
2669.00
2750.00
2856.00
2962.00
3057.00
3157.00
3145.00
3108.00
3041.00
2980.00
2858.00
2834.00
2809.00
2782.00
2735.00
2738.00
2725.00
2714.00
2699.00
2707.00
2701.00
2705.00
2732.00
2765.00
2793.00
2823.00
2859.00
2860.00
2841.00
2826.00
2811.00
2794.00
2777.00
2767.00
2772.00
2782.00
2792.00
2810.00
2836.00
2852.00
2853.00
2837.00
2806.00
2759.00
2692.00
2624.00
2582.00
2541.00
2512.00
2508.00
2531.00
2536.00
2547.00
2556.00
2558.00
2547.00
2550.00
2555.00
2539.00
2516.00
2485.00
2445.00
2403.00
2382.00
2360.00
2339.00
2316.00
2285.00
2259.00
2233.00
2197.00
2167.00
2166.00
2200.00
2246.00
2325.00
2398.00
2470.00
2503.00
2524.00
2530.00
2539.00
2531.00
2510.00
2470.00
2435.00
2405.00
2378.00
2363.00
2379.00
2376.00
2364.00
2340.00
2326.00
2288.00
2247.00
2232.00
2229.00
2220.00
2220.00
2227.00
2213.00
2196.00
2185.00
2178.00
2175.00
2159.00
2134.00
2108.00
2065.00
2026.00
1994.00
1972.00
1952.00
1940.00
1878.00
1730.00
1618.00
1531.00
1463.00
1435.00
1501.00
1533.00
1534.00
1536.00
1544.00
1543.00
1542.00
1525.00
1509.00
1498.00
1496.00
1493.00
1510.00
1518.00
1529.00
1616.00
1666.00
1727.00
1780.00
1866.00
1868.00
1900.00
1911.00
1944.00
1937.00
1928.00
1922.00
1923.00
1911.00
1893.00
1879.00
1869.00
1852.00
1819.00
1797.00
1788.00
1758.00
1719.00
1704.00
1693.00
1672.00
1665.00
1666.00
1668.00
1667.00
1658.00
1655.00
1654.00
1646.00
1612.00
1588.00
1570.00
1558.00
1552.00
1571.00
1579.00
1580.00
1582.00
1586.00
1568.00
1553.00
1539.00
1523.00
1490.00
1474.00
1434.00
1399.00
1374.00
1358.00
1339.00
1344.00
1343.00
1336.00
1324.00
1314.00
1304.00
1294.00
1277.00
1267.00
1257.00
1255.00
1269.00
1288.00
1305.00
1350.00
1380.00
1389.00
1377.00
1349.00
1302.00
1278.00
1268.00
