2367.00
2403.00
2443.00
2478.00
2491.00
2512.00
2530.00
2544.00
2567.00
2588.00
2594.00
2589.00
2617.00
2644.00
2671.00
2696.00
2731.00
2745.00
2752.00
2771.00
2787.00
2788.00
2787.00
2787.00
2783.00
2780.00
2784.00
2778.00
2768.00
2757.00
2753.00
2748.00
2750.00
2756.00
2732.00
2713.00
2688.00
2665.00
2637.00
2630.00
2620.00
2623.00
2622.00
2639.00
2658.00
2668.00
2669.00
2665.00
2645.00
2624.00
2588.00
2561.00
2537.00
2502.00
2478.00
2493.00
2505.00
2532.00
2572.00
2614.00
2642.00
2667.00
2680.00
2690.00
2693.00
2728.00
2758.00
2789.00
2806.00
2830.00
2818.00
2800.00
2773.00
2760.00
2736.00
2728.00
2725.00
2729.00
2732.00
2730.00
2715.00
2700.00
2681.00
2648.00
2631.00
2619.00
2607.00
2606.00
2616.00
2614.00
2602.00
2596.00
2582.00
2564.00
2557.00
2543.00
2529.00
2515.00
2514.00
2520.00
2541.00
2562.00
2584.00
2608.00
2617.00
2627.00
2626.00
2633.00
2636.00
2641.00
2642.00
2660.00
2685.00
2706.00
2734.00
2762.00
2771.00
2760.00
2756.00
2725.00
2692.00
2666.00
2622.00
2569.00
2537.00
2515.00
2497.00
2499.00
2506.00
2502.00
2486.00
2487.00
2494.00
2503.00
2514.00
2525.00
2516.00
2481.00
2447.00
2417.00
2379.00
2338.00
2285.00
2211.00
2145.00
2104.00
2076.00
2088.00
2120.00
2147.00
2152.00
2160.00
2170.00
2180.00
2189.00
2203.00
2192.00
2174.00
2155.00
2138.00
2139.00
2158.00
2175.00
2194.00
2219.00
2221.00
2218.00
2224.00
2228.00
2241.00
2261.00
2279.00
2287.00
2293.00
2279.00
2266.00
2245.00
2225.00
2198.00
2177.00
2161.00
2149.00
2130.00
2119.00
2110.00
2092.00
2080.00
2091.00
2107.00
2123.00
2140.00
2157.00
2156.00
2149.00
2135.00
2123.00
2112.00
2105.00
2100.00
2097.00
2088.00
2083.00
2094.00
2109.00
2125.00
2150.00
2175.00
2183.00
2185.00
2184.00
2188.00
2191.00
2193.00
2192.00
2187.00
2174.00
2162.00
2154.00
2152.00
2150.00
2147.00
2144.00
2135.00
2123.00
2116.00
2114.00
2122.00
2133.00
2145.00
2166.00
2204.00
2229.00
2256.00
2287.00
2310.00
2315.00
2317.00
2315.00
2314.00
2313.00
2306.00
