2516.00
2529.00
2557.00
2567.00
2572.00
2581.00
2583.00
2580.00
2584.00
2603.00
2629.00
2644.00
2671.00
2693.00
2701.00
2696.00
2704.00
2706.00
2706.00
2704.00
2709.00
2726.00
2730.00
2748.00
2770.00
2787.00
2797.00
2810.00
2813.00
2817.00
2822.00
2824.00
2833.00
2838.00
2820.00
2818.00
2837.00
2836.00
2827.00
2832.00
2811.00
2771.00
2745.00
2737.00
2723.00
2724.00
2716.00
2714.00
2699.00
2690.00
2672.00
2653.00
2626.00
2597.00
2571.00
2565.00
2554.00
2550.00
2559.00
2584.00
2592.00
2604.00
2614.00
2628.00
2630.00
2636.00
2641.00
2652.00
2657.00
2682.00
2731.00
2777.00
2874.00
2926.00
2936.00
2968.00
2992.00
2977.00
3010.00
3050.00
3028.00
3002.00
2964.00
2904.00
2862.00
2844.00
2831.00
2806.00
2773.00
2743.00
2710.00
2680.00
2645.00
2635.00
2634.00
2620.00
2609.00
2618.00
2618.00
2604.00
2594.00
2593.00
2594.00
2610.00
2626.00
2654.00
2686.00
2699.00
2704.00
2704.00
2707.00
2707.00
2707.00
2698.00
2689.00
2662.00
2623.00
2596.00
2584.00
2567.00
2546.00
2540.00
2512.00
2468.00
2437.00
2419.00
2400.00
2397.00
2404.00
2398.00
2391.00
2392.00
2394.00
2395.00
2397.00
2386.00
2325.00
2235.00
2161.00
2108.00
2055.00
2033.00
2002.00
1959.00
1908.00
1891.00
1890.00
1930.00
1966.00
1994.00
1993.00
1984.00
1989.00
2005.00
2017.00
2028.00
2158.00
2290.00
2476.00
2674.00
2887.00
2969.00
3026.00
3007.00
2952.00
2903.00
2898.00
2872.00
2872.00
2913.00
2967.00
2959.00
2975.00
2979.00
2972.00
2920.00
2873.00
2837.00
2794.00
2737.00
2730.00
2734.00
2739.00
2772.00
2801.00
2810.00
2826.00
2855.00
2858.00
2991.00
3087.00
3145.00
3211.00
3269.00
3241.00
3222.00
3241.00
3232.00
3239.00
3249.00
3402.00
3637.00
3953.00
4242.00
4488.00
4724.00
4831.00
4797.00
4821.00
4850.00
4786.00
4763.00
4760.00
4693.00
4608.00
4488.00
4372.00
4329.00
4285.00
4269.00
4229.00
4193.00
4113.00
4061.00
4130.00
4280.00
4367.00
4499.00
4620.00
4589.00
4515.00
4518.00
4468.00
4408.00
4358.00
4307.00
4223.00
4146.00
4104.00
4092.00
4094.00
