2441.00
2445.00
2473.00
2504.00
2535.00
2559.00
2579.00
2590.00
2597.00
2658.00
2702.00
2739.00
2775.00
2811.00
2776.00
2754.00
2736.00
2732.00
2734.00
2761.00
2774.00
2779.00
2770.00
2770.00
2767.00
2789.00
2814.00
2839.00
2886.00
2933.00
2962.00
2986.00
3010.00
2989.00
2934.00
2897.00
2859.00
2822.00
2783.00
2769.00
2742.00
2727.00
2710.00
2720.00
2731.00
2745.00
2760.00
2776.00
2769.00
2788.00
2800.00
2793.00
2775.00
2749.00
2712.00
2702.00
2704.00
2726.00
2764.00
2798.00
2820.00
2844.00
2858.00
2886.00
2936.00
2982.00
3024.00
3082.00
3146.00
3180.00
3189.00
3201.00
3185.00
3146.00
3099.00
3085.00
3059.00
3052.00
3047.00
3048.00
3025.00
2998.00
2965.00
2927.00
2882.00
2871.00
2886.00
2909.00
2924.00
2946.00
2941.00
2920.00
2882.00
2861.00
2850.00
2839.00
2828.00
2832.00
2834.00
2871.00
2886.00
2944.00
2979.00
3025.00
3023.00
3058.00
3045.00
3052.00
3039.00
3032.00
3019.00
3031.00
3036.00
3040.00
3043.00
3041.00
3012.00
2995.00
2994.00
2982.00
2972.00
2986.00
2962.00
2915.00
2887.00
2862.00
2826.00
2828.00
2853.00
2874.00
2900.00
2931.00
2960.00
2969.00
2956.00
2923.00
2876.00
2792.00
2745.00
2712.00
2685.00
2670.00
2654.00
2585.00
2538.00
2518.00
2503.00
2526.00
2598.00
2631.00
2622.00
2614.00
2616.00
2597.00
2591.00
2611.00
2592.00
2559.00
2536.00
2506.00
2482.00
2491.00
2511.00
2529.00
2560.00
2577.00
2580.00
2574.00
2573.00
2577.00
2671.00
2755.00
2809.00
2842.00
2874.00
2822.00
2791.00
2773.00
2757.00
2722.00
2690.00
2647.00
2615.00
2584.00
2570.00
2547.00
2530.00
2525.00
2532.00
2542.00
2549.00
2566.00
2562.00
2551.00
2534.00
2521.00
2496.00
2484.00
2477.00
2473.00
2475.00
2484.00
2503.00
2513.00
2528.00
2538.00
2548.00
2545.00
2550.00
2551.00
2542.00
2532.00
2518.00
2500.00
2468.00
2446.00
2424.00
2413.00
2401.00
2402.00
2398.00
2391.00
2379.00
2368.00
2354.00
2345.00
2348.00
2353.00
2355.00
2361.00
2377.00
2385.00
2397.00
2416.00
2436.00
2445.00
2450.00
2445.00
2440.00
2435.00
2436.00
