2876.00
2844.00
2768.00
2678.00
2621.00
2593.00
2563.00
2559.00
2546.00
2540.00
2520.00
2497.00
2481.00
2494.00
2491.00
2504.00
2551.00
2580.00
2560.00
2547.00
2562.00
2547.00
2561.00
2632.00
2702.00
2754.00
2805.00
2827.00
2800.00
2787.00
2731.00
2668.00
2620.00
2602.00
2537.00
2521.00
2522.00
2525.00
2514.00
2539.00
2516.00
2488.00
2459.00
2463.00
2453.00
2474.00
2491.00
2515.00
2496.00
2473.00
2441.00
2406.00
2354.00
2296.00
2262.00
2248.00
2240.00
2256.00
2292.00
2324.00
2344.00
2355.00
2363.00
2378.00
2389.00
2400.00
2406.00
2406.00
2398.00
2419.00
2443.00
2437.00
2430.00
2409.00
2354.00
2292.00
2270.00
2257.00
2257.00
2252.00
2243.00
2196.00
2144.00
2093.00
2058.00
2053.00
2084.00
2103.00
2162.00
2204.00
2187.00
2157.00
2132.00
2066.00
2016.00
2000.00
1991.00
1985.00
1986.00
1987.00
1989.00
1998.00
2012.00
2030.00
2084.00
2126.00
2196.00
2252.00
2282.00
2272.00
2280.00
2248.00
2230.00
2242.00
2246.00
2235.00
2254.00
2268.00
2264.00
2278.00
2284.00
2272.00
2220.00
2166.00
2111.00
2078.00
2049.00
2051.00
2062.00
2055.00
2046.00
2036.00
2042.00
2041.00
2050.00
2051.00
2034.00
1971.00
1922.00
1884.00
1842.00
1815.00
1794.00
1759.00
1718.00
1702.00
1688.00
1714.00
1747.00
1785.00
1797.00
1810.00
1818.00
1838.00
1842.00
1856.00
1842.00
1835.00
1827.00
1824.00
1825.00
1849.00
1890.00
1925.00
1968.00
1994.00
1998.00
1991.00
1981.00
1973.00
1984.00
2009.00
2023.00
2037.00
2048.00
2053.00
2054.00
2052.00
2058.00
2046.00
2033.00
2028.00
2020.00
2004.00
1994.00
1988.00
1980.00
1992.00
2004.00
2015.00
2023.00
2037.00
2028.00
2016.00
1999.00
1978.00
1952.00
1930.00
1910.00
1900.00
1889.00
1882.00
1877.00
1878.00
1880.00
1884.00
1887.00
1906.00
1914.00
1920.00
1926.00
1934.00
1934.00
1925.00
1897.00
1867.00
1848.00
1826.00
1810.00
1808.00
1811.00
1802.00
1782.00
1759.00
1728.00
1703.00
1679.00
1659.00
1642.00
1642.00
1640.00
1637.00
1637.00
1644.00
1658.00
1665.00
1683.00
1688.00
1696.00
1700.00
1709.00
