1027.00
1044.00
1060.00
1071.00
1077.00
1081.00
1084.00
1090.00
1099.00
1108.00
1114.00
1114.00
1117.00
1118.00
1115.00
1110.00
1110.00
1109.00
1121.00
1137.00
1153.00
1160.00
1165.00
1168.00
1170.00
1171.00
1182.00
1188.00
1185.00
1180.00
1179.00
1176.00
1179.00
1180.00
1173.00
1166.00
1157.00
1146.00
1135.00
1132.00
1132.00
1133.00
1136.00
1143.00
1147.00
1148.00
1144.00
1139.00
1128.00
1123.00
1112.00
1104.00
1092.00
1081.00
1070.00
1072.00
1074.00
1083.00
1094.00
1105.00
1111.00
1119.00
1127.00
1136.00
1145.00
1151.00
1154.00
1155.00
1128.00
1106.00
1076.00
1046.00
1015.00
1009.20
996.60
995.00
992.80
992.20
992.40
990.60
991.20
989.00
987.20
982.60
975.20
962.20
945.40
925.00
907.20
897.20
889.00
886.00
876.40
866.40
855.40
838.60
823.20
814.20
804.00
793.00
786.20
781.40
777.60
777.80
775.80
775.00
771.60
766.00
762.60
758.40
756.00
755.40
756.00
749.00
742.40
732.00
722.20
714.80
712.00
710.80
707.40
705.40
701.00
693.00
687.80
686.40
685.60
686.20
695.20
700.00
703.60
704.80
705.40
699.20
693.20
685.20
674.40
655.40
640.80
627.80
616.40
607.20
598.40
585.00
572.40
565.80
562.00
567.20
573.20
578.80
577.60
576.00
575.20
578.40
583.80
590.00
589.60
587.40
585.60
580.60
579.20
583.40
588.80
590.00
590.80
588.60
584.20
581.20
582.00
584.40
588.40
592.20
595.00
592.40
589.60
587.60
584.60
581.60
592.20
596.60
596.40
596.60
595.40
580.40
571.40
565.80
562.40
561.00
564.40
568.60
573.60
577.80
579.80
579.60
578.60
579.40
579.60
582.40
584.20
594.00
603.60
612.20
620.60
632.20
635.20
636.20
640.60
645.40
646.40
644.60
644.60
642.80
638.40
632.40
627.40
619.60
614.20
611.40
611.60
613.00
613.60
612.00
607.60
601.20
594.60
589.60
585.20
579.60
576.20
578.20
580.20
583.80
589.80
597.40
600.80
603.60
603.20
601.60
599.80
601.40
603.60
