253400.00
251200.00
248900.00
246800.00
244200.00
241900.00
241000.00
241100.00
241200.00
241400.00
241500.00
241600.00
241400.00
241200.00
241300.00
241400.00
241300.00
241500.00
241600.00
241800.00
241900.00
242000.00
241700.00
241500.00
241200.00
241000.00
240800.00
240600.00
240500.00
240200.00
239900.00
239600.00
239800.00
239800.00
239400.00
239000.00
238800.00
238100.00
237500.00
237500.00
237400.00
237200.00
237300.00
237300.00
237300.00
237500.00
237700.00
237600.00
242400.00
244500.00
246000.00
247500.00
249000.00
246700.00
246600.00
247200.00
247900.00
249200.00
249200.00
249700.00
249700.00
250400.00
250800.00
251400.00
253300.00
255600.00
258300.00
260800.00
264400.00
267000.00
268800.00
269000.00
268800.00
267100.00
264600.00
262800.00
261100.00
259100.00
257600.00
256400.00
255100.00
254000.00
253200.00
251600.00
250100.00
248600.00
247600.00
246500.00
245900.00
244800.00
243500.00
241800.00
240100.00
238600.00
237800.00
236600.00
235800.00
235400.00
235200.00
234900.00
235300.00
235400.00
235900.00
236100.00
236200.00
235800.00
235400.00
234800.00
234300.00
234000.00
234800.00
235600.00
236300.00
236900.00
237200.00
236700.00
236400.00
235700.00
235200.00
234600.00
234200.00
234000.00
233600.00
232800.00
232700.00
232500.00
231800.00
231100.00
230900.00
229900.00
229000.00
228300.00
228400.00
228800.00
229500.00
230200.00
230600.00
229000.00
229500.00
228100.00
226800.00
225600.00
226200.00
225800.00
229900.00
232400.00
234600.00
235700.00
235300.00
231800.00
229400.00
227800.00
227200.00
226700.00
226500.00
227300.00
227500.00
227700.00
227800.00
227800.00
227500.00
227400.00
227200.00
226800.00
226900.00
226700.00
226600.00
226500.00
227100.00
229900.00
232600.00
235100.00
237800.00
240800.00
244700.00
247200.00
248400.00
249700.00
249900.00
245900.00
243400.00
242300.00
240800.00
238600.00
237600.00
236300.00
236000.00
237000.00
238500.00
239600.00
240800.00
241000.00
239700.00
239000.00
238600.00
238600.00
238500.00
238500.00
238100.00
237600.00
237000.00
236400.00
236100.00
236300.00
237000.00
237400.00
238300.00
239900.00
241400.00
242300.00
243300.00
244000.00
243200.00
242400.00
241100.00
239100.00
237000.00
235700.00
234600.00
234300.00
235200.00
236700.00
238000.00
238600.00
238900.00
238800.00
237400.00
236400.00
235600.00
234800.00
234200.00
234300.00
234500.00
235000.00
235600.00
235800.00
235700.00
235200.00
235000.00
235100.00
235300.00
