16430.00
16240.00
16260.00
16370.00
16430.00
16540.00
16510.00
16500.00
16530.00
16620.00
16700.00
16780.00
16860.00
16960.00
17040.00
17090.00
17190.00
17360.00
17450.00
17610.00
17690.00
17830.00
17840.00
17860.00
17870.00
17930.00
17970.00
18160.00
18350.00
18480.00
18710.00
18880.00
19000.00
19170.00
19270.00
19470.00
19670.00
19860.00
20030.00
20140.00
20160.00
20160.00
20120.00
20080.00
20290.00
20350.00
20310.00
20250.00
20060.00
19700.00
19410.00
19220.00
19140.00
19160.00
19170.00
19360.00
19490.00
19600.00
20030.00
20490.00
20800.00
21110.00
21370.00
21260.00
21160.00
21070.00
21060.00
21050.00
20990.00
21040.00
21000.00
21010.00
21030.00
20960.00
20780.00
20740.00
20440.00
20160.00
20000.00
19810.00
19640.00
19560.00
19350.00
19060.00
18800.00
18440.00
18220.00
18130.00
18150.00
18180.00
18280.00
18240.00
18290.00
18430.00
18390.00
18190.00
18040.00
17740.00
17420.00
17220.00
17140.00
17060.00
17070.00
17080.00
17190.00
17350.00
17470.00
17490.00
17570.00
17600.00
17580.00
17670.00
17860.00
17930.00
18030.00
18160.00
18270.00
18310.00
18400.00
18480.00
18500.00
18570.00
18470.00
18240.00
18050.00
17910.00
17690.00
17570.00
17540.00
17440.00
17250.00
17170.00
17120.00
17110.00
17130.00
17170.00
17080.00
16910.00
16750.00
16540.00
16380.00
16220.00
16090.00
15950.00
15820.00
15790.00
15750.00
15770.00
15730.00
15740.00
15630.00
15630.00
15680.00
15800.00
15890.00
15940.00
15950.00
15920.00
15880.00
15860.00
15930.00
16020.00
16160.00
16300.00
16470.00
16580.00
16580.00
16610.00
16720.00
16800.00
16870.00
17020.00
17080.00
17040.00
17030.00
17000.00
16890.00
16770.00
16580.00
16430.00
16340.00
16280.00
16230.00
16220.00
16120.00
15920.00
15800.00
15800.00
15840.00
15900.00
15990.00
16020.00
15960.00
15900.00
15840.00
15850.00
15910.00
16010.00
16060.00
16100.00
16110.00
16150.00
16250.00
16360.00
16440.00
16540.00
16620.00
16570.00
16590.00
16630.00
16690.00
16700.00
16730.00
16680.00
16580.00
16420.00
16360.00
16290.00
16330.00
16370.00
16340.00
16230.00
16090.00
15820.00
15630.00
15580.00
15500.00
15470.00
15490.00
15590.00
15570.00
15550.00
15430.00
15380.00
15290.00
15350.00
15470.00
15680.00
15920.00
15900.00
15790.00
