56058.54
55804.88
55863.42
55843.92
55941.48
55980.52
55961.00
55941.48
55746.36
55648.80
55434.16
55414.66
55804.90
56507.34
57248.80
58107.34
59200.02
60097.58
61658.54
63121.94
64585.34
65775.58
66653.64
66517.06
67239.02
66595.12
65600.00
64643.90
64136.58
62809.76
62614.64
62478.06
62907.32
62985.38
62770.74
62829.28
63102.44
63121.96
62985.38
63258.54
63239.02
64000.00
64429.26
65599.98
66575.60
68000.00
70848.78
73775.62
75785.38
77697.58
79219.54
79024.42
78907.34
78497.58
78653.68
78848.80
78439.04
77561.00
77268.32
77229.28
77970.74
79160.98
82419.50
85795.10
89521.94
91785.36
93795.12
94029.28
93658.56
92351.24
91590.26
91004.90
90478.06
91492.70
92780.50
95063.50
96390.32
97346.42
97112.26
96312.26
95121.94
94400.00
94185.36
93034.14
92019.50
91258.52
90048.76
88721.94
88292.68
87590.24
86243.90
85736.58
85287.80
84917.06
85034.14
84956.10
84800.00
85697.56
86087.80
86263.42
86556.10
86439.02
84917.06
83980.48
82848.76
82204.86
81912.18
82692.68
84312.20
86692.70
88214.64
89678.06
89951.22
89092.68
87921.94
87043.90
86009.76
85600.02
85346.36
85248.80
85346.36
85600.02
84917.08
84370.74
83375.62
82634.16
81502.44
80917.08
80409.76
79882.92
78907.30
78380.48
78029.26
77346.34
76839.04
76058.56
75200.02
73892.70
73248.80
72058.54
71863.42
71609.76
71219.52
70478.04
70204.88
69678.04
69736.58
70224.38
71121.96
72312.20
73190.26
73697.58
75180.50
76214.64
76975.62
77619.52
77619.52
76721.96
75941.46
75141.46
74321.94
74224.38
74751.22
75180.50
75609.76
76234.16
76468.30
76117.08
75668.30
75278.06
75024.40
75336.60
76312.20
77580.48
78829.26
80136.58
80682.92
80546.34
80312.20
80058.54
79629.26
79219.50
78360.96
77365.84
76351.20
75239.00
74595.10
74556.08
74185.34
73912.18
73853.66
73717.08
73307.32
73365.86
73229.28
72878.06
72331.72
71882.94
71278.06
70692.68
70341.46
70204.86
70360.96
70751.22
71531.72
72078.06
72546.36
72800.02
73092.70
73112.20
73287.80
73580.48
73717.06
73541.44
73268.28
72897.56
72585.36
72468.30
72585.38
72468.30
72214.64
71843.92
71336.60
70712.20
70536.60
70887.82
71082.94
71375.62
71492.70
71356.10
70926.82
70770.72
70536.58
70478.04
70575.60
70770.72
71082.92
71629.26
72253.66
72926.84
73463.92
