2024.00
2025.00
2032.00
2031.00
2027.00
2020.00
2004.00
1991.00
1985.00
1971.00
1951.00
1953.00
1947.00
1944.00
1946.00
1950.00
1961.00
1980.00
1992.00
2006.00
2029.00
2029.00
2025.00
2028.00
2032.00
2022.00
2018.00
2022.00
2027.00
2023.00
2030.00
2030.00
2020.00
2003.00
1978.00
1962.00
1951.00
1941.00
1932.00
1943.00
1943.00
1943.00
1954.00
1972.00
1992.00
2006.00
2015.00
2018.00
2000.00
1974.00
1937.00
1909.00
1886.00
1877.00
1866.00
1883.00
1893.00
1905.00
1918.00
1937.00
1945.00
1957.00
1966.00
1975.00
1979.00
1982.00
1984.00
1985.00
1977.00
1973.00
1970.00
1971.00
1968.00
1973.00
1980.00
1990.00
1992.00
1995.00
1987.00
1975.00
1959.00
1940.00
1915.00
1892.00
1867.00
1846.00
1829.00
1819.00
1815.00
1819.00
1822.00
1829.00
1836.00
1837.00
1835.00
1826.00
1811.00
1783.00
1761.00
1732.00
1710.00
1703.00
1708.00
1727.00
1750.00
1783.00
1785.00
1789.00
1784.00
1780.00
1772.00
1781.00
1793.00
1802.00
1804.00
1806.00
1808.00
1807.00
1806.00
1811.00
1812.00
1822.00
1817.00
1802.00
1785.00
1775.00
1758.00
1753.00
1757.00
1756.00
1744.00
1752.00
1758.00
1767.00
1783.00
1781.00
1762.00
1724.00
1693.00
1656.00
1634.00
1606.00
1583.00
1547.00
1519.00
1514.00
1510.00
1524.00
1535.00
1546.00
1531.00
1532.00
1541.00
1560.00
1572.00
1589.00
1591.00
1587.00
1586.00
1583.00
1583.00
1589.00
1592.00
1590.00
1592.00
1587.00
1575.00
1570.00
1566.00
1570.00
1577.00
1592.00
1599.00
1601.00
1596.00
1601.00
1595.00
1590.00
1577.00
1564.00
1546.00
1532.00
1513.00
1503.00
1495.00
1477.00
1461.00
1456.00
1459.00
1462.00
1470.00
1486.00
1498.00
1501.00
1502.00
1505.00
1503.00
1500.00
1495.00
1484.00
1472.00
1460.00
1451.00
1444.00
1443.00
1444.00
1448.00
1452.00
1456.00
1458.00
1468.00
1472.00
1468.00
1463.00
1458.00
1444.00
1440.00
1453.00
1460.00
1468.00
1469.00
1463.00
1443.00
1428.00
1411.00
1402.00
1381.00
1344.00
1298.00
1257.00
1221.00
1206.00
1219.00
1247.00
1287.00
1328.00
1368.00
1393.00
1421.00
1427.00
1433.00
