8458.00
8508.00
8566.00
8636.00
8664.00
8742.00
8822.00
8888.00
8960.00
9040.00
9060.00
9056.00
9142.00
9250.00
9408.00
9566.00
9746.00
9872.00
9954.00
10030.00
10066.00
10080.00
10070.00
10070.00
9994.00
9956.00
9916.00
9866.00
9792.00
9748.00
9726.00
9714.00
9738.00
9774.00
9794.00
9808.00
9792.00
9770.00
9742.00
9682.00
9640.00
9646.00
9642.00
9668.00
9734.00
9782.00
9808.00
9818.00
9808.00
9752.00
9672.00
9564.00
9476.00
9364.00
9340.00
9366.00
9424.00
9488.00
9588.00
9668.00
9756.00
9842.00
9928.00
10010.00
10084.00
10140.00
10170.00
10210.00
10190.00
10170.00
10120.00
10110.00
10046.00
10076.00
10106.00
10156.00
10176.00
10250.00
10260.00
10230.00
10220.00
10200.00
10140.00
10032.00
9966.00
9908.00
9876.00
9876.00
9924.00
9970.00
9980.00
9962.00
9928.00
9892.00
9854.00
9800.00
9758.00
9702.00
9708.00
9734.00
9792.00
9884.00
9984.00
10074.00
10126.00
10190.00
10170.00
10180.00
10170.00
10190.00
10160.00
10220.00
10330.00
10410.00
10470.00
10580.00
10630.00
10610.00
10620.00
10560.00
10470.00
10410.00
10288.00
10152.00
10122.00
10132.00
10132.00
10174.00
10230.00
10230.00
10180.00
10190.00
10230.00
10270.00
10280.00
10390.00
10440.00
10420.00
10380.00
10390.00
10300.00
10188.00
10048.00
9892.00
9760.00
9690.00
9656.00
9684.00
9746.00
9776.00
9742.00
9718.00
9762.00
9798.00
9860.00
9934.00
9972.00
9962.00
9958.00
9928.00
9958.00
10020.00
10088.00
10160.00
10250.00
10300.00
10340.00
10440.00
10540.00
10650.00
10750.00
10840.00
10840.00
10850.00
10830.00
10820.00
10800.00
10780.00
10720.00
10680.00
10650.00
10580.00
10480.00
10430.00
10380.00
10310.00
10340.00
10440.00
10480.00
10510.00
10520.00
10450.00
10360.00
10330.00
10280.00
10240.00
10210.00
10170.00
10082.00
9994.00
9928.00
9894.00
9934.00
9992.00
10070.00
10126.00
10190.00
10180.00
10180.00
10180.00
10190.00
10170.00
10140.00
10100.00
10044.00
9998.00
9988.00
9998.00
9998.00
10008.00
9996.00
9980.00
9966.00
9952.00
9946.00
9952.00
9938.00
9934.00
9958.00
9990.00
10092.00
10232.00
10340.00
10430.00
10500.00
10510.00
10460.00
10430.00
10430.00
10360.00
10270.00
