6244.00
6286.00
6338.00
6364.00
6366.00
6356.00
6360.00
6436.00
6516.00
6590.00
6686.00
6762.00
6736.00
6728.00
6726.00
6708.00
6648.00
6634.00
6616.00
6590.00
6558.00
6558.00
6534.00
6518.00
6544.00
6576.00
6628.00
6668.00
6720.00
6740.00
6746.00
6728.00
6716.00
6688.00
6608.00
6532.00
6472.00
6404.00
6356.00
6378.00
6398.00
6382.00
6384.00
6374.00
6348.00
6324.00
6334.00
6346.00
6348.00
6348.00
6342.00
6342.00
6328.00
6280.00
6274.00
6286.00
6298.00
6322.00
6372.00
6390.00
6392.00
6376.00
6354.00
6362.00
6362.00
6378.00
6412.00
6432.00
6444.00
6464.00
6502.00
6524.00
6564.00
6594.00
6610.00
6604.00
6604.00
6596.00
6592.00
6596.00
6566.00
6520.00
6470.00
6396.00
6338.00
6354.00
6392.00
6414.00
6476.00
6526.00
6538.00
6536.00
6530.00
6502.00
6484.00
6462.00
6440.00
6446.00
6460.00
6468.00
6490.00
6512.00
6542.00
6568.00
6620.00
6668.00
6700.00
6704.00
6714.00
6702.00
6674.00
6668.00
6684.00
6722.00
6776.00
6834.00
6874.00
6878.00
6846.00
6822.00
6812.00
6832.00
6832.00
6842.00
6826.00
6824.00
6804.00
6844.00
6944.00
6962.00
6914.00
6850.00
6812.00
6688.00
6626.00
6618.00
6598.00
6454.00
6360.00
6246.00
6084.00
5962.00
5948.00
5918.00
5972.00
6084.00
6186.00
6272.00
6354.00
6368.00
6362.00
6334.00
6306.00
6282.00
6278.00
6230.00
6162.00
6094.00
6026.00
5962.00
5954.00
5990.00
6040.00
6120.00
6194.00
6260.00
6298.00
6320.00
6328.00
6340.00
6328.00
6366.00
6394.00
6390.00
6366.00
6374.00
6336.00
6298.00
6268.00
6268.00
6262.00
6286.00
6316.00
6346.00
6352.00
6352.00
6340.00
6336.00
6324.00
6328.00
6340.00
6362.00
6372.00
6398.00
6402.00
6390.00
6370.00
6366.00
6340.00
6332.00
6336.00
6338.00
6330.00
6342.00
6354.00
6356.00
6388.00
6412.00
6436.00
6514.00
6570.00
6568.00
6568.00
6540.00
6456.00
6438.00
6474.00
6516.00
6560.00
6590.00
6584.00
6584.00
6586.00
6580.00
6610.00
6660.00
6684.00
6818.00
6926.00
7016.00
7062.00
7102.00
7070.00
7080.00
7088.00
7094.00
7074.00
7026.00
7226.00
7404.00
7554.00
