825.60
829.40
833.80
837.40
841.80
845.60
850.40
860.20
875.80
892.80
920.20
953.20
979.00
999.00
1013.00
1012.40
1008.40
1004.20
992.20
984.20
980.20
974.20
967.00
966.80
964.00
957.60
950.60
945.40
939.40
932.60
927.60
923.20
923.80
927.00
930.40
935.20
936.20
934.00
930.00
923.20
915.20
909.20
900.40
894.80
892.60
891.20
890.20
888.60
881.20
872.00
862.00
852.80
846.40
841.40
844.40
849.80
854.80
861.20
877.20
888.40
900.20
910.40
919.00
920.40
920.80
919.80
918.80
922.80
926.40
929.80
929.20
931.00
926.40
921.80
917.60
917.00
916.00
918.80
921.40
920.60
919.80
914.40
905.60
892.80
882.60
874.60
868.60
863.60
862.40
862.20
861.40
861.80
861.40
861.00
859.20
853.60
849.60
843.80
835.20
828.40
825.00
823.00
846.20
869.20
892.40
918.60
941.00
941.00
945.00
950.80
953.80
957.40
957.80
958.00
953.40
948.80
944.60
941.20
931.60
916.40
903.20
890.00
875.20
865.80
865.00
864.00
867.80
875.20
881.80
883.40
881.40
876.20
870.60
865.40
864.40
860.80
854.80
839.80
827.40
815.80
808.40
801.60
793.40
780.20
769.20
762.80
757.80
764.40
772.80
781.40
785.00
788.00
789.80
794.00
795.00
794.40
792.80
791.00
788.20
785.00
784.60
785.20
786.20
787.20
789.40
790.80
790.60
791.40
793.80
795.20
796.40
799.40
801.60
800.80
801.00
801.40
801.40
798.60
797.20
794.00
790.20
785.00
777.80
772.60
766.40
761.40
759.60
763.00
765.40
769.80
772.40
773.80
772.60
769.80
762.60
757.00
749.60
745.40
740.80
740.40
739.60
738.60
736.00
734.60
733.40
732.00
734.00
736.20
736.20
737.60
740.20
741.60
742.60
744.60
742.60
739.00
734.60
732.60
732.60
734.40
735.40
733.80
730.40
724.80
720.80
717.20
716.00
715.20
715.40
714.20
714.20
715.00
714.80
715.40
717.80
718.60
719.20
720.80
721.40
721.80
722.40
