59140.00
59040.00
59320.00
59920.00
60360.00
60740.00
60880.00
60840.00
60660.00
60440.00
60100.00
60180.00
60560.00
60900.00
61360.00
61740.00
61880.00
62320.00
62360.00
62360.00
62660.00
63180.00
63260.00
63640.00
64200.00
64940.00
65580.00
65980.00
66380.00
66540.00
66440.00
66400.00
66400.00
66500.00
66760.00
66800.00
66900.00
67180.00
67220.00
67340.00
67860.00
68240.00
68600.00
69340.00
69700.00
70040.00
70180.00
70020.00
69560.00
69580.00
68840.00
68480.00
68680.00
68600.00
68320.00
68840.00
69140.00
69160.00
69560.00
69900.00
70040.00
70400.00
70760.00
71060.00
71240.00
71160.00
70840.00
70700.00
71420.00
72420.00
73700.00
75180.00
76480.00
77000.00
77180.00
77260.00
77040.00
76940.00
76740.00
76580.00
76960.00
77200.00
77380.00
77280.00
77440.00
78180.00
80840.00
84380.00
89240.00
93660.00
97860.00
101500.00
104400.00
106500.00
109000.00
110600.00
111100.00
112400.00
113600.00
115400.00
118100.00
121600.00
123100.00
123900.00
124900.00
125700.00
125400.00
124700.00
124900.00
124200.00
121400.00
118900.00
117100.00
115100.00
113000.00
111700.00
111300.00
109900.00
108900.00
107800.00
108400.00
107200.00
107100.00
106400.00
107300.00
107200.00
108100.00
109000.00
109500.00
108900.00
109200.00
109200.00
109500.00
109700.00
109100.00
106700.00
105500.00
103600.00
102700.00
102600.00
102340.00
100540.00
98900.00
96740.00
94560.00
93820.00
93320.00
93600.00
94940.00
96020.00
94220.00
92140.00
90820.00
88840.00
86520.00
86220.00
85680.00
84780.00
83700.00
83120.00
83860.00
85240.00
86420.00
89000.00
91000.00
91720.00
92720.00
92980.00
91120.00
89900.00
89940.00
91160.00
92740.00
94820.00
96640.00
97060.00
96080.00
94960.00
94120.00
92840.00
92840.00
92920.00
92480.00
91920.00
91620.00
90120.00
88880.00
88700.00
88380.00
88580.00
88980.00
89080.00
89340.00
90040.00
90860.00
92340.00
93060.00
92920.00
92280.00
91000.00
89880.00
90100.00
90480.00
91060.00
92040.00
91900.00
91420.00
90880.00
90300.00
89560.00
90320.00
91460.00
93160.00
94340.00
95800.00
95940.00
96120.00
95940.00
95880.00
95580.00
95400.00
94620.00
93700.00
93420.00
93040.00
93480.00
94340.00
96080.00
97780.00
99600.00
100160.00
100660.00
101060.00
100860.00
100240.00
100300.00
100400.00
100000.00
99880.00
100400.00
100780.00
