58680.00
58900.00
59040.00
59240.00
59540.00
59860.00
60100.00
60380.00
60640.00
60600.00
60500.00
60520.00
60480.00
60560.00
60360.00
60180.00
59780.00
59500.00
59260.00
59440.00
59660.00
59900.00
59940.00
59960.00
59980.00
59800.00
59660.00
59680.00
59680.00
59540.00
59620.00
59760.00
59820.00
59840.00
60060.00
60280.00
60400.00
60480.00
60480.00
60320.00
60060.00
59940.00
59820.00
59820.00
59940.00
60100.00
60160.00
60240.00
60300.00
60360.00
60340.00
60300.00
60400.00
59980.00
59340.00
58940.00
58760.00
58600.00
58920.00
59400.00
59600.00
59700.00
59520.00
59320.00
59240.00
59280.00
59240.00
59260.00
59160.00
58860.00
58580.00
58280.00
58040.00
58100.00
58140.00
58220.00
58400.00
58680.00
58680.00
58720.00
58880.00
58960.00
58840.00
58680.00
58700.00
58560.00
58440.00
58300.00
58360.00
58240.00
58040.00
57840.00
57760.00
57600.00
57860.00
57900.00
57860.00
57760.00
57740.00
57300.00
57160.00
57060.00
57060.00
57020.00
57240.00
57480.00
57600.00
57920.00
58280.00
58420.00
58600.00
58980.00
59240.00
59460.00
59700.00
59900.00
60060.00
60060.00
60140.00
60100.00
60020.00
60000.00
59880.00
59620.00
59440.00
59300.00
59120.00
59080.00
59060.00
59000.00
59060.00
59240.00
59400.00
59600.00
59880.00
60020.00
60000.00
59900.00
59660.00
59420.00
59140.00
58840.00
58460.00
57940.00
57600.00
57340.00
57020.00
56880.00
57020.00
56980.00
56780.00
56680.00
56680.00
56680.00
56560.00
56520.00
56460.00
56360.00
56180.00
56100.00
56160.00
56180.00
56100.00
56120.00
56160.00
56100.00
56060.00
56100.00
56080.00
56100.00
56220.00
56460.00
56640.00
56620.00
56620.00
56520.00
56260.00
56040.00
55960.00
55840.00
55840.00
55740.00
55540.00
55440.00
55360.00
55120.00
55000.00
54980.00
55140.00
55240.00
55500.00
55800.00
56000.00
55900.00
55740.00
55420.00
55040.00
54720.00
54500.00
54540.00
54640.00
54740.00
54900.00
55060.00
55060.00
55020.00
55100.00
55100.00
55080.00
55040.00
55060.00
55000.00
54920.00
54820.00
54700.00
54560.00
54420.00
54360.00
54360.00
54380.00
54360.00
54360.00
54360.00
54360.00
54280.00
54180.00
53920.00
53620.00
53280.00
53080.00
52940.00
52960.00
53400.00
53800.00
54120.00
54500.00
54780.00
54660.00
54600.00
54560.00
54440.00
