6690.00
6684.00
6682.00
6686.00
6686.00
6686.00
6696.00
6714.00
6736.00
6760.00
6776.00
6786.00
6806.00
6836.00
6864.00
6900.00
6946.00
6992.00
6986.00
7004.00
7016.00
7018.00
7018.00
7030.00
7022.00
7018.00
7024.00
7000.00
7002.00
7000.00
7002.00
6978.00
6974.00
6950.00
6928.00
6904.00
6894.00
6892.00
6894.00
6896.00
6886.00
6876.00
6858.00
6842.00
6840.00
6850.00
6844.00
6846.00
6846.00
6834.00
6820.00
6822.00
6804.00
6802.00
6798.00
6804.00
6818.00
6850.00
6880.00
6898.00
6910.00
6910.00
6904.00
6902.00
6916.00
6952.00
6984.00
7034.00
7074.00
7128.00
7154.00
7196.00
7220.00
7246.00
7252.00
7250.00
7226.00
7208.00
7208.00
7216.00
7238.00
7264.00
7284.00
7286.00
7290.00
7310.00
7328.00
7362.00
7390.00
7418.00
7418.00
7426.00
7406.00
7392.00
7390.00
7376.00
7364.00
7364.00
7356.00
7336.00
7344.00
7360.00
7390.00
7444.00
7496.00
7542.00
7568.00
7578.00
7564.00
7566.00
7572.00
7606.00
7660.00
7726.00
7746.00
7770.00
7776.00
7764.00
7754.00
7760.00
7754.00
7736.00
7710.00
7662.00
7612.00
7568.00
7536.00
7512.00
7514.00
7494.00
7458.00
7408.00
7366.00
7324.00
7324.00
7308.00
7298.00
7238.00
7192.00
7122.00
7074.00
7032.00
6976.00
6900.00
6840.00
6802.00
6794.00
6850.00
6912.00
6978.00
7066.00
7126.00
7196.00
7252.00
7294.00
7296.00
7264.00
7224.00
7194.00
7164.00
7154.00
7178.00
7170.00
7164.00
7176.00
7170.00
7158.00
7178.00
7192.00
7226.00
7260.00
7312.00
7364.00
7406.00
7420.00
7434.00
7438.00
7432.00
7436.00
7434.00
7434.00
7432.00
7414.00
7376.00
7346.00
7316.00
7282.00
7284.00
7292.00
7308.00
7324.00
7350.00
7364.00
7392.00
7400.00
7416.00
7408.00
7410.00
7414.00
7426.00
7416.00
7426.00
7420.00
7416.00
7410.00
7414.00
7414.00
7414.00
7414.00
7420.00
7500.00
7602.00
7716.00
7818.00
7918.00
7946.00
7972.00
7984.00
8010.00
8044.00
8088.00
8116.00
8146.00
8160.00
8172.00
8166.00
8154.00
8128.00
8092.00
8058.00
8040.00
8006.00
8000.00
8020.00
8030.00
8050.00
8132.00
8214.00
8312.00
8330.00
8272.00
