2804.00
2834.00
2846.00
2877.00
2900.00
2913.00
2947.00
2981.00
3016.00
3061.00
3089.00
3087.00
3097.00
3101.00
3093.00
3077.00
3071.00
3072.00
3087.00
3101.00
3128.00
3144.00
3161.00
3158.00
3143.00
3131.00
3121.00
3101.00
3088.00
3087.00
3084.00
3073.00
3069.00
3067.00
3025.00
2991.00
2962.00
2916.00
2853.00
2822.00
2790.00
2762.00
2747.00
2760.00
2766.00
2770.00
2777.00
2774.00
2751.00
2736.00
2715.00
2696.00
2684.00
2675.00
2675.00
2689.00
2697.00
2709.00
2727.00
2745.00
2752.00
2763.00
2776.00
2792.00
2808.00
2820.00
2825.00
2826.00
2816.00
2806.00
2798.00
2792.00
2784.00
2773.00
2757.00
2746.00
2728.00
2714.00
2708.00
2695.00
2682.00
2666.00
2645.00
2644.00
2661.00
2683.00
2700.00
2719.00
2712.00
2689.00
2655.00
2622.00
2594.00
2574.00
2575.00
2604.00
2652.00
2706.00
2758.00
2816.00
2853.00
2886.00
2907.00
2957.00
2978.00
3002.00
3032.00
3080.00
3069.00
3068.00
3056.00
3027.00
2992.00
2981.00
2979.00
2956.00
2946.00
2926.00
2902.00
2880.00
2856.00
2817.00
2752.00
2691.00
2632.00
2603.00
2587.00
2593.00
2597.00
2576.00
2553.00
2539.00
2529.00
2526.00
2530.00
2522.00
2488.00
2432.00
2377.00
2339.00
2302.00
2282.00
2262.00
2212.00
2164.00
2155.00
2150.00
2173.00
2244.00
2310.00
2330.00
2369.00
2407.00
2420.00
2425.00
2442.00
2419.00
2398.00
2396.00
2397.00
2400.00
2412.00
2423.00
2418.00
2423.00
2428.00
2437.00
2448.00
2467.00
2474.00
2496.00
2510.00
2517.00
2511.00
2505.00
2489.00
2472.00
2446.00
2432.00
2412.00
2388.00
2370.00
2362.00
2338.00
2321.00
2305.00
2274.00
2255.00
2255.00
2262.00
2268.00
2297.00
2306.00
2310.00
2294.00
2278.00
2263.00
2259.00
2253.00
2263.00
2281.00
2293.00
2321.00
2363.00
2397.00
2435.00
2465.00
2485.00
2483.00
2492.00
2485.00
2494.00
2487.00
2479.00
2447.00
2428.00
2403.00
2390.00
2386.00
2398.00
2394.00
2385.00
2359.00
2332.00
2297.00
2285.00
2277.00
2280.00
2287.00
2326.00
2360.00
2406.00
2487.00
2566.00
2643.00
2710.00
2750.00
2730.00
2730.00
2735.00
2723.00
