20170.00
20220.00
20350.00
20420.00
20370.00
20380.00
20390.00
20470.00
20610.00
20720.00
20810.00
20900.00
20970.00
20960.00
21080.00
21360.00
21610.00
21620.00
21720.00
21770.00
21570.00
21410.00
21530.00
21620.00
21720.00
21880.00
22070.00
22200.00
22310.00
22410.00
22420.00
22370.00
22220.00
22080.00
21820.00
21620.00
21610.00
21750.00
21800.00
21890.00
22030.00
21960.00
21880.00
21950.00
22180.00
22370.00
22690.00
22740.00
22740.00
22680.00
22550.00
22320.00
22360.00
22370.00
22360.00
22420.00
22520.00
22570.00
22620.00
22730.00
22820.00
22860.00
22840.00
22850.00
22830.00
22860.00
22900.00
23050.00
23170.00
23260.00
24140.00
24570.00
24880.00
25040.00
25360.00
24720.00
24420.00
24260.00
24310.00
24140.00
24070.00
23910.00
23620.00
23430.00
23360.00
23340.00
23400.00
23560.00
23460.00
23360.00
23180.00
23140.00
23020.00
22990.00
22940.00
22890.00
22840.00
22850.00
22870.00
22930.00
23040.00
23110.00
23200.00
23360.00
23420.00
23460.00
23470.00
23380.00
23280.00
23210.00
23120.00
22990.00
22990.00
22920.00
22870.00
22860.00
22900.00
22850.00
22820.00
22800.00
22720.00
22700.00
22570.00
22530.00
22430.00
22420.00
22380.00
22440.00
22370.00
22270.00
22090.00
22930.00
23240.00
23340.00
23460.00
23520.00
22640.00
22020.00
21670.00
21330.00
21230.00
21130.00
20980.00
20670.00
20510.00
20440.00
20260.00
20460.00
20740.00
20910.00
20820.00
20930.00
20970.00
21090.00
21210.00
21340.00
21130.00
20950.00
20790.00
21860.00
23850.00
25510.00
27280.00
28660.00
28820.00
28160.00
27560.00
26740.00
26380.00
25910.00
25390.00
25180.00
25100.00
24940.00
24890.00
24970.00
24780.00
24380.00
24050.00
23750.00
23270.00
23140.00
23230.00
23170.00
23090.00
22910.00
22810.00
22740.00
22890.00
22970.00
23100.00
23110.00
23060.00
22950.00
22800.00
22690.00
22650.00
22540.00
22360.00
22260.00
22240.00
22230.00
22420.00
22560.00
22790.00
22910.00
22990.00
22950.00
22930.00
22820.00
22730.00
22710.00
22680.00
22480.00
22200.00
21920.00
21650.00
21460.00
21540.00
21700.00
21820.00
21760.00
21670.00
21430.00
21180.00
21030.00
21010.00
20990.00
21060.00
21150.00
21200.00
21330.00
21410.00
21430.00
21410.00
21390.00
21270.00
21120.00
21050.00
21070.00
21130.00
