14420.00
14520.00
14580.00
14590.00
14550.00
14550.00
14560.00
14580.00
14680.00
14770.00
14840.00
14910.00
14960.00
14970.00
14910.00
14860.00
14930.00
15050.00
15130.00
15450.00
15800.00
16020.00
16200.00
16380.00
16410.00
16320.00
16150.00
16000.00
15920.00
15790.00
15730.00
15640.00
15620.00
15550.00
15500.00
15420.00
15500.00
15440.00
15330.00
15240.00
15120.00
14900.00
14740.00
14650.00
14510.00
14490.00
14530.00
14600.00
14630.00
14710.00
14760.00
14680.00
14600.00
14530.00
14460.00
14410.00
14610.00
14780.00
14950.00
15120.00
15270.00
15270.00
15260.00
15200.00
15130.00
15070.00
15050.00
15080.00
15080.00
15100.00
15120.00
15180.00
15190.00
15300.00
15400.00
15530.00
16070.00
16460.00
16790.00
17060.00
17350.00
17160.00
17120.00
17010.00
16990.00
16920.00
16930.00
16990.00
17250.00
17510.00
17750.00
17900.00
18010.00
18150.00
18540.00
19020.00
19710.00
20370.00
21000.00
21440.00
22070.00
22730.00
23360.00
24020.00
24580.00
25170.00
25530.00
25940.00
26310.00
26700.00
26710.00
26670.00
26420.00
26100.00
25780.00
25650.00
25490.00
25240.00
25030.00
24460.00
23800.00
23060.00
22560.00
22060.00
22050.00
21750.00
21360.00
20910.00
20500.00
19840.00
19370.00
19210.00
19140.00
19120.00
19220.00
19350.00
19450.00
19450.00
19580.00
19800.00
19690.00
19580.00
19400.00
18850.00
18330.00
18220.00
18120.00
18440.00
18930.00
19120.00
19440.00
19740.00
19910.00
20040.00
20150.00
20070.00
19950.00
19600.00
19290.00
19140.00
19000.00
19000.00
19090.00
19130.00
19200.00
19200.00
19060.00
19240.00
19430.00
19580.00
19870.00
20310.00
20490.00
20670.00
20840.00
20880.00
20660.00
20430.00
20200.00
20110.00
20060.00
20040.00
19950.00
19750.00
19460.00
19130.00
18900.00
18900.00
18960.00
18980.00
19140.00
19420.00
19530.00
19590.00
19670.00
19580.00
19420.00
19270.00
19180.00
19210.00
19520.00
19820.00
20180.00
20490.00
20600.00
20540.00
20430.00
20400.00
20300.00
20510.00
20560.00
20770.00
20770.00
20980.00
20870.00
20810.00
20660.00
20550.00
20370.00
20280.00
20280.00
20340.00
20380.00
20320.00
20240.00
20140.00
19800.00
19510.00
19300.00
19110.00
19030.00
19080.00
19120.00
19160.00
19250.00
19180.00
19090.00
19320.00
19480.00
19540.00
19720.00
