2135.00
2152.00
2184.00
2223.00
2266.00
2311.00
2348.00
2371.00
2412.00
2429.00
2433.00
2436.00
2452.00
2443.00
2438.00
2431.00
2423.00
2408.00
2404.00
2429.00
2462.00
2488.00
2537.00
2579.00
2593.00
2599.00
2617.00
2606.00
2595.00
2581.00
2580.00
2566.00
2554.00
2533.00
2493.00
2454.00
2419.00
2383.00
2351.00
2325.00
2296.00
2268.00
2245.00
2233.00
2224.00
2218.00
2243.00
2246.00
2242.00
2250.00
2244.00
2209.00
2196.00
2182.00
2178.00
2190.00
2203.00
2223.00
2245.00
2258.00
2265.00
2268.00
2271.00
2280.00
2291.00
2307.00
2320.00
2327.00
2333.00
2339.00
2342.00
2392.00
2426.00
2443.00
2455.00
2474.00
2447.00
2437.00
2437.00
2452.00
2464.00
2459.00
2441.00
2428.00
2401.00
2372.00
2335.00
2316.00
2286.00
2259.00
2231.00
2221.00
2202.00
2196.00
2193.00
2185.00
2193.00
2217.00
2233.00
2252.00
2267.00
2285.00
2290.00
2438.00
2625.00
2832.00
2995.00
3125.00
3121.00
3069.00
3013.00
3173.00
3342.00
3502.00
3643.00
3732.00
3608.00
3479.00
3504.00
3473.00
3491.00
3536.00
3529.00
3374.00
3311.00
3231.00
3171.00
3164.00
3163.00
3162.00
3165.00
3163.00
3184.00
3171.00
3146.00
3100.00
3046.00
2945.00
2891.00
2861.00
2835.00
2811.00
2808.00
2763.00
2724.00
2730.00
2738.00
2763.00
2803.00
2820.00
2796.00
2824.00
2903.00
3014.00
3096.00
3193.00
3192.00
3187.00
3158.00
3149.00
3152.00
3179.00
3208.00
3240.00
3472.00
3732.00
4031.00
4256.00
4508.00
4590.00
4718.00
4720.00
4760.00
4790.00
4829.00
4774.00
4813.00
4795.00
4759.00
4690.00
4447.00
4212.00
4023.00
3836.00
3647.00
3646.00
3629.00
3632.00
3622.00
3620.00
3611.00
3611.00
3576.00
3567.00
3550.00
3526.00
3506.00
3514.00
3518.00
3549.00
3568.00
3594.00
3609.00
3622.00
3606.00
3604.00
3616.00
3676.00
3709.00
3730.00
3751.00
3751.00
3676.00
3586.00
3514.00
3448.00
3403.00
3396.00
3405.00
3410.00
3390.00
3353.00
3330.00
3323.00
3313.00
3347.00
3389.00
3411.00
3406.00
3400.00
3401.00
3396.00
3377.00
3391.00
3403.00
3403.00
3372.00
3332.00
3293.00
3270.00
3255.00
