42110.00
42090.00
42200.00
42360.00
42570.00
42690.00
42920.00
43010.00
43050.00
42980.00
42970.00
43010.00
43120.00
43200.00
43390.00
43530.00
43640.00
43830.00
44050.00
44220.00
44380.00
44540.00
44410.00
44320.00
44220.00
44160.00
44060.00
44160.00
44200.00
44140.00
44010.00
43970.00
43820.00
43670.00
43590.00
43610.00
43570.00
43520.00
43500.00
43680.00
43910.00
44120.00
44430.00
44780.00
44890.00
45000.00
45470.00
46130.00
46680.00
47890.00
48940.00
49780.00
50340.00
50960.00
51040.00
51620.00
52000.00
52420.00
53080.00
54400.00
55280.00
56420.00
57780.00
59480.00
61420.00
62100.00
62520.00
63080.00
63340.00
62580.00
62820.00
62900.00
62560.00
62540.00
62120.00
61780.00
61520.00
60980.00
59780.00
59060.00
58500.00
57860.00
57540.00
57700.00
58080.00
58400.00
59480.00
60900.00
61840.00
62520.00
63380.00
63580.00
63420.00
63620.00
63600.00
63560.00
63740.00
64020.00
63900.00
64140.00
64060.00
64200.00
65360.00
66560.00
68560.00
70360.00
72000.00
71900.00
71840.00
71060.00
70760.00
70260.00
70420.00
70220.00
69600.00
68500.00
67560.00
66820.00
66460.00
66260.00
66220.00
65920.00
65020.00
64040.00
63140.00
62440.00
61760.00
61280.00
60400.00
59560.00
58700.00
58280.00
58100.00
58420.00
58640.00
58620.00
58360.00
57960.00
57860.00
57880.00
58140.00
58240.00
57720.00
56700.00
55860.00
55560.00
55480.00
56300.00
57760.00
58640.00
59020.00
59620.00
60300.00
60560.00
61140.00
61680.00
61720.00
61880.00
61860.00
61760.00
61740.00
61820.00
61720.00
61940.00
62140.00
62220.00
62240.00
62080.00
61940.00
61960.00
62220.00
62580.00
62700.00
62580.00
62100.00
61620.00
60920.00
60520.00
60320.00
60500.00
60340.00
60240.00
60020.00
59760.00
59840.00
60320.00
60600.00
61160.00
61280.00
61060.00
60620.00
60460.00
60020.00
60220.00
60100.00
59900.00
59900.00
60160.00
59920.00
59880.00
59960.00
59960.00
59860.00
59840.00
59920.00
59980.00
59940.00
59800.00
59800.00
59800.00
60880.00
62300.00
64480.00
66700.00
68680.00
69200.00
69440.00
69020.00
68540.00
68200.00
68040.00
67860.00
66260.00
64600.00
63600.00
62780.00
61680.00
61760.00
61980.00
61640.00
61420.00
61380.00
61480.00
61240.00
60620.00
59860.00
59220.00
58600.00
58220.00
58320.00
58680.00
