15610.00
15560.00
15630.00
15580.00
15550.00
15500.00
15380.00
15380.00
15400.00
15380.00
15400.00
15420.00
15640.00
15850.00
16160.00
16430.00
16760.00
16830.00
16950.00
17010.00
17120.00
17330.00
17430.00
17550.00
17700.00
17790.00
17770.00
17820.00
17830.00
17740.00
17640.00
17480.00
17400.00
17410.00
17490.00
17800.00
18190.00
18500.00
18700.00
18830.00
18630.00
18540.00
18430.00
18490.00
18430.00
18440.00
18170.00
17920.00
17510.00
17280.00
17020.00
16860.00
16780.00
16640.00
16450.00
16360.00
16300.00
16200.00
16220.00
16250.00
16250.00
16220.00
16210.00
16260.00
16350.00
16540.00
16670.00
16780.00
16790.00
16850.00
16840.00
16910.00
16930.00
17620.00
18070.00
19660.00
21880.00
24120.00
25250.00
26460.00
26320.00
25480.00
24450.00
23680.00
23080.00
22700.00
21980.00
21320.00
20820.00
20330.00
20070.00
20040.00
19900.00
19740.00
19590.00
18950.00
18370.00
18080.00
17940.00
17790.00
17810.00
17950.00
18050.00
18090.00
18010.00
18060.00
19190.00
19980.00
20490.00
20890.00
21470.00
21040.00
20890.00
20790.00
21290.00
21290.00
21130.00
21050.00
21180.00
20900.00
20850.00
20860.00
20640.00
20230.00
19850.00
19520.00
19410.00
19520.00
19820.00
20140.00
20500.00
20730.00
21040.00
21260.00
21080.00
20710.00
20130.00
19120.00
18190.00
17670.00
17260.00
16910.00
16370.00
15720.00
15090.00
14620.00
14420.00
14740.00
15210.00
15600.00
15800.00
15830.00
16080.00
16320.00
16520.00
16730.00
16780.00
16660.00
16650.00
16700.00
16810.00
17100.00
17310.00
17410.00
17460.00
17490.00
17420.00
17270.00
17140.00
17020.00
17000.00
17000.00
17070.00
17170.00
17220.00
17100.00
16890.00
16950.00
16830.00
16710.00
16800.00
16960.00
16880.00
17200.00
17430.00
17580.00
17790.00
18080.00
18100.00
18280.00
18320.00
18280.00
18170.00
18070.00
18020.00
18140.00
18220.00
18330.00
18370.00
18230.00
18000.00
17980.00
17960.00
18070.00
18250.00
18460.00
18500.00
18390.00
18160.00
17930.00
17770.00
17690.00
17650.00
17500.00
17240.00
16830.00
16460.00
16230.00
16120.00
16130.00
16100.00
16040.00
15820.00
15610.00
15330.00
15270.00
15220.00
15280.00
15350.00
15550.00
15640.00
15700.00
15810.00
15900.00
15920.00
15950.00
15980.00
15850.00
15720.00
15750.00
15760.00
