18770.00
18680.00
18780.00
18940.00
19020.00
19180.00
19260.00
19280.00
19300.00
19380.00
19390.00
19390.00
19430.00
19460.00
19440.00
19420.00
19450.00
19450.00
19530.00
19620.00
19660.00
19670.00
19700.00
19880.00
20040.00
20230.00
20460.00
20720.00
20740.00
20810.00
20910.00
21140.00
21280.00
21480.00
21420.00
21440.00
21250.00
21140.00
20930.00
20990.00
20970.00
21010.00
21090.00
21270.00
21410.00
21620.00
21830.00
21930.00
21920.00
21860.00
21570.00
21320.00
21130.00
21050.00
21110.00
21510.00
21870.00
22120.00
22360.00
22470.00
22390.00
22450.00
22590.00
22730.00
23100.00
23630.00
23950.00
24370.00
24530.00
24500.00
24320.00
24080.00
23740.00
23540.00
23300.00
23120.00
23010.00
22900.00
22860.00
22950.00
22990.00
22990.00
22970.00
23000.00
23010.00
23030.00
22910.00
22650.00
22440.00
22130.00
21750.00
21500.00
21420.00
21210.00
21080.00
20900.00
20810.00
20690.00
20630.00
20570.00
20610.00
20650.00
20820.00
21060.00
21290.00
21490.00
21670.00
21750.00
21740.00
21690.00
21660.00
21650.00
21600.00
21560.00
21550.00
21490.00
21450.00
21460.00
21440.00
21370.00
21350.00
21320.00
21190.00
21090.00
21000.00
20950.00
20910.00
20940.00
20930.00
20850.00
20700.00
20600.00
20500.00
20390.00
20350.00
20270.00
20030.00
19720.00
19460.00
19170.00
18920.00
18750.00
18580.00
18410.00
18230.00
18140.00
18070.00
18070.00
18230.00
18440.00
18440.00
18450.00
18530.00
18450.00
18410.00
18560.00
18600.00
18620.00
18740.00
18840.00
18930.00
19110.00
19270.00
19330.00
19320.00
19300.00
19300.00
19280.00
19260.00
19310.00
19360.00
19420.00
19520.00
19580.00
19680.00
19680.00
19640.00
19540.00
19380.00
19120.00
18960.00
18790.00
18640.00
18570.00
18570.00
18540.00
18580.00
18700.00
18800.00
18890.00
18990.00
19040.00
18990.00
18980.00
18930.00
18840.00
18750.00
18670.00
18600.00
18540.00
18520.00
18550.00
18570.00
18590.00
18700.00
18850.00
18980.00
19050.00
19120.00
19120.00
19090.00
19040.00
19070.00
19090.00
19080.00
19130.00
19120.00
19140.00
19130.00
19150.00
19100.00
19130.00
19120.00
19090.00
19080.00
19090.00
19140.00
19190.00
19280.00
19340.00
19410.00
19370.00
19340.00
19370.00
19400.00
19460.00
19550.00
19730.00
19880.00
19980.00
19980.00
