706800.00
706800.00
709400.00
703400.00
691000.00
677400.00
667400.00
658600.00
651800.00
647400.00
641800.00
644000.00
645400.00
646400.00
645800.00
646400.00
642000.00
640800.00
639000.00
639000.00
638800.00
637800.00
637600.00
638000.00
639000.00
639400.00
640800.00
641800.00
644600.00
647000.00
651600.00
658600.00
662400.00
664600.00
665200.00
665600.00
662400.00
663200.00
665000.00
665800.00
667200.00
669400.00
670000.00
671400.00
676400.00
681000.00
683200.00
685200.00
682600.00
675800.00
668200.00
663200.00
657600.00
651200.00
647400.00
644200.00
640200.00
637200.00
637600.00
638400.00
637600.00
637600.00
638600.00
639400.00
639600.00
640600.00
641000.00
639800.00
636800.00
633200.00
630600.00
627600.00
625000.00
624400.00
624800.00
624800.00
625800.00
625600.00
622800.00
619000.00
613000.00
604600.00
598800.00
594000.00
588200.00
585400.00
584200.00
581400.00
577800.00
576600.00
572800.00
567800.00
563400.00
561600.00
558200.00
553200.00
550000.00
545600.00
543000.00
540400.00
541000.00
542400.00
547800.00
550200.00
558000.00
566400.00
571000.00
574000.00
580000.00
584200.00
587000.00
591800.00
593400.00
591400.00
587000.00
583800.00
582400.00
581600.00
581200.00
578800.00
577000.00
574600.00
571400.00
567400.00
562000.00
555000.00
547800.00
540600.00
534800.00
529200.00
523200.00
521000.00
520000.00
518800.00
520200.00
519200.00
511700.00
506400.00
501900.00
496000.00
491600.00
487900.00
477300.00
466600.00
456400.00
447600.00
440100.00
435300.00
433100.00
429200.00
423600.00
420400.00
419900.00
419400.00
421200.00
425500.00
426300.00
426900.00
425600.00
427700.00
429800.00
433900.00
439400.00
444300.00
445300.00
443600.00
440400.00
436600.00
434100.00
432900.00
436900.00
441900.00
446200.00
448400.00
450600.00
449700.00
448500.00
447500.00
445700.00
444200.00
444500.00
443500.00
440000.00
438900.00
438200.00
433400.00
430900.00
431500.00
433300.00
434200.00
436600.00
438300.00
439900.00
437800.00
436200.00
435300.00
435100.00
433900.00
434200.00
434000.00
433300.00
431800.00
433900.00
435600.00
439200.00
445100.00
450700.00
451500.00
453500.00
452500.00
451100.00
449800.00
449300.00
447300.00
445400.00
440300.00
435800.00
431800.00
428600.00
427900.00
428400.00
429600.00
430300.00
430800.00
428800.00
427300.00
423200.00
419600.00
415300.00
413000.00
410500.00
409500.00
409900.00
411000.00
411200.00
410900.00
411600.00
411700.00
413800.00
414200.00
414900.00
