49020.00
47770.00
46710.00
46900.00
47020.00
47840.00
48910.00
50170.00
50880.00
50940.00
50710.00
49220.00
47540.00
45650.00
44410.00
43090.00
42220.00
41550.00
41640.00
41220.00
41410.00
41720.00
42400.00
42770.00
43650.00
43780.00
44010.00
44010.00
44470.00
44710.00
44770.00
44770.00
45140.00
44730.00
44160.00
43970.00
43830.00
43190.00
42290.00
41320.00
40490.00
39540.00
38840.00
38630.00
38870.00
38840.00
38870.00
38590.00
38000.00
37500.00
36780.00
36340.00
36280.00
36150.00
36100.00
36440.00
36390.00
36340.00
36790.00
36750.00
37630.00
38340.00
39030.00
40230.00
42740.00
43550.00
44370.00
44580.00
44190.00
42930.00
42200.00
41260.00
40730.00
40400.00
39880.00
39490.00
40110.00
40810.00
41550.00
42550.00
43480.00
43580.00
43690.00
43430.00
43350.00
43410.00
43570.00
43660.00
43910.00
43440.00
42410.00
41690.00
41070.00
40550.00
40590.00
41260.00
42220.00
43490.00
44100.00
44590.00
45130.00
45580.00
45430.00
45770.00
45720.00
45280.00
44150.00
43480.00
42660.00
42130.00
41420.00
40520.00
39050.00
37780.00
36940.00
36220.00
36150.00
36330.00
36570.00
36150.00
35720.00
35190.00
34530.00
33810.00
33370.00
33160.00
33220.00
33200.00
33030.00
32800.00
32490.00
32140.00
31980.00
31760.00
31550.00
31340.00
30850.00
30270.00
30370.00
30380.00
30700.00
30990.00
31060.00
30430.00
29890.00
29670.00
29660.00
30000.00
30500.00
30860.00
30570.00
30130.00
29780.00
29620.00
29370.00
29220.00
29060.00
28800.00
28350.00
28170.00
28240.00
28330.00
28490.00
28710.00
28820.00
28550.00
28250.00
28000.00
27900.00
28030.00
28730.00
29540.00
30330.00
31110.00
31840.00
32090.00
32100.00
32090.00
31930.00
31590.00
31420.00
31660.00
31570.00
31230.00
31120.00
30590.00
29920.00
29730.00
29620.00
29460.00
29570.00
29970.00
30340.00
31060.00
31660.00
31910.00
32010.00
31810.00
31230.00
30650.00
30620.00
30320.00
30290.00
30450.00
30980.00
31250.00
31540.00
31670.00
31700.00
31350.00
31280.00
31110.00
30890.00
30540.00
30380.00
30020.00
29960.00
30020.00
30220.00
30280.00
30160.00
29890.00
29570.00
29310.00
28960.00
29200.00
29250.00
29600.00
30040.00
30430.00
30430.00
30670.00
30670.00
30530.00
30410.00
30360.00
30800.00
30850.00
30750.00
30700.00
30620.00
