30240.00
30730.00
31620.00
32420.00
32490.00
32240.00
32040.00
31810.00
31700.00
31500.00
31520.00
31560.00
31810.00
31870.00
32080.00
32180.00
32460.00
32430.00
32630.00
32680.00
32740.00
32610.00
32560.00
32760.00
32860.00
33100.00
33240.00
33450.00
33640.00
33970.00
34180.00
35020.00
35890.00
36300.00
36220.00
36320.00
35730.00
35110.00
34660.00
34740.00
34850.00
35030.00
35360.00
36020.00
36810.00
37570.00
38470.00
39180.00
39500.00
39560.00
39040.00
38600.00
38510.00
39100.00
40030.00
41660.00
43260.00
44180.00
44710.00
45010.00
45160.00
45350.00
45690.00
45780.00
45900.00
46280.00
46390.00
46480.00
46390.00
46200.00
45660.00
44870.00
44300.00
43730.00
43280.00
42990.00
42870.00
42670.00
42510.00
42710.00
42640.00
42600.00
42470.00
42520.00
42620.00
42780.00
42650.00
42060.00
41690.00
40690.00
39670.00
39080.00
38930.00
38320.00
38120.00
37650.00
37200.00
36850.00
36910.00
36770.00
36980.00
37190.00
37690.00
38560.00
39210.00
39840.00
40300.00
40420.00
39890.00
39500.00
39080.00
38750.00
38580.00
38840.00
38920.00
38900.00
38940.00
38750.00
38150.00
37670.00
37340.00
37060.00
36650.00
36350.00
36330.00
36270.00
36110.00
36250.00
36270.00
36000.00
35720.00
35710.00
35640.00
35510.00
35440.00
35120.00
34510.00
33850.00
33400.00
33020.00
32750.00
32630.00
32250.00
31690.00
31320.00
31370.00
31300.00
31970.00
33040.00
33860.00
34010.00
33910.00
33460.00
32650.00
31810.00
31330.00
30970.00
30620.00
30610.00
30860.00
31290.00
31840.00
32160.00
32100.00
31860.00
31510.00
31030.00
30840.00
30760.00
30760.00
30710.00
30840.00
30920.00
30920.00
30770.00
30660.00
30510.00
30410.00
30370.00
30260.00
30230.00
30190.00
29970.00
29700.00
29610.00
29350.00
29170.00
29380.00
29600.00
29760.00
29940.00
30240.00
30160.00
30220.00
30190.00
30170.00
29930.00
29800.00
29590.00
29490.00
29370.00
29360.00
29370.00
29320.00
29280.00
29300.00
29500.00
29730.00
30000.00
30230.00
30390.00
30320.00
30240.00
29950.00
29650.00
29680.00
29750.00
29750.00
29940.00
30070.00
29850.00
29530.00
29230.00
28810.00
28460.00
28330.00
28330.00
28300.00
28370.00
28540.00
28590.00
28600.00
28840.00
29270.00
29560.00
29910.00
30130.00
30180.00
30180.00
30210.00
30110.00
