9302.00
9346.00
9384.00
9356.00
9264.00
9210.00
9206.00
9210.00
9238.00
9342.00
9396.00
9556.00
9680.00
9752.00
9766.00
9826.00
9784.00
9768.00
9768.00
9792.00
9790.00
9794.00
9750.00
9752.00
9790.00
9782.00
9720.00
9692.00
9636.00
9550.00
9560.00
9620.00
9646.00
9690.00
9694.00
9726.00
9704.00
9718.00
9698.00
9674.00
9594.00
9532.00
9456.00
9412.00
9568.00
9772.00
10016.00
10270.00
10490.00
10530.00
10490.00
10450.00
10410.00
10270.00
10164.00
10144.00
10134.00
10134.00
10274.00
10470.00
10620.00
10740.00
10870.00
10950.00
10970.00
10960.00
10920.00
10910.00
10850.00
10700.00
10600.00
10490.00
10330.00
10220.00
10170.00
10160.00
10130.00
10120.00
10110.00
10092.00
10010.00
9916.00
9842.00
9756.00
9720.00
9718.00
9822.00
9886.00
10032.00
10176.00
10260.00
10320.00
10400.00
10430.00
10370.00
10320.00
10280.00
10164.00
10044.00
9982.00
9930.00
9860.00
9872.00
9894.00
9882.00
9866.00
9838.00
9800.00
9724.00
9706.00
9702.00
9682.00
9682.00
9700.00
9688.00
9696.00
9724.00
9690.00
9674.00
9640.00
9602.00
9566.00
9506.00
9410.00
9338.00
9272.00
9226.00
9204.00
9230.00
9212.00
9150.00
9084.00
9058.00
9056.00
9076.00
9092.00
9098.00
9028.00
8936.00
8834.00
8710.00
8526.00
8390.00
8246.00
8120.00
8032.00
8092.00
8234.00
8368.00
8508.00
8732.00
8892.00
9008.00
9126.00
9212.00
9218.00
9206.00
9144.00
9142.00
9208.00
9250.00
9306.00
9364.00
9372.00
9334.00
9292.00
9214.00
9178.00
9170.00
9172.00
9176.00
9188.00
9178.00
9136.00
9110.00
9120.00
9108.00
9106.00
9080.00
9064.00
9056.00
9030.00
9000.00
8932.00
8828.00
8666.00
8598.00
8512.00
8558.00
8704.00
8912.00
9046.00
9258.00
9380.00
9416.00
9434.00
9492.00
9502.00
9502.00
9486.00
9464.00
9446.00
9488.00
9560.00
9634.00
9722.00
9780.00
9726.00
9690.00
9646.00
9530.00
9406.00
9312.00
9188.00
9090.00
9050.00
9052.00
9046.00
9044.00
9042.00
9064.00
9052.00
9062.00
9076.00
9066.00
9008.00
8926.00
8890.00
8844.00
8844.00
8898.00
8998.00
9034.00
9078.00
9124.00
9120.00
9106.00
9104.00
9110.00
9096.00
9104.00
