1620.00
1659.00
1684.00
1698.00
1709.00
1711.00
1705.00
1707.00
1716.00
1721.00
1730.00
1745.00
1758.00
1764.00
1770.00
1766.00
1763.00
1799.00
1833.00
1873.00
1925.00
1974.00
1967.00
1958.00
1942.00
1928.00
1910.00
1930.00
1949.00
1965.00
1975.00
1982.00
1972.00
1969.00
1933.00
1914.00
1895.00
1876.00
1835.00
1837.00
1831.00
1823.00
1810.00
1817.00
1813.00
1799.00
1786.00
1780.00
1758.00
1770.00
1789.00
1802.00
1817.00
1840.00
1846.00
1856.00
1871.00
1884.00
1902.00
1914.00
1911.00
1914.00
1912.00
1922.00
1931.00
1941.00
1939.00
1938.00
1931.00
1930.00
1925.00
1933.00
1949.00
1962.00
1957.00
1962.00
1958.00
1954.00
1951.00
1944.00
1936.00
1919.00
1879.00
1840.00
1816.00
1806.00
1823.00
1854.00
1875.00
1887.00
1896.00
1870.00
1835.00
1807.00
1795.00
1765.00
1754.00
1753.00
1747.00
1728.00
1722.00
1716.00
1714.00
1724.00
1735.00
1744.00
1757.00
1779.00
1800.00
1819.00
1836.00
1843.00
1844.00
1833.00
1818.00
1807.00
1811.00
1809.00
1812.00
1817.00
1826.00
1817.00
1792.00
1767.00
1751.00
1731.00
1724.00
1728.00
1731.00
1720.00
1698.00
1693.00
1683.00
1666.00
1648.00
1628.00
1581.00
1528.00
1495.00
1472.00
1459.00
1454.00
1445.00
1424.00
1413.00
1406.00
1406.00
1433.00
1464.00
1482.00
1487.00
1501.00
1510.00
1515.00
1522.00
1526.00
1510.00
1498.00
1487.00
1481.00
1502.00
1526.00
1553.00
1575.00
1597.00
1612.00
1616.00
1628.00
1641.00
1654.00
1659.00
1675.00
1666.00
1665.00
1668.00
1665.00
1654.00
1659.00
1671.00
1665.00
1662.00
1667.00
1670.00
1641.00
1628.00
1616.00
1606.00
1589.00
1605.00
1613.00
1623.00
1633.00
1636.00
1621.00
1609.00
1592.00
1574.00
1566.00
1566.00
1567.00
1568.00
1571.00
1582.00
1598.00
1619.00
1637.00
1656.00
1667.00
1676.00
1695.00
1711.00
1738.00
1762.00
1768.00
1749.00
1763.00
1753.00
1748.00
1788.00
1831.00
1854.00
1889.00
1932.00
1944.00
1950.00
1946.00
1941.00
1925.00
1896.00
1885.00
1876.00
1883.00
1882.00
2006.00
2210.00
2417.00
2643.00
2893.00
3036.00
3130.00
3206.00
