1775.00
1782.00
1781.00
1787.00
1789.00
1794.00
1806.00
1824.00
1838.00
1853.00
1861.00
1855.00
1848.00
1844.00
1859.00
1873.00
1887.00
1910.00
1930.00
1931.00
1929.00
1928.00
1920.00
1914.00
1905.00
1903.00
1908.00
1908.00
1909.00
1913.00
1918.00
1913.00
1923.00
1925.00
1911.00
1908.00
1901.00
1885.00
1873.00
1867.00
1847.00
1840.00
1837.00
1837.00
1848.00
1871.00
1894.00
1909.00
1921.00
1934.00
1932.00
1922.00
1913.00
1904.00
1903.00
1916.00
1928.00
1942.00
1958.00
1965.00
1984.00
2001.00
2016.00
2037.00
2064.00
2060.00
2057.00
2059.00
2054.00
2055.00
2068.00
2104.00
2138.00
2166.00
2187.00
2215.00
2218.00
2225.00
2242.00
2243.00
2235.00
2212.00
2189.00
2164.00
2150.00
2131.00
2142.00
2152.00
2138.00
2116.00
2098.00
2056.00
2001.00
1970.00
1954.00
1931.00
1916.00
1915.00
1911.00
1901.00
1902.00
1914.00
1926.00
1944.00
1955.00
1968.00
1974.00
1968.00
1958.00
1957.00
1955.00
1940.00
1929.00
1917.00
1903.00
1888.00
1896.00
1902.00
1909.00
1908.00
1911.00
1906.00
1924.00
1925.00
1931.00
1930.00
1930.00
1915.00
1916.00
1926.00
1929.00
1939.00
1944.00
1942.00
1921.00
1898.00
1858.00
1792.00
1746.00
1709.00
1680.00
1661.00
1652.00
1626.00
1679.00
1710.00
1756.00
1831.00
1899.00
1890.00
1880.00
1861.00
1832.00
1813.00
1797.00
1808.00
1807.00
1802.00
1793.00
1777.00
1765.00
1762.00
1761.00
1768.00
1783.00
1783.00
1777.00
1775.00
1776.00
1780.00
1797.00
1815.00
1830.00
1840.00
1848.00
1854.00
1858.00
1860.00
1860.00
1852.00
1844.00
1841.00
1837.00
1821.00
1813.00
1806.00
1793.00
1792.00
1805.00
1813.00
1819.00
1829.00
1827.00
1821.00
1809.00
1793.00
1775.00
1764.00
1753.00
1747.00
1748.00
1753.00
1756.00
1759.00
1765.00
1768.00
1770.00
1772.00
1783.00
1791.00
1796.00
1797.00
1795.00
1782.00
1767.00
1757.00
1756.00
1758.00
1767.00
1778.00
1783.00
1783.00
1779.00
1770.00
1764.00
1762.00
1760.00
1760.00
1767.00
1775.00
1781.00
1788.00
1794.00
1796.00
1797.00
1811.00
1821.00
1834.00
1855.00
1868.00
1867.00
