1308.00
1318.00
1326.00
1340.00
1352.00
1359.00
1377.00
1394.00
1404.00
1417.00
1422.00
1418.00
1418.00
1420.00
1421.00
1431.00
1435.00
1437.00
1440.00
1447.00
1459.00
1472.00
1485.00
1493.00
1503.00
1504.00
1511.00
1515.00
1524.00
1525.00
1523.00
1524.00
1527.00
1526.00
1516.00
1526.00
1527.00
1557.00
1585.00
1630.00
1672.00
1717.00
1729.00
1753.00
1782.00
1807.00
1835.00
1870.00
1883.00
1907.00
1925.00
1948.00
2003.00
2047.00
2056.00
2061.00
2078.00
2049.00
2036.00
2034.00
2027.00
2005.00
1987.00
1990.00
1997.00
2003.00
1996.00
2000.00
1977.00
1949.00
1928.00
1926.00
1916.00
1919.00
1925.00
1943.00
1944.00
1956.00
1962.00
1969.00
1975.00
1986.00
2022.00
2056.00
2095.00
2092.00
2124.00
2138.00
2276.00
2382.00
2524.00
2642.00
2695.00
2631.00
2605.00
2549.00
2487.00
2469.00
2457.00
2432.00
2433.00
2448.00
2483.00
2505.00
2498.00
2495.00
2440.00
2379.00
2317.00
2279.00
2239.00
2213.00
2186.00
2152.00
2118.00
2073.00
2067.00
2066.00
2078.00
2112.00
2161.00
2183.00
2157.00
2135.00
2098.00
2056.00
2023.00
2022.00
2001.00
1954.00
1903.00
1862.00
1821.00
1790.00
1785.00
1775.00
1761.00
1740.00
1732.00
1724.00
1720.00
1710.00
1662.00
1636.00
1606.00
1588.00
1573.00
1603.00
1613.00
1621.00
1612.00
1608.00
1609.00
1609.00
1607.00
1614.00
1594.00
1574.00
1554.00
1531.00
1513.00
1520.00
1524.00
1528.00
1536.00
1533.00
1511.00
1496.00
1480.00
1477.00
1484.00
1501.00
1515.00
1536.00
1550.00
1553.00
1547.00
1542.00
1530.00
1526.00
1538.00
1558.00
1563.00
1569.00
1567.00
1555.00
1550.00
1567.00
1593.00
1619.00
1651.00
1679.00
1703.00
1701.00
1686.00
1671.00
1657.00
1642.00
1643.00
1652.00
1667.00
1677.00
1684.00
1681.00
1679.00
1672.00
1667.00
1657.00
1653.00
1652.00
1647.00
1647.00
1647.00
1642.00
1632.00
1616.00
1601.00
1596.00
1599.00
1606.00
1621.00
1639.00
1656.00
1665.00
1674.00
1686.00
1696.00
1701.00
1707.00
1715.00
1722.00
1724.00
1725.00
1731.00
1741.00
1750.00
1767.00
1784.00
1802.00
1820.00
1834.00
