4242.00
4264.00
4305.00
4322.00
4336.00
4350.00
4336.00
4327.00
4326.00
4331.00
4342.00
4362.00
4399.00
4417.00
4442.00
4452.00
4457.00
4461.00
4472.00
4474.00
4506.00
4579.00
4616.00
4656.00
4683.00
4678.00
4651.00
4637.00
4624.00
4619.00
4610.00
4583.00
4564.00
4547.00
4527.00
4574.00
4627.00
4688.00
4715.00
4738.00
4702.00
4713.00
4722.00
4761.00
4790.00
4821.00
4792.00
4742.00
4677.00
4639.00
4579.00
4536.00
4772.00
4995.00
5163.00
5366.00
5556.00
5478.00
5430.00
5442.00
5428.00
5378.00
5344.00
5336.00
5304.00
5274.00
5316.00
5358.00
5338.00
5340.00
5340.00
5300.00
5264.00
5216.00
5152.00
5126.00
5118.00
5096.00
5140.00
5180.00
5186.00
5170.00
5130.00
5035.00
4968.00
4950.00
4954.00
4941.00
4973.00
4982.00
4961.00
4985.00
4970.00
4888.00
4830.00
4739.00
4580.00
4504.00
4491.00
4467.00
4480.00
4516.00
4553.00
4595.00
4634.00
4679.00
4676.00
4654.00
4621.00
4597.00
4568.00
4576.00
4585.00
4582.00
4562.00
4532.00
4510.00
4492.00
4486.00
4487.00
4472.00
4450.00
4390.00
4317.00
4267.00
4249.00
4235.00
4259.00
4313.00
4359.00
4383.00
4410.00
4439.00
4428.00
4387.00
4339.00
4266.00
4134.00
4046.00
4014.00
3980.00
3974.00
3962.00
3890.00
3781.00
3718.00
3664.00
3695.00
3766.00
3816.00
3811.00
3802.00
3806.00
3844.00
3895.00
3952.00
3971.00
3965.00
3954.00
3959.00
3983.00
4044.00
4100.00
4119.00
4127.00
4146.00
4151.00
4134.00
4152.00
4180.00
4264.00
4325.00
4419.00
4485.00
4539.00
4509.00
4477.00
4435.00
4389.00
4325.00
4298.00
4284.00
4258.00
4257.00
4275.00
4276.00
4289.00
4326.00
4352.00
4395.00
4409.00
4421.00
4432.00
4432.00
4433.00
4460.00
4479.00
4493.00
4509.00
4497.00
4499.00
4551.00
4598.00
4658.00
4706.00
4727.00
4706.00
4675.00
4643.00
4640.00
4709.00
4813.00
4864.00
4866.00
4821.00
4702.00
4583.00
4526.00
4513.00
4528.00
4550.00
4543.00
4517.00
4474.00
4419.00
4399.00
4402.00
4419.00
4453.00
4503.00
4536.00
4557.00
4569.00
4572.00
4581.00
4577.00
4566.00
4534.00
4515.00
4505.00
4520.00
