2030.00
2019.00
2020.00
2016.00
2034.00
2053.00
2095.00
2115.00
2132.00
2118.00
2142.00
2122.00
2126.00
2130.00
2139.00
2139.00
2167.00
2186.00
2189.00
2199.00
2180.00
2150.00
2125.00
2115.00
2105.00
2087.00
2077.00
2065.00
2045.00
2023.00
2014.00
1998.00
1982.00
1979.00
1965.00
1959.00
1966.00
1970.00
1962.00
1968.00
1975.00
1975.00
1982.00
1999.00
2007.00
2005.00
2005.00
2002.00
1988.00
1986.00
1979.00
1970.00
1960.00
1931.00
1910.00
1898.00
1887.00
1881.00
1897.00
1900.00
1903.00
1906.00
1912.00
1924.00
1936.00
1946.00
1951.00
1953.00
1949.00
1938.00
1933.00
1931.00
1921.00
1907.00
1908.00
1902.00
1899.00
2015.00
2286.00
2438.00
2566.00
2704.00
2701.00
2516.00
2445.00
2402.00
2366.00
2339.00
2328.00
2322.00
2299.00
2265.00
2242.00
2253.00
2256.00
2271.00
2261.00
2257.00
2242.00
2218.00
2200.00
2216.00
2232.00
2354.00
2490.00
2613.00
2692.00
2760.00
2717.00
2657.00
2612.00
2581.00
2561.00
2525.00
2506.00
2498.00
2474.00
2460.00
2454.00
2444.00
2398.00
2394.00
2372.00
2351.00
2332.00
2339.00
2338.00
2328.00
2316.00
2290.00
2267.00
2242.00
2236.00
2246.00
2256.00
2244.00
2219.00
2176.00
2135.00
2106.00
2070.00
2048.00
2037.00
1996.00
1968.00
1961.00
1946.00
1941.00
1951.00
1953.00
1942.00
1942.00
1952.00
1982.00
1992.00
2013.00
2012.00
1996.00
1966.00
1950.00
1935.00
1938.00
1946.00
1959.00
1972.00
1979.00
1977.00
1979.00
1997.00
2004.00
2010.00
2028.00
2035.00
2023.00
2023.00
2034.00
2028.00
2019.00
2009.00
1996.00
1981.00
1979.00
1979.00
1968.00
1954.00
1939.00
1933.00
1931.00
1943.00
1958.00
1972.00
1985.00
1992.00
1996.00
2121.00
2227.00
2320.00
2385.00
2477.00
2421.00
2371.00
2359.00
2401.00
2399.00
2400.00
2413.00
2400.00
2342.00
2295.00
2267.00
2251.00
2224.00
2227.00
2226.00
2219.00
2191.00
2180.00
2169.00
2166.00
2178.00
2214.00
2250.00
2288.00
2317.00
2333.00
2328.00
2300.00
2265.00
2250.00
2261.00
2282.00
2307.00
2340.00
2342.00
2325.00
2312.00
2293.00
2267.00
2266.00
2269.00
2270.00
