1901.41
1893.65
1889.77
1894.62
1898.50
1904.32
1914.02
1921.78
1937.30
1954.76
1978.04
2002.30
2033.34
2074.09
2102.22
2117.74
2126.47
2130.35
2120.65
2120.65
2128.41
2143.93
2153.63
2167.21
2178.86
2182.74
2184.68
2187.59
2185.65
2203.11
2220.57
2245.80
2274.90
2348.63
2381.61
2429.14
2454.37
2473.77
2427.20
2421.38
2406.83
2402.95
2398.10
2409.74
2401.98
2394.22
2393.25
2398.10
2427.20
2441.75
2442.72
2433.02
2424.29
2387.43
2366.09
2358.33
2353.47
2348.62
2354.45
2392.28
2438.84
2466.01
2515.48
2617.34
2677.49
2719.20
2756.07
2787.11
2751.22
2727.93
2714.35
2714.35
2696.89
2680.40
2661.97
2649.36
2652.27
2657.12
2667.79
2676.52
2672.64
2639.66
2611.52
2581.45
2561.08
2556.23
2565.93
2569.81
2574.66
2574.66
2563.99
2558.17
2532.95
2505.78
2494.14
2470.86
2450.49
2451.46
2456.31
2456.31
2475.71
2489.29
2500.93
2522.27
2545.56
2547.50
2560.11
2569.81
2563.02
2543.62
2540.71
2531.00
2512.57
2494.14
2471.83
2442.72
2422.35
2397.13
2382.58
2359.29
2347.65
2334.07
2325.34
2309.82
2307.88
2303.03
2303.03
2312.73
2327.28
2329.22
2328.25
2325.34
2332.13
2339.89
2342.80
2332.13
2307.88
2255.49
2212.81
2187.59
2174.98
2180.80
2185.65
2174.98
2174.98
2184.68
2184.68
2212.81
2257.43
2304.97
2329.22
2366.09
2399.07
2426.23
2434.97
2457.28
2486.38
2540.71
2579.51
2601.82
2622.19
2651.30
2660.03
2662.94
2683.31
2692.04
2671.67
2647.42
2648.39
2669.73
2698.83
2725.03
2746.37
2763.83
2768.68
2791.96
2797.78
2799.72
2795.84
2781.29
2756.07
2759.95
2758.98
2748.31
2729.88
2700.77
2653.24
2618.31
2628.99
2648.39
2686.22
2736.67
2771.59
2767.71
2763.83
2752.19
2742.49
2749.28
2758.01
2770.62
2780.32
2785.17
2786.14
2788.08
2788.08
2790.99
2797.78
2804.57
2815.25
2822.04
2804.58
2783.23
2758.01
2706.59
2654.21
2628.98
2610.55
2588.24
2588.24
2594.06
2592.12
2589.21
2590.18
2587.27
2575.63
2576.60
2578.54
2583.39
2584.36
2599.88
2599.88
2605.70
2618.31
2639.66
2654.21
2680.40
2695.92
2701.74
2707.56
2714.09
2714.84
