5116.00
5122.00
5140.00
5206.00
5298.00
5444.00
5576.00
5688.00
5778.00
5806.00
5800.00
5796.00
5840.00
5860.00
5902.00
5888.00
5898.00
5894.00
5934.00
5984.00
6084.00
6158.00
6196.00
6222.00
6194.00
6168.00
6120.00
6102.00
6056.00
6030.00
5996.00
5990.00
5970.00
5966.00
5918.00
5858.00
5788.00
5714.00
5594.00
5512.00
5424.00
5390.00
5372.00
5396.00
5446.00
5514.00
5542.00
5552.00
5538.00
5512.00
5492.00
5468.00
5456.00
5464.00
5450.00
5444.00
5410.00
5382.00
5370.00
5388.00
5398.00
5416.00
5436.00
5458.00
5460.00
5468.00
5490.00
5492.00
5476.00
5492.00
5496.00
5500.00
5530.00
5558.00
5566.00
5574.00
5568.00
5548.00
5534.00
5524.00
5506.00
5488.00
5440.00
5382.00
5320.00
5266.00
5226.00
5214.00
5190.00
5150.00
5126.00
5072.00
4995.00
4931.00
4912.00
4846.00
4810.00
4815.00
4823.00
4822.00
4854.00
4901.00
4939.00
4995.00
5053.00
5113.00
5162.00
5194.00
5192.00
5176.00
5156.00
5134.00
5112.00
5106.00
5090.00
5076.00
5060.00
5066.00
5080.00
5102.00
5120.00
5144.00
5142.00
5128.00
5122.00
5134.00
5154.00
5170.00
5184.00
5182.00
5162.00
5126.00
5122.00
5136.00
5148.00
5127.00
5129.00
5111.00
5055.00
4991.00
4976.00
4944.00
4849.00
4766.00
4704.00
4650.00
4578.00
4567.00
4580.00
4600.00
4561.00
4549.00
4557.00
4565.00
4561.00
4594.00
4585.00
4575.00
4547.00
4521.00
4509.00
4552.00
4594.00
4631.00
4671.00
4699.00
4700.00
4687.00
4680.00
4688.00
4706.00
4737.00
4790.00
4851.00
4879.00
4911.00
4913.00
4897.00
4878.00
4882.00
4866.00
4883.00
4871.00
4831.00
4793.00
4738.00
4667.00
4616.00
4594.00
4570.00
4567.00
4575.00
4572.00
4577.00
4561.00
4541.00
4511.00
4489.00
4449.00
4425.00
4399.00
4376.00
4377.00
4393.00
4413.00
4444.00
4472.00
4491.00
4507.00
4508.00
4503.00
4490.00
4463.00
4423.00
4387.00
4352.00
4324.00
4307.00
4299.00
4295.00
4285.00
4270.00
4257.00
4248.00
4231.00
4230.00
4224.00
4214.00
4226.00
4246.00
4268.00
4301.00
4341.00
4360.00
4372.00
4372.00
4371.00
4360.00
4367.00
4371.00
4367.00
