13352.38
13342.84
13457.12
13495.22
13571.42
13657.14
13752.38
13800.00
13819.06
13809.52
13800.00
13733.34
13685.72
13580.96
13571.44
13619.06
13685.72
13809.54
13952.38
14085.72
14066.66
14085.72
14076.18
14095.24
14123.80
14266.66
14504.74
14628.56
14799.98
14933.32
15076.18
15047.62
15066.66
15038.10
14914.30
14800.02
14733.34
14695.24
14600.00
14561.90
14533.32
14533.32
14552.38
14571.42
14685.70
14876.18
14961.90
15076.18
15257.14
15342.86
15285.72
15342.86
15352.38
15314.28
15314.28
15304.76
15276.20
15276.20
15380.96
15419.06
15542.86
15685.72
15800.02
15847.64
15866.68
15876.20
15828.58
15771.42
15685.70
15647.60
15628.56
15571.42
15457.14
15371.44
15304.78
15200.02
15161.92
15219.06
15266.68
15247.64
15257.16
15257.16
15247.64
15219.06
15257.14
15295.24
15390.48
15428.58
15438.10
15400.02
15352.40
15228.58
15161.92
15142.88
15161.92
15152.40
15219.08
15238.12
15323.82
15400.00
15504.76
15590.46
15733.32
15771.42
15819.04
15866.66
15866.66
15838.08
15799.98
15771.42
15742.84
15714.28
15676.18
15580.96
15504.76
15419.04
15371.42
15314.28
15380.94
15400.00
15390.48
15400.00
15342.86
15314.28
15333.32
15352.38
15361.90
15380.96
15428.58
15409.54
15390.48
15342.86
15428.56
15457.14
15504.76
15609.52
15714.28
15704.76
15704.76
15714.28
15695.24
15600.00
15447.62
15133.34
14942.86
14847.62
14809.54
14961.92
15209.54
15361.92
15380.96
15514.28
15571.42
15619.02
15590.46
15561.90
15428.58
15361.92
15323.84
15371.44
15438.10
15533.32
15523.80
15542.84
15542.84
15542.84
15533.32
15571.40
15628.54
15657.12
15695.22
15733.32
15771.42
15761.90
15761.90
15761.90
15733.32
15676.18
15638.08
15599.98
15561.88
15533.32
15523.80
15504.76
15476.20
15495.24
15485.72
15476.20
15466.68
15495.24
15495.24
15495.24
15523.80
15533.32
15485.70
15380.94
15361.88
15361.88
15333.30
15266.64
15266.64
15342.84
15295.22
15314.28
15428.56
15542.86
15504.76
15466.68
15485.72
15457.16
15419.06
15400.02
15504.78
15495.26
15476.20
15466.68
15476.20
15428.58
15428.58
15419.06
15400.00
15371.42
15333.32
15285.70
15266.66
15200.00
15085.72
15076.20
15028.58
15009.52
15019.04
15095.24
15076.18
15142.84
15171.42
15266.66
15371.42
15514.28
15619.04
15781.42
15856.66
