1331.00
1353.00
1370.00
1390.00
1397.00
1403.00
1404.00
1408.00
1410.00
1426.00
1450.00
1467.00
1481.00
1489.00
1483.00
1466.00
1457.00
1438.00
1426.00
1419.00
1412.00
1400.00
1403.00
1404.00
1403.00
1400.00
1399.00
1398.00
1395.00
1393.00
1400.00
1420.00
1428.00
1440.00
1432.00
1432.00
1412.00
1395.00
1376.00
1375.00
1359.00
1351.00
1345.00
1341.00
1344.00
1349.00
1349.00
1353.00
1354.00
1351.00
1344.00
1341.00
1339.00
1335.00
1336.00
1343.00
1348.00
1352.00
1359.00
1357.00
1351.00
1344.00
1339.00
1336.00
1339.00
1343.00
1354.00
1364.00
1368.00
1371.00
1374.00
1376.00
1374.00
1373.00
1373.00
1373.00
1370.00
1372.00
1372.00
1372.00
1372.00
1363.00
1349.00
1336.00
1320.00
1304.00
1297.00
1289.00
1289.00
1291.00
1296.00
1299.00
1307.00
1305.00
1302.00
1294.00
1288.00
1287.00
1290.00
1293.00
1297.00
1301.00
1297.00
1300.00
1309.00
1320.00
1331.00
1344.00
1351.00
1350.00
1348.00
1345.00
1369.00
1401.00
1427.00
1442.00
1458.00
1445.00
1428.00
1427.00
1440.00
1446.00
1450.00
1440.00
1427.00
1411.00
1399.00
1398.00
1407.00
1398.00
1389.00
1386.00
1375.00
1365.00
1365.00
1354.00
1338.00
1305.00
1273.00
1245.00
1234.00
1212.00
1199.00
1167.00
1143.00
1125.00
1124.00
1137.00
1169.00
1195.00
1204.00
1208.00
1213.00
1220.00
1220.00
1226.00
1226.00
1223.00
1221.00
1220.00
1221.00
1227.00
1232.00
1235.00
1245.00
1256.00
1266.00
1272.00
1282.00
1292.00
1295.00
1302.00
1312.00
1317.00
1321.00
1331.00
1334.00
1336.00
1334.00
1330.00
1328.00
1330.00
1330.00
1323.00
1315.00
1303.00
1295.00
1289.00
1293.00
1299.00
1304.00
1311.00
1321.00
1330.00
1336.00
1342.00
1343.00
1341.00
1342.00
1344.00
1346.00
1358.00
1380.00
1397.00
1420.00
1439.00
1453.00
1456.00
1461.00
1460.00
1459.00
1452.00
1447.00
1443.00
1443.00
1447.00
1454.00
1471.00
1483.00
1491.00
1499.00
1507.00
1502.00
1500.00
1490.00
1482.00
1474.00
1469.00
1469.00
1475.00
1480.00
1490.00
1501.00
1505.00
1508.00
1508.00
1502.00
1507.00
1516.00
1516.00
1518.00
