2728.00
2709.00
2701.00
2721.00
2729.00
2745.00
2758.00
2779.00
2806.00
2848.00
2871.00
2893.00
2911.00
2915.00
2902.00
2896.00
2887.00
2880.00
2875.00
2880.00
2883.00
2894.00
2892.00
2887.00
2872.00
2863.00
2854.00
2852.00
2856.00
2864.00
2867.00
2865.00
2868.00
2873.00
2865.00
2866.00
2864.00
2861.00
2855.00
2856.00
2852.00
2847.00
2841.00
2834.00
2841.00
2853.00
2867.00
2878.00
2897.00
2897.00
2886.00
2882.00
2882.00
2873.00
2867.00
2869.00
2869.00
2860.00
2848.00
2847.00
2845.00
2841.00
2846.00
2856.00
2863.00
2869.00
2872.00
2877.00
2881.00
2885.00
2887.00
2892.00
2907.00
2914.00
2917.00
2930.00
2932.00
2923.00
2922.00
2926.00
2923.00
2918.00
2914.00
2904.00
2889.00
2871.00
2905.00
2932.00
2966.00
3001.00
3042.00
3029.00
3006.00
2988.00
2985.00
2966.00
2960.00
2969.00
2973.00
2979.00
2997.00
3026.00
3067.00
3111.00
3126.00
3134.00
3164.00
3190.00
3193.00
3211.00
3239.00
3226.00
3199.00
3197.00
3192.00
3184.00
3152.00
3127.00
3107.00
3089.00
3075.00
3090.00
3075.00
3058.00
3050.00
3042.00
3034.00
3046.00
3049.00
3033.00
3012.00
2999.00
2989.00
2980.00
2993.00
2996.00
2990.00
2968.00
2942.00
2905.00
2863.00
2822.00
2774.00
2711.00
2653.00
2621.00
2599.00
2607.00
2632.00
2652.00
2663.00
2668.00
2677.00
2684.00
2690.00
2693.00
2680.00
2660.00
2648.00
2638.00
2637.00
2654.00
2672.00
2691.00
2708.00
2717.00
2719.00
2723.00
2727.00
2738.00
2749.00
2767.00
2781.00
2791.00
2796.00
2805.00
2808.00
2811.00
2807.00
2801.00
2789.00
2774.00
2760.00
2743.00
2730.00
2718.00
2709.00
2711.00
2725.00
2736.00
2746.00
2758.00
2754.00
2747.00
2739.00
2732.00
2724.00
2722.00
2722.00
2722.00
2724.00
2728.00
2738.00
2748.00
2763.00
2775.00
2789.00
2796.00
2801.00
2794.00
2788.00
2777.00
2769.00
2753.00
2736.00
2720.00
2706.00
2692.00
2676.00
2673.00
2666.00
2660.00
2653.00
2650.00
2633.00
2622.00
2612.00
2603.00
2601.00
2609.00
2620.00
2634.00
2652.00
2669.00
2685.00
2698.00
2709.00
2710.00
2720.00
2720.00
2709.00
