334300.00
333200.00
332500.00
330800.00
328800.00
326200.00
324000.00
321900.00
321100.00
321100.00
321500.00
322600.00
323300.00
324400.00
325300.00
326200.00
326700.00
328500.00
328800.00
329100.00
329800.00
329900.00
329400.00
330300.00
331200.00
331500.00
332500.00
333800.00
334300.00
334400.00
334800.00
335300.00
335300.00
335500.00
335000.00
335300.00
334900.00
334300.00
332800.00
332300.00
330900.00
330300.00
329700.00
331300.00
332400.00
332900.00
332900.00
332800.00
330200.00
328000.00
326000.00
323800.00
322200.00
321200.00
320600.00
320700.00
320800.00
321400.00
322200.00
322900.00
323000.00
323200.00
323000.00
323300.00
323500.00
324300.00
325300.00
325700.00
325300.00
325200.00
324800.00
324600.00
324600.00
325000.00
324600.00
324400.00
323600.00
323000.00
322100.00
321000.00
319900.00
318900.00
318300.00
318100.00
318500.00
319300.00
319500.00
319700.00
319500.00
319300.00
324000.00
329100.00
334100.00
338300.00
337600.00
332200.00
327500.00
322300.00
318900.00
319900.00
320700.00
321800.00
324000.00
325300.00
327000.00
331600.00
333000.00
334300.00
336700.00
339100.00
338200.00
339200.00
340400.00
340600.00
340900.00
341200.00
340400.00
339200.00
338300.00
337300.00
335900.00
336400.00
335200.00
332400.00
329100.00
326400.00
323800.00
322200.00
322000.00
321900.00
321500.00
322000.00
323000.00
323500.00
324200.00
324600.00
324000.00
322600.00
321800.00
321000.00
320200.00
319500.00
319800.00
320000.00
319900.00
320300.00
319900.00
318900.00
317700.00
317100.00
316300.00
316100.00
316500.00
317500.00
318500.00
319700.00
320800.00
320800.00
320800.00
321100.00
321200.00
321600.00
322700.00
323600.00
324100.00
324900.00
326700.00
328700.00
330900.00
334000.00
336700.00
337800.00
338500.00
339200.00
338100.00
338000.00
337500.00
337400.00
335400.00
335000.00
334600.00
334200.00
333200.00
333600.00
333500.00
331700.00
330800.00
330800.00
330900.00
331700.00
332900.00
334300.00
334800.00
335300.00
334700.00
335100.00
335000.00
335100.00
334800.00
334600.00
333600.00
332100.00
332900.00
333200.00
333700.00
333900.00
335300.00
334300.00
334300.00
334400.00
335500.00
336000.00
336200.00
336200.00
335800.00
335200.00
335300.00
335700.00
335500.00
335000.00
334100.00
333000.00
332000.00
331600.00
331700.00
332000.00
331400.00
331200.00
330700.00
331300.00
331800.00
332800.00
333100.00
333600.00
333600.00
334300.00
335100.00
336600.00
338700.00
337100.00
334100.00
