1541.22
1580.14
1604.99
1649.71
1689.46
1730.87
1772.28
1816.17
1840.19
1850.95
1849.30
1852.61
1864.21
1882.43
1906.44
1913.90
1909.75
1891.53
1886.56
1882.42
1900.64
1898.16
1932.94
1940.40
1939.57
1932.12
1937.08
1913.89
1884.91
1855.92
1850.95
1833.56
1816.17
1812.03
1782.22
1730.87
1687.80
1642.25
1590.08
1579.31
1567.72
1558.61
1552.81
1558.61
1538.74
1534.60
1531.28
1522.17
1498.16
1494.01
1470.00
1442.67
1422.79
1407.06
1402.92
1410.37
1418.65
1426.93
1443.49
1452.60
1464.20
1472.48
1479.11
1490.70
1493.19
1489.87
1483.25
1476.62
1463.37
1456.75
1451.78
1452.60
1450.12
1446.81
1441.01
1436.04
1427.76
1430.25
1437.70
1435.22
1441.84
1440.18
1419.48
1384.70
1363.99
1341.63
1353.23
1376.42
1412.03
1437.70
1455.92
1451.78
1446.81
1448.46
1452.61
1454.26
1450.12
1445.15
1425.28
1409.54
1402.09
1401.26
1409.54
1449.30
1481.59
1509.75
1534.59
1542.87
1526.31
1524.65
1522.17
1518.86
1532.94
1543.70
1539.56
1534.60
1527.97
1522.17
1521.34
1518.86
1513.06
1509.75
1476.62
1442.67
1420.31
1408.71
1395.46
1394.64
1392.98
1382.21
1362.34
1349.09
1343.29
1332.52
1319.27
1296.91
1263.79
1209.13
1169.38
1148.67
1133.76
1127.97
1118.86
1088.21
1069.99
1060.88
1045.98
1057.57
1082.42
1096.49
1099.81
1119.68
1137.90
1153.64
1156.95
1160.27
1143.70
1125.48
1107.26
1039.02
977.24
924.07
874.38
828.00
834.13
847.05
857.98
878.69
896.91
918.44
951.21
986.64
1005.47
1024.13
1052.00
1058.00
1062.00
1069.00
1071.00
1058.00
1042.00
1025.40
1009.60
989.20
966.60
946.80
922.80
912.60
913.00
921.60
935.40
958.60
959.00
952.00
933.00
917.40
893.40
879.60
872.80
870.80
864.60
862.60
865.00
865.80
868.80
871.80
874.40
866.00
861.80
871.60
879.80
891.60
917.00
931.20
925.60
924.20
925.00
923.80
929.40
939.80
945.80
945.20
939.60
933.80
924.40
918.40
912.60
903.60
897.20
894.20
893.60
898.80
908.80
919.00
966.80
999.40
1037.80
1068.60
1099.00
1124.00
1168.00
