1801.00
1804.80
1810.88
1824.56
1825.32
1833.68
1832.16
1829.88
1826.08
1826.84
1826.08
1823.04
1832.92
1834.44
1841.28
1845.84
1853.44
1851.92
1848.88
1847.36
1860.27
1880.03
1892.19
1908.15
1910.43
1902.07
1893.71
1894.47
1896.75
1902.07
1905.11
1902.83
1892.19
1881.55
1873.95
1885.35
1892.95
1903.59
1921.07
1949.95
1949.19
1953.74
1973.50
1987.94
1978.82
1991.74
1994.78
1978.82
1952.22
1931.71
1886.87
1848.87
1808.60
1765.28
1727.29
1709.05
1694.61
1691.57
1751.61
1794.16
1835.20
1870.15
1904.35
1886.87
1888.39
1881.55
1864.07
1845.83
1831.40
1817.72
1812.40
1829.88
1842.80
1848.88
1864.83
1895.99
1920.31
1948.43
1972.74
1979.58
1953.74
1918.03
1878.51
1845.08
1813.16
1803.28
1792.64
1776.68
1764.52
1747.81
1727.29
1711.33
1697.65
1678.65
1659.66
1609.50
1549.47
1497.79
1375.45
1272.86
1194.59
1132.27
1066.16
1079.08
1082.12
1090.48
1107.96
1123.92
1139.87
1196.26
1251.12
1273.83
1289.57
1294.00
1267.00
1239.00
1232.00
1242.00
1256.00
1259.00
1243.00
1227.00
1187.00
1145.00
1107.00
1087.00
1063.00
1047.00
1037.00
1021.60
1003.00
992.20
981.00
957.80
939.00
919.20
892.00
867.40
859.80
853.00
859.20
866.00
862.80
848.20
830.20
812.60
795.20
796.80
797.20
800.60
799.80
799.80
803.00
812.00
813.40
810.60
799.80
782.00
765.20
759.00
757.40
768.00
779.00
789.60
795.20
794.20
787.40
782.00
779.00
778.20
785.00
793.80
799.20
797.00
793.20
786.00
777.00
770.60
766.60
753.80
743.00
731.80
722.20
717.40
765.00
866.20
971.20
1070.20
1168.40
1211.00
1191.00
1166.00
1142.00
1123.00
1126.00
1118.00
1103.00
1094.00
1088.00
1069.00
1075.00
1105.00
1151.00
1174.00
1187.00
1191.00
1179.00
1141.00
1119.00
1110.00
1102.00
1102.00
1127.00
1131.00
1132.00
1123.00
1114.00
1097.00
1093.00
1091.00
1102.00
1108.00
1100.00
1094.00
1080.00
1072.00
1072.00
1143.00
1233.00
1320.00
1405.00
1477.00
1477.00
1467.00
1454.00
1426.00
1406.00
1372.00
1338.00
1329.00
1329.00
