5532.00
5480.00
5464.00
5464.00
5488.00
5522.00
5550.00
5574.00
5598.00
5598.00
5600.00
5600.00
5600.00
5604.00
5604.00
5602.00
5602.00
5596.00
5594.00
5628.00
5674.00
5698.00
5722.00
5744.00
5736.00
5708.00
5710.00
5720.00
5720.00
5728.00
5752.00
5768.00
5776.00
5780.00
5746.00
5724.00
5694.00
5654.00
5616.00
5574.00
5500.00
5440.00
5396.00
5352.00
5334.00
5330.00
5322.00
5314.00
5302.00
5290.00
5264.00
5214.00
5166.00
5120.00
5084.00
5064.00
5068.00
5070.00
5090.00
5114.00
5138.00
5156.00
5174.00
5176.00
5174.00
5170.00
5158.00
5150.00
5140.00
5128.00
5122.00
5124.00
5116.00
5118.00
5116.00
5106.00
5100.00
5100.00
5098.00
5090.00
5078.00
5053.00
5032.00
5000.00
4981.00
4968.00
4973.00
4978.00
4988.00
4981.00
4983.00
4976.00
4971.00
4973.00
4991.00
4996.00
5002.00
4998.00
4993.00
4986.00
4984.00
4987.00
4998.00
5025.00
5056.00
5084.00
5114.00
5156.00
5204.00
5212.00
5212.00
5208.00
5190.00
5150.00
5144.00
5138.00
5134.00
5136.00
5134.00
5132.00
5142.00
5148.00
5136.00
5128.00
5110.00
5096.00
5088.00
5082.00
5076.00
5080.00
5078.00
5068.00
5066.00
5062.00
5054.00
5037.00
5023.00
5011.00
5007.00
5001.00
5003.00
4995.00
4969.00
4867.00
4774.00
4704.00
4651.00
4617.00
4651.00
4679.00
4680.00
4701.00
4705.00
4711.00
4723.00
4740.00
4715.00
4708.00
4694.00
4680.00
4674.00
4684.00
4691.00
4710.00
4729.00
4784.00
4822.00
4866.00
4894.00
4927.00
4918.00
4921.00
4916.00
4921.00
4919.00
4916.00
4912.00
4909.00
4906.00
4894.00
4888.00
4887.00
4886.00
4883.00
4889.00
4890.00
4890.00
4890.00
4895.00
4898.00
4897.00
4897.00
4894.00
4880.00
4867.00
4860.00
4847.00
4839.00
4841.00
4841.00
4839.00
4827.00
4822.00
4817.00
4817.00
4816.00
4833.00
4841.00
4848.00
4852.00
4852.00
4841.00
4835.00
4820.00
4803.00
4794.00
4801.00
4803.00
4812.00
4818.00
4819.00
4813.00
4803.00
4794.00
4757.00
4722.00
4677.00
4634.00
4586.00
4583.00
4582.00
4596.00
4582.00
4579.00
4566.00
4540.00
4508.00
4506.00
4507.00
4490.00
4484.00
