17380.00
17520.00
17730.00
17840.00
17840.00
17820.00
17800.00
17760.00
17840.00
17880.00
17930.00
17830.00
17830.00
17710.00
17710.00
17750.00
17800.00
17900.00
18130.00
18580.00
18970.00
19440.00
19800.00
20040.00
20050.00
20060.00
19970.00
19950.00
19900.00
19810.00
19710.00
19750.00
19750.00
19790.00
19870.00
19920.00
19890.00
19890.00
19770.00
19640.00
19550.00
19620.00
19720.00
19960.00
20210.00
20420.00
20450.00
20450.00
20360.00
20270.00
20240.00
20290.00
20200.00
20170.00
20110.00
20030.00
20070.00
20150.00
20150.00
20110.00
20110.00
19960.00
19900.00
19970.00
20100.00
20270.00
20440.00
20570.00
20570.00
20630.00
20770.00
20880.00
20980.00
21060.00
21110.00
21160.00
21230.00
21240.00
21420.00
21520.00
21430.00
21300.00
21040.00
20370.00
19880.00
19440.00
18880.00
18430.00
18280.00
18060.00
17820.00
17730.00
17640.00
17580.00
17650.00
17560.00
17470.00
17610.00
17760.00
17710.00
17740.00
17900.00
17910.00
17910.00
17940.00
18100.00
18040.00
17820.00
17620.00
17400.00
17230.00
17050.00
17100.00
17120.00
17150.00
17050.00
17080.00
17000.00
17050.00
17000.00
16920.00
16880.00
16780.00
16530.00
16400.00
16420.00
16340.00
16360.00
16420.00
16460.00
16370.00
16410.00
16460.00
16490.00
16440.00
16440.00
16260.00
16040.00
15880.00
15760.00
15730.00
15750.00
15590.00
15340.00
15130.00
14990.00
14860.00
15060.00
15330.00
15620.00
15690.00
15810.00
15840.00
15860.00
15880.00
15890.00
15780.00
15640.00
15550.00
15490.00
15650.00
16010.00
16390.00
16780.00
17120.00
17270.00
17180.00
17100.00
16930.00
16830.00
16740.00
16780.00
16800.00
16850.00
16750.00
16640.00
16370.00
15930.00
15480.00
15140.00
14940.00
14840.00
14830.00
14800.00
14760.00
14630.00
14530.00
14520.00
14560.00
14620.00
14590.00
14580.00
14560.00
14530.00
14450.00
14460.00
14420.00
14340.00
14250.00
14170.00
14120.00
14120.00
14100.00
14080.00
14070.00
14030.00
13950.00
13920.00
13840.00
13720.00
13620.00
13570.00
13510.00
13450.00
13320.00
13150.00
13060.00
13060.00
13000.00
13020.00
13000.00
12850.00
12660.00
12560.00
12420.00
12410.00
12390.00
12390.00
12410.00
12450.00
12490.00
12550.00
12560.00
12570.00
12630.00
12590.00
12640.00
12670.00
12700.00
12750.00
12830.00
