5596.00
5790.00
5900.00
6122.00
6346.00
6530.00
6712.00
7148.00
7426.00
7618.00
7818.00
8036.00
8008.00
8020.00
8026.00
7954.00
7840.00
7742.00
7688.00
7684.00
7762.00
7806.00
7808.00
7790.00
7698.00
7574.00
7496.00
7428.00
7328.00
7256.00
7218.00
7162.00
7132.00
7120.00
6932.00
6674.00
6460.00
6206.00
5916.00
5836.00
5804.00
5752.00
5688.00
5680.00
5610.00
5602.00
5592.00
5590.00
5532.00
5534.00
5460.00
5386.00
5336.00
5318.00
5342.00
5414.00
5462.00
5546.00
5612.00
5658.00
5660.00
5682.00
5664.00
5692.00
5676.00
5668.00
5636.00
5600.00
5520.00
5460.00
5406.00
5350.00
5280.00
5208.00
5180.00
5112.00
5049.00
5014.00
5000.00
4940.00
4920.00
4880.00
4841.00
4805.00
4824.00
4844.00
4887.00
4963.00
5029.00
5056.00
5154.00
5270.00
5272.00
5247.00
5223.00
5141.00
5091.00
5149.00
5236.00
5294.00
5340.00
5340.00
5352.00
5382.00
5420.00
5480.00
5534.00
5546.00
5542.00
5592.00
5596.00
5596.00
5614.00
5604.00
5540.00
5470.00
5410.00
5390.00
5420.00
5426.00
5438.00
5456.00
5350.00
5200.00
5092.00
5048.00
5024.00
5068.00
5138.00
5164.00
5141.00
5113.00
5081.00
5051.00
5024.00
4976.00
4884.00
4725.00
4583.00
4501.00
4416.00
4358.00
4295.00
4201.00
4094.00
4068.00
4069.00
4170.00
4300.00
4415.00
4476.00
4560.00
4606.00
4635.00
4665.00
4675.00
4609.00
4560.00
4534.00
4507.00
4540.00
4597.00
4654.00
4683.00
4727.00
4739.00
4750.00
4813.00
4883.00
5007.00
5123.00
5254.00
5326.00
5396.00
5400.00
5388.00
5308.00
5248.00
5186.00
5098.00
5023.00
5031.00
5039.00
4932.00
4870.00
4821.00
4757.00
4709.00
4810.00
4886.00
4952.00
5010.00
4990.00
4966.00
4910.00
4870.00
4806.00
4790.00
4748.00
4726.00
4672.00
4638.00
4617.00
4611.00
4641.00
4689.00
4752.00
4785.00
4799.00
4792.00
4790.00
4813.00
4829.00
4812.00
4762.00
4694.00
4593.00
4509.00
4471.00
4464.00
4464.00
4460.00
4468.00
4440.00
4394.00
4389.00
4413.00
4398.00
4419.00
4478.00
4513.00
4519.00
4537.00
4553.00
4544.00
4523.00
4476.00
4436.00
4392.00
4358.00
4326.00
