3278.00
3259.00
3284.00
3342.00
3384.00
3443.00
3487.00
3522.00
3558.00
3612.00
3642.00
3658.00
3682.00
3727.00
3785.00
3857.00
3948.00
4034.00
4088.00
4119.00
4127.00
4127.00
4119.00
4168.00
4240.00
4329.00
4402.00
4458.00
4456.00
4417.00
4358.00
4309.00
4258.00
4217.00
4145.00
4098.00
4051.00
4010.00
3950.00
3914.00
3874.00
3858.00
3856.00
3898.00
3959.00
4063.00
4116.00
4156.00
4151.00
4159.00
4092.00
4054.00
4021.00
3975.00
3925.00
3934.00
3935.00
3951.00
4007.00
4053.00
4078.00
4102.00
4142.00
4162.00
4185.00
4192.00
4198.00
4207.00
4187.00
4190.00
4182.00
4185.00
4136.00
4149.00
4139.00
4268.00
4372.00
4507.00
4579.00
4642.00
4576.00
4481.00
4361.00
4248.00
4137.00
4058.00
3984.00
3920.00
3858.00
3860.00
3866.00
3901.00
3952.00
4041.00
4084.00
4062.00
4023.00
3978.00
3929.00
3863.00
3844.00
3881.00
3967.00
4046.00
4118.00
4193.00
4231.00
4218.00
4205.00
4220.00
4245.00
4278.00
4282.00
4269.00
4205.00
4137.00
4065.00
4020.00
3995.00
3994.00
3994.00
4006.00
3972.00
3948.00
3960.00
3983.00
3977.00
3977.00
3938.00
3867.00
3753.00
3672.00
3633.00
3614.00
3583.00
3546.00
3503.00
3430.00
3372.00
3333.00
3301.00
3265.00
3210.00
3118.00
3047.00
3022.00
3000.00
3030.00
3082.00
3120.00
3110.00
3104.00
3101.00
3108.00
3110.00
3119.00
3097.00
3069.00
3044.00
3024.00
3024.00
3061.00
3097.00
3136.00
3179.00
3210.00
3230.00
3239.00
3245.00
3247.00
3255.00
3284.00
3325.00
3364.00
3382.00
3393.00
3377.00
3357.00
3322.00
3294.00
3267.00
3240.00
3201.00
3164.00
3139.00
3114.00
3108.00
3128.00
3151.00
3176.00
3202.00
3205.00
3182.00
3166.00
3134.00
3112.00
3094.00
3097.00
3095.00
3094.00
3081.00
3077.00
3074.00
3065.00
3068.00
3068.00
3067.00
3059.00
3060.00
3053.00
3051.00
3046.00
3040.00
3021.00
2991.00
2957.00
2928.00
2909.00
2906.00
2917.00
2928.00
2937.00
2935.00
2920.00
2892.00
2881.00
2874.00
2872.00
2898.00
2940.00
2975.00
3016.00
3060.00
3086.00
3106.00
3116.00
3124.00
3114.00
3111.00
3188.00
3266.00
