96260.00
96420.00
96660.00
97160.00
97480.00
97920.00
98200.00
98220.00
97800.00
97340.00
96780.00
96160.00
95920.00
95940.00
95940.00
95980.00
96180.00
96320.00
96380.00
96400.00
96440.00
96560.00
96680.00
96800.00
96980.00
97300.00
97600.00
97840.00
98280.00
98660.00
98880.00
99000.00
98900.00
98780.00
98760.00
98740.00
98540.00
98540.00
98420.00
98180.00
97840.00
97780.00
97660.00
97520.00
97340.00
97540.00
97860.00
98320.00
99060.00
99660.00
99760.00
99660.00
99700.00
99460.00
99300.00
99180.00
99020.00
98640.00
98200.00
97840.00
97760.00
97660.00
97600.00
97920.00
98940.00
100580.00
101680.00
102740.00
103200.00
103000.00
102300.00
102300.00
102400.00
102900.00
103000.00
103100.00
103200.00
103300.00
103000.00
103000.00
102900.00
102300.00
101500.00
100540.00
99840.00
99240.00
98660.00
97780.00
97100.00
96220.00
95180.00
94340.00
93940.00
93680.00
93500.00
92980.00
92680.00
92300.00
92300.00
92180.00
93160.00
94000.00
95100.00
95740.00
96520.00
96440.00
96380.00
96120.00
96060.00
95960.00
95680.00
95520.00
95460.00
95340.00
95020.00
95080.00
95160.00
95200.00
95220.00
95280.00
95180.00
95240.00
95200.00
94960.00
94640.00
94480.00
94100.00
93620.00
93380.00
92940.00
92400.00
91940.00
91760.00
91460.00
91560.00
91620.00
91480.00
91040.00
90840.00
90500.00
90120.00
89880.00
89700.00
88500.00
87760.00
87200.00
86220.00
85480.00
85380.00
84840.00
83860.00
83160.00
82300.00
81820.00
81560.00
81620.00
81780.00
82060.00
82340.00
82640.00
82520.00
82200.00
81800.00
81280.00
80700.00
80480.00
80840.00
81160.00
81460.00
81760.00
82040.00
81880.00
81740.00
81400.00
81120.00
80800.00
80300.00
79880.00
79640.00
79280.00
78800.00
78300.00
77460.00
76600.00
75780.00
75140.00
74760.00
74620.00
74560.00
74500.00
74440.00
74420.00
74180.00
73680.00
73040.00
72440.00
71560.00
70980.00
70760.00
70720.00
70660.00
71020.00
71460.00
71840.00
72200.00
72560.00
72740.00
72760.00
72760.00
72700.00
72660.00
72620.00
72620.00
72560.00
72600.00
72660.00
72820.00
73020.00
73220.00
73280.00
73200.00
73080.00
72860.00
72580.00
72320.00
72100.00
71860.00
71640.00
71640.00
71580.00
71660.00
71720.00
71840.00
71880.00
72120.00
72160.00
72200.00
72200.00
72200.00
71980.00
71900.00
