14610.22
14591.38
14619.66
14610.24
14629.10
14666.80
14695.06
14751.60
14930.70
15138.08
15279.48
15411.46
15534.00
15552.84
15571.68
15637.66
15665.94
15779.06
15939.30
16052.42
16193.80
16346.50
16462.62
16580.16
16697.14
16728.16
16728.16
16708.74
16640.78
16572.82
16475.72
16368.92
16300.96
16223.30
16145.62
16233.00
16339.80
16368.94
16485.44
16553.40
16524.28
16533.98
16631.06
16611.64
16718.44
16825.24
16873.78
16864.08
16844.66
16834.94
16728.14
16708.72
16601.92
16485.42
16281.54
16203.88
16087.38
16067.96
16116.50
16203.88
16271.84
16398.06
16533.98
16728.16
16912.64
17067.98
17262.14
17339.82
17281.56
17242.72
17213.58
17077.66
17009.68
17019.40
16980.56
16990.28
17009.70
17058.26
17116.52
17223.32
17330.12
17330.12
17330.12
17242.74
17194.20
16980.60
16873.80
16747.58
16621.36
16427.18
16378.64
16281.56
16106.80
16019.42
15893.20
15718.44
15553.40
15524.28
15456.32
15417.48
15427.18
15485.42
15485.42
15514.54
15543.68
15621.36
15640.78
15650.48
15650.48
15669.90
15679.60
15669.90
15679.62
15679.62
15631.06
15514.56
15456.30
15417.46
15427.18
15485.44
15563.12
15640.80
15640.80
15611.66
15611.66
15611.66
15621.36
15660.20
15669.92
15650.50
15650.50
15650.50
15679.62
15679.62
15611.66
15495.14
15320.38
15009.70
14737.86
14543.68
14417.48
14300.98
14174.76
13951.46
13767.00
13621.36
13504.86
13563.12
13737.86
13854.36
13815.52
13825.22
13844.64
13902.90
13922.32
14058.24
14135.92
14135.92
14087.38
14106.80
14087.40
14126.22
14203.88
14330.10
14446.60
14543.68
14553.40
14601.96
14621.36
14611.66
14660.20
14767.00
14844.66
14902.92
14961.18
14990.30
14941.74
14883.48
14834.94
14805.80
14766.98
14834.94
14864.08
14922.32
14980.58
15058.24
15077.66
15097.08
15106.80
15077.68
15048.56
15029.14
15077.68
15048.56
15038.84
14980.58
14922.34
14834.96
14786.40
14737.86
14815.54
14893.20
14980.58
15135.92
15388.34
15553.38
15747.56
15922.32
16077.66
16174.76
16184.48
16174.78
16213.60
16213.60
16174.76
16203.88
16271.84
16330.10
16398.06
16466.02
16514.56
16563.10
16572.80
16553.40
16553.40
16524.28
16427.18
16368.94
16330.10
16291.26
16281.54
16320.38
16310.66
16271.82
16213.58
16262.14
16291.28
16349.54
16407.80
16514.58
16572.82
