51920.00
53480.00
56120.00
58500.00
59880.00
60000.00
60300.00
59660.00
58920.00
58600.00
58380.00
58200.00
58320.00
58620.00
59160.00
59280.00
60340.00
62400.00
64760.00
66580.00
68620.00
69900.00
69980.00
69460.00
69020.00
69320.00
69200.00
69060.00
69000.00
68920.00
68440.00
68280.00
68080.00
67840.00
67340.00
66900.00
66800.00
67880.00
69760.00
71300.00
73980.00
76000.00
76880.00
77420.00
78640.00
79340.00
80500.00
81920.00
82340.00
83460.00
82980.00
83040.00
83160.00
83780.00
83960.00
84560.00
84060.00
82680.00
81560.00
79960.00
78500.00
77420.00
77400.00
77340.00
77140.00
76760.00
77140.00
77260.00
77320.00
77680.00
78260.00
78120.00
77960.00
77880.00
77700.00
77580.00
77820.00
78160.00
78300.00
78080.00
77640.00
76780.00
75640.00
75500.00
76360.00
77280.00
78140.00
78820.00
78720.00
78600.00
78600.00
78200.00
77400.00
76060.00
74780.00
73640.00
72760.00
72580.00
72800.00
72320.00
71780.00
71480.00
71260.00
71300.00
71380.00
71560.00
71620.00
71400.00
70820.00
70960.00
71020.00
71160.00
71320.00
71560.00
71280.00
70780.00
70380.00
70240.00
70280.00
69920.00
69920.00
69820.00
69400.00
68900.00
68740.00
68600.00
68580.00
68880.00
69200.00
69480.00
69720.00
69840.00
69920.00
70000.00
69780.00
69340.00
68660.00
67380.00
66100.00
65040.00
64640.00
64420.00
63960.00
63320.00
62860.00
62120.00
61360.00
61780.00
62840.00
63820.00
66000.00
68800.00
71480.00
73440.00
75020.00
75040.00
74340.00
73180.00
72200.00
71440.00
70780.00
70720.00
70840.00
72040.00
73580.00
74840.00
75620.00
76920.00
77160.00
77140.00
77500.00
77860.00
77860.00
78240.00
78240.00
78160.00
77900.00
77760.00
77460.00
77520.00
77700.00
78660.00
79160.00
79420.00
79800.00
79840.00
79500.00
79340.00
79400.00
79800.00
80760.00
81440.00
82620.00
84240.00
85460.00
86220.00
87080.00
87320.00
87100.00
86800.00
86980.00
87540.00
88220.00
88720.00
89900.00
90620.00
91000.00
91600.00
92320.00
92120.00
91900.00
92060.00
91840.00
91220.00
91020.00
90600.00
89940.00
89260.00
88620.00
87920.00
87480.00
86940.00
87020.00
87180.00
87280.00
87420.00
87080.00
87000.00
86940.00
86920.00
86700.00
86900.00
86580.00
86440.00
86380.00
86980.00
88000.00
88800.00
89660.00
90240.00
90400.00
