34150.00
34180.00
34430.00
34750.00
35010.00
35140.00
35190.00
35120.00
34960.00
34930.00
35030.00
35500.00
36080.00
36840.00
37340.00
37660.00
37650.00
37630.00
37480.00
37370.00
37190.00
37100.00
37010.00
36940.00
36990.00
37390.00
37700.00
38040.00
38490.00
38860.00
38840.00
39030.00
39220.00
39140.00
38790.00
38710.00
38470.00
38040.00
37790.00
37780.00
37500.00
37130.00
37010.00
36910.00
36920.00
37230.00
37550.00
37630.00
37480.00
37300.00
36710.00
36330.00
35960.00
35530.00
35170.00
35180.00
35050.00
35100.00
35510.00
35740.00
35920.00
36400.00
36700.00
36900.00
37390.00
37840.00
37810.00
37930.00
37810.00
37660.00
37500.00
37500.00
37350.00
37220.00
36930.00
36670.00
36310.00
36090.00
36070.00
35860.00
35490.00
35100.00
34630.00
33770.00
33190.00
32870.00
32620.00
32380.00
32450.00
32370.00
32140.00
31620.00
31040.00
30390.00
29930.00
29370.00
29120.00
29060.00
29160.00
29120.00
29230.00
29520.00
29630.00
29750.00
29870.00
29940.00
29920.00
30010.00
30030.00
30170.00
30320.00
30300.00
30220.00
30180.00
29970.00
29820.00
29580.00
29450.00
29310.00
29180.00
28990.00
29100.00
29040.00
28820.00
28660.00
28510.00
28360.00
28260.00
28200.00
27930.00
27630.00
27310.00
27050.00
26840.00
26740.00
26460.00
25860.00
24980.00
24350.00
23890.00
23510.00
23400.00
23110.00
22430.00
21610.00
22100.00
22630.00
24110.00
25830.00
27290.00
27490.00
27570.00
27440.00
27100.00
26920.00
26880.00
26600.00
26150.00
25850.00
25760.00
25790.00
26290.00
26760.00
27270.00
27660.00
27740.00
27650.00
27480.00
27440.00
27420.00
27550.00
27650.00
27770.00
27690.00
27590.00
27760.00
27770.00
27740.00
28190.00
28720.00
28780.00
28820.00
28770.00
28290.00
27890.00
27480.00
27410.00
27520.00
27670.00
27800.00
28050.00
28270.00
28330.00
28570.00
28700.00
28880.00
28990.00
29120.00
29050.00
29470.00
29930.00
30310.00
30710.00
31170.00
31200.00
31060.00
30990.00
30800.00
30440.00
30000.00
29750.00
29390.00
29090.00
28700.00
28240.00
27730.00
27580.00
27670.00
27970.00
28390.00
30050.00
31010.00
31420.00
31430.00
31540.00
30220.00
29200.00
28700.00
28830.00
28880.00
29490.00
30250.00
30850.00
31380.00
32040.00
32310.00
32320.00
32110.00
31750.00
31280.00
30890.00
