3103.00
3125.00
3155.00
3171.00
3166.00
3181.00
3208.00
3240.00
3270.00
3301.00
3307.00
3296.00
3317.00
3337.00
3360.00
3387.00
3408.00
3405.00
3403.00
3414.00
3415.00
3414.00
3401.00
3395.00
3389.00
3378.00
3374.00
3369.00
3359.00
3345.00
3346.00
3351.00
3361.00
3378.00
3363.00
3362.00
3349.00
3333.00
3295.00
3273.00
3238.00
3217.00
3191.00
3188.00
3204.00
3219.00
3225.00
3231.00
3226.00
3208.00
3170.00
3140.00
3115.00
3085.00
3068.00
3090.00
3110.00
3141.00
3175.00
3209.00
3227.00
3243.00
3246.00
3252.00
3249.00
3299.00
3342.00
3388.00
3415.00
3439.00
3411.00
3383.00
3346.00
3333.00
3316.00
3313.00
3311.00
3316.00
3315.00
3310.00
3297.00
3274.00
3248.00
3211.00
3190.00
3172.00
3161.00
3151.00
3144.00
3139.00
3121.00
3120.00
3113.00
3108.00
3090.00
3076.00
3053.00
3038.00
3035.00
3045.00
3071.00
3094.00
3110.00
3125.00
3133.00
3131.00
3132.00
3143.00
3148.00
3153.00
3157.00
3170.00
3192.00
3213.00
3233.00
3255.00
3261.00
3255.00
3253.00
3225.00
3187.00
3158.00
3115.00
3066.00
3043.00
3040.00
3034.00
3039.00
3051.00
3060.00
3048.00
3045.00
3044.00
3045.00
3043.00
3036.00
3013.00
2954.00
2891.00
2837.00
2790.00
2740.00
2693.00
2632.00
2577.00
2536.00
2521.00
2544.00
2579.00
2610.00
2618.00
2622.00
2631.00
2646.00
2657.00
2672.00
2668.00
2651.00
2636.00
2618.00
2620.00
2631.00
2643.00
2651.00
2671.00
2674.00
2674.00
2688.00
2702.00
2724.00
2749.00
2775.00
2787.00
2801.00
2802.00
2803.00
2791.00
2780.00
2758.00
2730.00
2707.00
2689.00
2660.00
2646.00
2633.00
2612.00
2607.00
2623.00
2629.00
2638.00
2648.00
2650.00
2635.00
2631.00
2623.00
2618.00
2608.00
2607.00
2603.00
2595.00
2586.00
2582.00
2611.00
2640.00
2671.00
2727.00
2779.00
2801.00
2813.00
2819.00
2803.00
2794.00
2785.00
2780.00
2777.00
2771.00
2767.00
2762.00
2758.00
2761.00
2772.00
2780.00
2784.00
2787.00
2787.00
2777.00
2764.00
2758.00
2755.00
2762.00
2784.00
2809.00
2834.00
2856.00
2871.00
2870.00
2866.00
2854.00
2846.00
2839.00
2842.00
