32790.00
33110.00
33470.00
33640.00
33720.00
33780.00
34020.00
34600.00
35270.00
35770.00
36130.00
36380.00
36350.00
36000.00
35750.00
35610.00
35710.00
35720.00
35910.00
36010.00
36050.00
35730.00
35560.00
35560.00
35810.00
35950.00
35930.00
35830.00
35880.00
35720.00
35760.00
36020.00
36360.00
36550.00
36690.00
36720.00
36560.00
36370.00
36060.00
35640.00
35120.00
34720.00
34140.00
33650.00
33420.00
33500.00
33440.00
33550.00
33450.00
33260.00
32790.00
32580.00
32530.00
32330.00
32180.00
32290.00
32200.00
31980.00
32080.00
32090.00
32080.00
32100.00
32270.00
32500.00
33240.00
34290.00
35050.00
35640.00
36120.00
36040.00
35520.00
35280.00
35060.00
34710.00
34330.00
33930.00
33630.00
33300.00
33290.00
33340.00
33300.00
33190.00
32990.00
32740.00
32660.00
32750.00
32790.00
32770.00
32660.00
32330.00
31790.00
31370.00
31330.00
31310.00
31400.00
31600.00
31770.00
31710.00
31690.00
31690.00
31770.00
31960.00
32150.00
32300.00
32340.00
32340.00
32320.00
32120.00
31900.00
31750.00
31590.00
31210.00
30970.00
30680.00
30300.00
29920.00
29610.00
29350.00
29230.00
29130.00
29010.00
29000.00
28970.00
28820.00
28700.00
28630.00
28570.00
28470.00
28510.00
28540.00
28470.00
28460.00
28420.00
28300.00
28220.00
28080.00
27740.00
27320.00
26900.00
26380.00
26030.00
25810.00
25540.00
25150.00
24670.00
24260.00
23900.00
23690.00
23510.00
23460.00
23310.00
23090.00
22970.00
22980.00
23010.00
23010.00
22860.00
22630.00
22380.00
22130.00
22000.00
22040.00
22100.00
22170.00
22310.00
22400.00
22450.00
22590.00
22900.00
23220.00
23480.00
23830.00
24030.00
24000.00
23890.00
23880.00
23670.00
23470.00
23330.00
23200.00
23110.00
23050.00
23030.00
23000.00
23090.00
22990.00
23040.00
23380.00
23670.00
23990.00
24480.00
24820.00
25010.00
25250.00
25190.00
25100.00
25060.00
24990.00
24840.00
24800.00
24790.00
24850.00
25010.00
25300.00
25650.00
26060.00
26450.00
26550.00
26590.00
26590.00
26600.00
26470.00
26450.00
26230.00
25970.00
25550.00
25390.00
25240.00
25240.00
25340.00
25310.00
25160.00
24940.00
24720.00
24550.00
24780.00
25060.00
25500.00
25980.00
26450.00
26740.00
27010.00
27250.00
27470.00
27640.00
27730.00
28050.00
28080.00
28110.00
28220.00
28360.00
