2620.00
2540.00
2470.00
2432.00
2382.00
2576.00
2652.00
2702.00
2748.00
2841.00
2810.00
2901.00
3046.00
3162.00
3244.00
3215.00
3123.00
3036.00
2961.00
2899.00
2928.00
2937.00
2928.00
2895.00
2856.00
2933.00
3020.00
3104.00
3221.00
3326.00
3296.00
3276.00
3274.00
3283.00
3300.00
3388.00
3464.00
3625.00
3749.00
3922.00
4092.00
4324.00
4483.00
4629.00
4720.00
4761.00
4771.00
4750.00
4716.00
4681.00
4604.00
4504.00
4382.00
4345.00
4301.00
4283.00
4227.00
4219.00
4175.00
4152.00
4132.00
4127.00
4109.00
4089.00
4066.00
4122.00
4118.00
4095.00
4046.00
3995.00
3871.00
3832.00
3793.00
3763.00
3714.00
3689.00
3653.00
3631.00
3667.00
3725.00
3766.00
3811.00
3868.00
3907.00
3913.00
3922.00
3925.00
3914.00
3883.00
3862.00
3823.00
3775.00
3720.00
3666.00
3618.00
3586.00
3566.00
3555.00
3547.00
3535.00
3517.00
3497.00
3474.00
3458.00
3460.00
3465.00
3463.00
3463.00
3448.00
3424.00
3397.00
3397.00
3411.00
3425.00
3429.00
3432.00
3389.00
3348.00
3322.00
3314.00
3312.00
3337.00
3347.00
3353.00
3355.00
3358.00
3358.00
3363.00
3354.00
3346.00
3333.00
3317.00
3305.00
3301.00
3285.00
3269.00
3246.00
3206.00
3162.00
3122.00
3087.00
3064.00
3062.00
3043.00
3039.00
3035.00
3025.00
3008.00
3000.00
2974.00
2938.00
2927.00
2920.00
2927.00
2947.00
2965.00
2952.00
2939.00
2929.00
2900.00
2883.00
2875.00
2859.00
2841.00
2836.00
2831.00
2832.00
2845.00
2881.00
2928.00
2961.00
2987.00
2992.00
2979.00
2945.00
2924.00
2889.00
2870.00
2845.00
2831.00
2817.00
2821.00
2821.00
2820.00
2818.00
2813.00
2806.00
2792.00
2786.00
2775.00
2764.00
2754.00
2744.00
2732.00
2720.00
2715.00
2715.00
2724.00
2729.00
2732.00
2728.00
2721.00
2714.00
2708.00
2711.00
2713.00
2725.00
2736.00
2742.00
2736.00
2743.00
2734.00
2724.00
2714.00
2708.00
2700.00
2691.00
2678.00
2669.00
2662.00
2648.00
2641.00
2633.00
2622.00
2615.00
2608.00
2622.00
2636.00
2645.00
2651.00
2669.00
2658.00
2652.00
2647.00
2646.00
2633.00
2624.00
2612.00
2605.00
2600.00
2594.00
