5884.00
5922.00
5982.00
6016.00
6018.00
6026.00
5970.00
5916.00
5872.00
5846.00
5816.00
5806.00
5826.00
5854.00
5898.00
5934.00
5976.00
6090.00
6194.00
6256.00
6358.00
6474.00
6466.00
6482.00
6534.00
6538.00
6534.00
6566.00
6576.00
6576.00
6628.00
6626.00
6618.00
6618.00
6624.00
6702.00
6836.00
6974.00
7090.00
7182.00
7170.00
7180.00
7210.00
7244.00
7244.00
7296.00
7278.00
7248.00
7188.00
7150.00
7024.00
6946.00
6840.00
6764.00
6716.00
6742.00
6720.00
6724.00
6726.00
6730.00
6684.00
6644.00
6618.00
6612.00
6610.00
6622.00
6652.00
6644.00
6594.00
6544.00
6492.00
6444.00
6388.00
6374.00
6342.00
6352.00
6384.00
6440.00
6484.00
6542.00
6554.00
6518.00
6460.00
6358.00
6256.00
6196.00
6144.00
6094.00
6058.00
6020.00
5950.00
5874.00
5802.00
5770.00
5740.00
5672.00
5608.00
5572.00
5516.00
5468.00
5452.00
5468.00
5476.00
5506.00
5524.00
5550.00
5552.00
5520.00
5488.00
5472.00
5470.00
5454.00
5466.00
5452.00
5418.00
5344.00
5272.00
5218.00
5186.00
5146.00
5096.00
5106.00
5061.00
4969.00
4912.00
4892.00
4839.00
4808.00
4820.00
4795.00
4806.00
4847.00
4884.00
4916.00
4948.00
4914.00
4828.00
4711.00
4606.00
4535.00
4480.00
4421.00
4315.00
4171.00
4050.00
3954.00
3885.00
3943.00
4010.00
4041.00
4039.00
4050.00
4066.00
4127.00
4176.00
4228.00
4235.00
4217.00
4218.00
4241.00
4291.00
4384.00
4496.00
4566.00
4616.00
4642.00
4658.00
4638.00
4643.00
4658.00
4711.00
4758.00
4810.00
4826.00
4825.00
4809.00
4784.00
4761.00
4767.00
4758.00
4760.00
4757.00
4719.00
4728.00
4780.00
4786.00
4818.00
4904.00
4930.00
4988.00
5043.00
5071.00
5078.00
5096.00
5104.00
5120.00
5146.00
5220.00
5264.00
5284.00
5312.00
5354.00
5374.00
5420.00
5434.00
5478.00
5508.00
5490.00
5470.00
5474.00
5480.00
5542.00
5630.00
5672.00
5716.00
5752.00
5766.00
5794.00
5922.00
6050.00
6196.00
6320.00
6382.00
6406.00
6414.00
6416.00
6370.00
6394.00
6384.00
6382.00
6362.00
6396.00
6406.00
6470.00
6514.00
6520.00
6538.00
6534.00
6466.00
6452.00
6490.00
