68960.00
69400.00
69800.00
70060.00
70060.00
70940.00
71740.00
72540.00
73480.00
74520.00
74860.00
74980.00
75160.00
75480.00
75860.00
76060.00
76520.00
77000.00
77080.00
77120.00
77120.00
76760.00
76520.00
76240.00
76280.00
76240.00
76840.00
76800.00
76820.00
76420.00
76340.00
75640.00
75220.00
75060.00
74960.00
74820.00
74700.00
74820.00
74600.00
74240.00
74300.00
74540.00
74860.00
75140.00
76200.00
77080.00
77620.00
77880.00
78240.00
78200.00
77280.00
77000.00
77100.00
77100.00
76940.00
77480.00
77700.00
77820.00
77900.00
77880.00
77780.00
77860.00
77840.00
78040.00
77740.00
77500.00
77080.00
76320.00
75360.00
74920.00
74700.00
74460.00
74420.00
74500.00
74660.00
74620.00
74220.00
74460.00
74380.00
74240.00
74020.00
73800.00
73020.00
72540.00
72020.00
71740.00
71660.00
71540.00
71500.00
71660.00
71620.00
71500.00
71360.00
71360.00
71400.00
71280.00
71700.00
72220.00
72880.00
73180.00
73540.00
73800.00
74200.00
74900.00
75520.00
76320.00
76760.00
76800.00
76200.00
76140.00
76100.00
76080.00
76380.00
76760.00
76860.00
76980.00
77080.00
77020.00
76900.00
76740.00
76640.00
76620.00
76360.00
76000.00
75780.00
75100.00
74520.00
74260.00
74240.00
74140.00
74300.00
74300.00
74240.00
74540.00
74780.00
74860.00
74900.00
74800.00
74220.00
73200.00
72540.00
72000.00
71540.00
70720.00
70200.00
69660.00
69200.00
68820.00
68840.00
69220.00
69260.00
69220.00
69280.00
69480.00
69500.00
69780.00
69960.00
70020.00
69900.00
69840.00
70040.00
70320.00
70560.00
70960.00
71220.00
71360.00
71500.00
71760.00
71480.00
71420.00
71320.00
71280.00
71040.00
71200.00
71360.00
71380.00
71180.00
70980.00
70540.00
70220.00
69820.00
69300.00
68720.00
68420.00
67920.00
67480.00
67580.00
68000.00
68460.00
68900.00
69380.00
69560.00
69740.00
69720.00
69400.00
69080.00
68940.00
68760.00
68740.00
68940.00
69200.00
69460.00
69800.00
70340.00
70940.00
71420.00
71880.00
72060.00
72200.00
72220.00
72420.00
72580.00
73000.00
73120.00
73220.00
73280.00
73280.00
72900.00
72640.00
72560.00
72140.00
71920.00
71880.00
71880.00
71580.00
71880.00
71980.00
72420.00
72940.00
73860.00
74380.00
74800.00
74960.00
74900.00
74760.00
74620.00
74640.00
74660.00
74740.00
74680.00
74560.00
