2054.00
2078.00
2101.00
2122.00
2132.00
2151.00
2167.00
2189.00
2210.00
2228.00
2231.00
2232.00
2249.00
2267.00
2286.00
2316.00
2346.00
2363.00
2381.00
2409.00
2426.00
2437.00
2441.00
2441.00
2436.00
2427.00
2422.00
2415.00
2406.00
2393.00
2390.00
2386.00
2384.00
2376.00
2356.00
2339.00
2311.00
2287.00
2269.00
2263.00
2254.00
2263.00
2276.00
2294.00
2314.00
2333.00
2331.00
2322.00
2308.00
2290.00
2256.00
2235.00
2212.00
2183.00
2167.00
2178.00
2187.00
2206.00
2232.00
2254.00
2266.00
2278.00
2279.00
2282.00
2288.00
2315.00
2339.00
2376.00
2397.00
2413.00
2406.00
2398.00
2378.00
2372.00
2360.00
2359.00
2359.00
2357.00
2355.00
2347.00
2335.00
2319.00
2310.00
2296.00
2290.00
2287.00
2288.00
2292.00
2296.00
2301.00
2298.00
2291.00
2271.00
2256.00
2230.00
2203.00
2194.00
2190.00
2195.00
2222.00
2253.00
2285.00
2318.00
2348.00
2364.00
2379.00
2386.00
2394.00
2395.00
2402.00
2411.00
2429.00
2462.00
2484.00
2511.00
2541.00
2548.00
2549.00
2562.00
2543.00
2528.00
2519.00
2474.00
2422.00
2397.00
2368.00
2352.00
2352.00
2363.00
2364.00
2342.00
2329.00
2324.00
2320.00
2313.00
2315.00
2294.00
2252.00
2211.00
2182.00
2150.00
2117.00
2079.00
2027.00
1984.00
1965.00
1969.00
1997.00
2026.00
2047.00
2048.00
2039.00
2041.00
2051.00
2058.00
2068.00
2063.00
2046.00
2033.00
2022.00
2023.00
2037.00
2054.00
2072.00
2102.00
2120.00
2136.00
2158.00
2171.00
2187.00
2203.00
2219.00
2221.00
2229.00
2221.00
2216.00
2197.00
2186.00
2164.00
2143.00
2127.00
2115.00
2096.00
2087.00
2084.00
2067.00
2061.00
2074.00
2083.00
2091.00
2105.00
2111.00
2098.00
2088.00
2069.00
2057.00
2048.00
2048.00
2043.00
2040.00
2030.00
2025.00
2036.00
2053.00
2070.00
2093.00
2111.00
2111.00
2111.00
2105.00
2096.00
2089.00
2083.00
2075.00
2061.00
2048.00
2041.00
2032.00
2024.00
2027.00
2025.00
2017.00
2008.00
1998.00
1983.00
1975.00
1972.00
1970.00
1972.00
1983.00
2002.00
2014.00
2032.00
2046.00
2059.00
2065.00
2069.00
2066.00
2066.00
2065.00
2061.00
