76020.00
75380.00
75480.00
75800.00
75760.00
75620.00
75600.00
75580.00
75580.00
75720.00
75860.00
75940.00
76000.00
76080.00
76200.00
76400.00
76620.00
76820.00
76920.00
76940.00
76900.00
76760.00
76900.00
77000.00
77140.00
77340.00
77620.00
77580.00
77560.00
77460.00
77280.00
77100.00
76940.00
76880.00
76960.00
77820.00
78740.00
79600.00
80440.00
81180.00
81220.00
81340.00
81640.00
81860.00
82100.00
82080.00
81440.00
80640.00
79900.00
79060.00
78220.00
77960.00
78360.00
78380.00
78500.00
78800.00
79120.00
78740.00
78960.00
79200.00
79420.00
79820.00
80100.00
80100.00
80020.00
79940.00
79520.00
79300.00
79400.00
79580.00
79800.00
80280.00
80760.00
80760.00
80720.00
80580.00
80200.00
79840.00
79600.00
79320.00
79100.00
78780.00
78640.00
78740.00
79200.00
79660.00
80180.00
80400.00
80680.00
80180.00
80040.00
79800.00
79720.00
79200.00
79200.00
79020.00
78940.00
78720.00
78620.00
78820.00
78680.00
78480.00
78420.00
78780.00
78540.00
78520.00
78640.00
79060.00
78800.00
78840.00
78840.00
78840.00
78220.00
78140.00
78080.00
78000.00
77820.00
78140.00
78200.00
78180.00
78180.00
78280.00
78180.00
78120.00
78240.00
78260.00
78620.00
78900.00
78900.00
78780.00
78920.00
78560.00
78280.00
78280.00
78260.00
78120.00
78140.00
77700.00
77400.00
77300.00
77220.00
76900.00
76500.00
75900.00
75580.00
75040.00
74500.00
74500.00
74660.00
74320.00
74300.00
74900.00
75420.00
75900.00
76960.00
77860.00
78180.00
78700.00
79340.00
79440.00
79040.00
78640.00
78100.00
77360.00
76580.00
76340.00
76280.00
76980.00
77500.00
78780.00
79840.00
80180.00
79660.00
79800.00
78960.00
78600.00
78620.00
78560.00
78400.00
78200.00
77740.00
77600.00
77660.00
77360.00
77380.00
77400.00
77600.00
77820.00
78140.00
78660.00
79340.00
79840.00
79960.00
80020.00
79800.00
79940.00
79840.00
80520.00
81120.00
81820.00
81420.00
81400.00
80700.00
80140.00
79520.00
79520.00
79580.00
80060.00
80540.00
80900.00
81060.00
81160.00
81060.00
80820.00
80420.00
80320.00
80140.00
79980.00
79840.00
79960.00
79880.00
79920.00
79900.00
79900.00
79920.00
79620.00
79360.00
79180.00
78960.00
78820.00
79120.00
79200.00
79200.00
79240.00
79160.00
78940.00
78600.00
78660.00
78740.00
78780.00
78960.00
