4213.00
4271.00
4294.00
4290.00
4277.00
4248.00
4228.00
4232.00
4240.00
4285.00
4357.00
4424.00
4476.00
4543.00
4590.00
4655.00
4717.00
4797.00
4866.00
4967.00
5038.00
5105.00
5117.00
5148.00
5150.00
5154.00
5148.00
5180.00
5176.00
5142.00
5120.00
5094.00
5066.00
5062.00
5070.00
5084.00
5108.00
5124.00
5130.00
5134.00
5126.00
5110.00
5120.00
5136.00
5164.00
5182.00
5228.00
5286.00
5300.00
5288.00
5250.00
5194.00
5126.00
5094.00
5080.00
5084.00
5092.00
5092.00
5090.00
5082.00
5120.00
5144.00
5188.00
5240.00
5316.00
5352.00
5384.00
5392.00
5374.00
5338.00
5300.00
5274.00
5240.00
5224.00
5192.00
5192.00
5200.00
5198.00
5180.00
5131.00
5050.00
4916.00
4812.00
4696.00
4633.00
4566.00
4545.00
4496.00
4471.00
4441.00
4407.00
4362.00
4333.00
4311.00
4273.00
4237.00
4209.00
4162.00
4119.00
4098.00
4103.00
4104.00
4124.00
4147.00
4162.00
4178.00
4172.00
4158.00
4133.00
4122.00
4101.00
4093.00
4090.00
4085.00
4063.00
4054.00
4048.00
4026.00
3977.00
3932.00
3877.00
3826.00
3772.00
3739.00
3705.00
3685.00
3692.00
3697.00
3709.00
3713.00
3688.00
3656.00
3638.00
3630.00
3643.00
3668.00
3663.00
3608.00
3565.00
3492.00
3445.00
3408.00
3393.00
3320.00
3254.00
3192.00
3128.00
3095.00
3089.00
3103.00
3064.00
3052.00
3054.00
3071.00
3073.00
3087.00
3061.00
3027.00
3017.00
3007.00
3015.00
3048.00
3088.00
3096.00
3104.00
3091.00
3076.00
3063.00
3068.00
3092.00
3119.00
3141.00
3145.00
3134.00
3116.00
3108.00
3093.00
3066.00
3030.00
2984.00
2947.00
2899.00
2862.00
2819.00
2789.00
2745.00
2718.00
2722.00
2737.00
2748.00
2767.00
2759.00
2703.00
2644.00
2555.00
2471.00
2406.00
2379.00
2350.00
2340.00
2324.00
2318.00
2305.00
2312.00
2332.00
2348.00
2365.00
2380.00
2384.00
2378.00
2382.00
2376.00
2346.00
2310.00
2289.00
2257.00
2245.00
2249.00
2254.00
2236.00
2215.00
2175.00
2142.00
2106.00
2061.00
2017.00
1969.00
1910.00
1865.00
1854.00
1872.00
1930.00
1980.00
2002.00
2030.00
2036.00
2036.00
2030.00
2047.00
2061.00
2071.00
