5812.00
5876.00
5960.00
6052.00
6098.00
6120.00
6142.00
6158.00
6172.00
6188.00
6210.00
6238.00
6286.00
6352.00
6400.00
6428.00
6422.00
6402.00
6376.00
6380.00
6376.00
6384.00
6372.00
6372.00
6350.00
6340.00
6348.00
6358.00
6332.00
6326.00
6320.00
6322.00
6336.00
6360.00
6342.00
6330.00
6306.00
6284.00
6254.00
6240.00
6210.00
6178.00
6144.00
6122.00
6112.00
6116.00
6110.00
6072.00
6010.00
5946.00
5858.00
5766.00
5706.00
5662.00
5634.00
5626.00
5630.00
5642.00
5670.00
5692.00
5716.00
5742.00
5772.00
5792.00
5824.00
5854.00
5894.00
6038.00
6228.00
6404.00
6558.00
6764.00
6854.00
6822.00
6778.00
6790.00
6770.00
6750.00
6786.00
6894.00
6950.00
6966.00
7026.00
7078.00
7082.00
7080.00
7070.00
6944.00
6902.00
6862.00
6804.00
6760.00
6836.00
6866.00
6802.00
6736.00
6646.00
6578.00
6480.00
6458.00
6484.00
6520.00
6506.00
6552.00
6580.00
6816.00
7034.00
7180.00
7242.00
7304.00
7286.00
7306.00
7372.00
7470.00
7446.00
7374.00
7230.00
7016.00
6828.00
6738.00
6566.00
6464.00
6428.00
6338.00
6292.00
6274.00
6254.00
6250.00
6264.00
6264.00
6188.00
6124.00
6028.00
5950.00
5902.00
5868.00
5792.00
5656.00
5564.00
5460.00
5378.00
5326.00
5340.00
5412.00
5498.00
5618.00
5704.00
5812.00
5840.00
5904.00
5976.00
6126.00
6218.00
6258.00
6174.00
6088.00
5942.00
5846.00
5782.00
5754.00
5740.00
5820.00
5860.00
5928.00
6006.00
6054.00
5980.00
5952.00
5914.00
5892.00
5976.00
6106.00
6234.00
6380.00
6486.00
6480.00
6506.00
6574.00
6644.00
6652.00
6580.00
6480.00
6304.00
6066.00
5932.00
5862.00
5770.00
5728.00
5728.00
5734.00
5748.00
5766.00
5826.00
5842.00
5806.00
5748.00
5694.00
5602.00
5532.00
5510.00
5516.00
5534.00
5550.00
5570.00
5612.00
5662.00
5708.00
5730.00
5754.00
5766.00
5746.00
5736.00
5734.00
5710.00
5652.00
5612.00
5588.00
5556.00
5560.00
5600.00
5626.00
5618.00
5600.00
5556.00
5502.00
5448.00
5394.00
5364.00
5350.00
5342.00
5346.00
5364.00
5368.00
5366.00
5352.00
5344.00
5304.00
5266.00
5234.00
5226.00
5222.00
