823.60
826.40
828.80
833.00
835.60
838.20
838.60
837.20
834.80
834.80
834.40
833.80
834.60
836.60
836.40
835.40
833.00
831.80
830.40
828.60
828.20
828.00
827.60
826.00
823.00
821.00
820.00
818.40
817.80
817.00
815.80
814.80
814.20
813.40
813.80
817.20
819.20
820.00
816.80
811.80
800.80
794.80
791.00
793.00
795.60
802.00
805.00
804.20
805.40
805.20
804.20
802.00
803.60
800.60
803.80
807.20
810.00
811.60
813.60
811.40
807.80
805.80
806.20
807.40
809.80
819.80
833.00
851.80
870.60
891.20
905.20
922.20
932.80
941.20
947.00
952.60
952.60
957.80
966.00
980.80
998.20
1006.80
1002.20
993.40
979.80
964.00
954.00
980.40
997.80
1014.40
1031.20
1041.80
1022.80
1015.60
1004.00
989.20
979.40
978.00
976.80
980.20
989.00
1003.00
1007.40
1013.80
1042.00
1072.00
1095.00
1137.00
1179.00
1194.00
1202.00
1210.00
1205.00
1195.00
1189.00
1186.00
1186.00
1180.00
1191.00
1195.00
1208.00
1219.00
1227.00
1207.00
1178.00
1154.00
1137.00
1119.00
1121.00
1139.00
1139.00
1135.00
1134.00
1130.00
1122.00
1122.00
1115.00
1101.00
1080.00
1066.00
1043.00
1029.00
1014.80
1003.40
989.40
986.40
985.40
995.60
1019.00
1046.00
1056.00
1062.00
1066.00
1059.00
1047.00
1038.00
1029.00
1024.00
1013.00
1004.00
1008.00
1010.00
1008.00
1012.00
1015.00
1013.00
1015.00
1023.00
1029.00
1036.00
1043.00
1049.00
1055.00
1060.00
1077.00
1090.00
1096.00
1106.00
1112.00
1102.00
1099.00
1101.00
1093.00
1087.00
1083.00
1070.00
1066.00
1062.00
1063.00
1064.00
1070.00
1070.00
1068.00
1063.00
1059.00
1055.00
1049.00
1045.00
1040.00
1037.00
1037.00
1037.00
1033.00
1030.00
1022.40
1016.40
1009.40
1005.40
1005.40
1007.00
1005.00
1007.00
1006.40
1003.40
1001.00
999.80
999.80
1003.40
1003.80
1004.20
1004.40
1001.20
996.40
996.00
997.00
995.80
997.00
998.60
1000.60
1001.60
1004.80
1009.80
1011.00
1010.00
1007.40
1007.40
1000.20
997.20
996.80
996.60
994.20
