627200.00
633400.00
640400.00
643800.00
644600.00
641600.00
635600.00
629000.00
623000.00
619200.00
616600.00
618600.00
619400.00
620400.00
621800.00
622800.00
622600.00
625600.00
626800.00
627800.00
631400.00
633200.00
631800.00
630400.00
631000.00
627800.00
626400.00
627200.00
628400.00
626600.00
627200.00
627600.00
627400.00
628200.00
628800.00
628600.00
629800.00
630000.00
629800.00
630400.00
632800.00
631200.00
632000.00
632000.00
633200.00
635000.00
637800.00
640200.00
639800.00
637200.00
632000.00
627000.00
622000.00
619400.00
617400.00
615600.00
614400.00
612600.00
611600.00
612000.00
612400.00
612200.00
613600.00
613800.00
615200.00
617200.00
619000.00
618400.00
618600.00
616600.00
614600.00
613200.00
612000.00
611000.00
611600.00
612200.00
612400.00
612400.00
612000.00
610600.00
608000.00
602000.00
599200.00
596600.00
596800.00
597000.00
600800.00
600200.00
598800.00
593800.00
589600.00
586800.00
588000.00
589000.00
590400.00
590600.00
588800.00
583400.00
577800.00
571200.00
567400.00
564000.00
562800.00
564200.00
567600.00
571200.00
573600.00
577000.00
578800.00
578800.00
578800.00
579200.00
578800.00
576600.00
574800.00
572400.00
569600.00
566000.00
565400.00
564800.00
564200.00
566600.00
569000.00
568000.00
566600.00
564400.00
561400.00
558600.00
559000.00
559600.00
559000.00
559400.00
558400.00
558000.00
558600.00
558800.00
557000.00
556600.00
553400.00
548200.00
542200.00
534400.00
528400.00
524400.00
523800.00
527800.00
533200.00
536800.00
540200.00
542800.00
541600.00
542800.00
544400.00
546400.00
545800.00
545200.00
542000.00
534800.00
527600.00
521600.00
516400.00
512400.00
511200.00
510600.00
508800.00
506500.00
502800.00
499700.00
495500.00
492400.00
491300.00
492600.00
493400.00
493900.00
495600.00
497200.00
496500.00
496500.00
496200.00
495100.00
493800.00
492500.00
490400.00
489500.00
490000.00
488800.00
488500.00
489100.00
490800.00
491200.00
492300.00
493100.00
493800.00
493200.00
492000.00
490600.00
489400.00
488000.00
485500.00
481800.00
478500.00
474800.00
472600.00
470900.00
471500.00
473700.00
476600.00
476900.00
477500.00
477000.00
476600.00
476400.00
474100.00
472700.00
471200.00
468000.00
465500.00
466600.00
466200.00
466300.00
464900.00
462000.00
459100.00
455500.00
451000.00
447800.00
441300.00
435000.00
430300.00
426200.00
421600.00
421900.00
422300.00
422000.00
422200.00
422600.00
423100.00
425300.00
427300.00
428900.00
432900.00
