24210.00
24220.00
24120.00
23930.00
23720.00
23790.00
23720.00
23690.00
23770.00
24160.00
24400.00
24650.00
24960.00
25170.00
24990.00
24870.00
24680.00
24500.00
24350.00
24300.00
24180.00
23970.00
23690.00
23450.00
23180.00
23020.00
23010.00
23050.00
23070.00
23090.00
22910.00
22770.00
22570.00
22370.00
22140.00
22140.00
22040.00
21930.00
21750.00
21590.00
21430.00
21350.00
21360.00
21520.00
21660.00
21830.00
21750.00
21680.00
21470.00
21310.00
21010.00
20980.00
20990.00
21030.00
21040.00
21170.00
21320.00
21380.00
21460.00
21590.00
21710.00
21760.00
21830.00
21960.00
22060.00
22180.00
22340.00
22530.00
22620.00
22750.00
22820.00
22900.00
22880.00
22830.00
22770.00
22750.00
22700.00
22690.00
22730.00
22720.00
22700.00
22730.00
22800.00
22890.00
22950.00
22980.00
22880.00
22610.00
22190.00
21780.00
21330.00
20830.00
20320.00
19970.00
19710.00
19490.00
19490.00
19800.00
20190.00
20560.00
20950.00
21270.00
21460.00
21600.00
21680.00
21690.00
21640.00
21550.00
21480.00
21430.00
21500.00
21610.00
21730.00
21800.00
21650.00
21380.00
21030.00
20640.00
20330.00
20220.00
20090.00
20040.00
19870.00
19610.00
19390.00
19240.00
19090.00
19070.00
19030.00
18980.00
18930.00
18910.00
18850.00
18800.00
18700.00
18550.00
18270.00
17850.00
17570.00
17300.00
17050.00
16840.00
16680.00
16250.00
15920.00
15690.00
15590.00
15570.00
15690.00
15920.00
16140.00
16350.00
16640.00
16990.00
17180.00
17270.00
17170.00
17050.00
16940.00
16820.00
16840.00
17060.00
17290.00
17480.00
17650.00
17670.00
17560.00
17490.00
17500.00
17520.00
17730.00
17930.00
18000.00
17990.00
17990.00
17870.00
17870.00
18050.00
18200.00
18230.00
18200.00
18070.00
17770.00
17430.00
17200.00
17030.00
16910.00
16860.00
16980.00
17110.00
17330.00
17490.00
17650.00
17650.00
17560.00
17350.00
17150.00
16950.00
16680.00
16510.00
16390.00
16250.00
16160.00
16190.00
16300.00
16390.00
16540.00
16640.00
16720.00
16640.00
16690.00
16840.00
16950.00
17040.00
17120.00
17120.00
17010.00
16970.00
16960.00
17020.00
16960.00
16970.00
16890.00
16740.00
16570.00
16450.00
16240.00
16040.00
15960.00
15920.00
15930.00
15950.00
16030.00
16050.00
16070.00
16090.00
16110.00
16090.00
16080.00
16070.00
16030.00
