734.00
737.80
741.00
743.60
745.20
748.60
752.20
755.00
761.20
768.80
777.00
782.80
789.40
791.00
792.80
795.60
799.40
804.20
808.60
810.20
811.00
809.80
806.80
809.40
812.60
815.40
817.40
826.60
829.60
830.60
832.40
836.60
832.60
830.00
824.20
820.60
815.00
810.60
804.40
800.60
793.80
788.40
787.00
788.20
790.00
793.20
795.20
794.60
791.40
786.60
777.80
770.20
760.80
753.80
754.60
757.80
760.00
766.00
770.40
770.00
774.80
779.20
780.80
787.80
800.20
807.80
814.20
822.40
824.60
822.60
821.80
822.00
819.60
818.00
816.00
814.40
813.40
813.40
815.80
817.80
820.20
822.40
825.40
834.00
840.60
850.80
862.00
875.00
876.40
878.20
882.40
883.60
881.40
881.00
886.80
882.40
881.80
888.00
896.00
904.20
916.20
934.00
947.80
961.40
1029.00
1116.20
1187.40
1259.60
1326.00
1320.00
1279.00
1246.00
1204.00
1170.00
1156.00
1155.00
1136.00
1126.00
1114.00
1092.00
1072.00
1071.00
1061.00
1054.00
1053.00
1050.00
1051.00
1050.00
1045.00
1036.00
1033.00
1026.00
1036.00
1041.00
1057.00
1074.00
1083.00
1057.00
1042.20
1020.40
985.00
961.40
957.80
949.60
945.20
953.20
957.40
967.00
981.00
989.20
983.20
987.60
992.60
995.60
993.20
1003.60
994.80
990.60
987.60
986.20
986.20
1000.00
1009.20
1017.20
1029.00
1037.00
1036.00
1049.00
1057.00
1069.00
1081.00
1095.00
1094.00
1102.00
1108.00
1110.00
1108.00
1106.00
1099.00
1088.00
1081.00
1079.00
1075.00
1063.00
1050.00
1041.00
1027.00
1017.00
1014.00
1005.00
997.80
997.80
1002.80
1011.80
1020.80
1020.20
1015.60
1006.20
991.20
982.60
976.40
973.60
970.40
973.60
979.20
984.40
988.20
994.80
994.20
992.80
988.60
984.00
973.20
960.80
945.60
931.80
920.00
912.00
903.20
897.00
888.40
881.40
871.60
865.60
853.00
852.40
847.80
845.20
845.40
854.40
857.80
861.80
865.00
867.00
868.80
870.40
870.00
869.80
869.20
872.40
877.20
