40190.00
40360.00
40820.00
41300.00
41570.00
41980.00
42140.00
42160.00
42050.00
42150.00
42150.00
42360.00
42580.00
43390.00
43700.00
44020.00
44570.00
45130.00
45330.00
45660.00
45810.00
45630.00
45640.00
45850.00
46280.00
46910.00
47900.00
48990.00
49730.00
50090.00
50320.00
50260.00
50050.00
49790.00
49450.00
49660.00
49440.00
49080.00
48300.00
47980.00
47220.00
46800.00
46560.00
46600.00
46870.00
47230.00
47380.00
47480.00
47390.00
46900.00
46190.00
45670.00
45240.00
44750.00
44410.00
44930.00
45790.00
46830.00
48370.00
49810.00
50520.00
50860.00
50980.00
51060.00
51040.00
51020.00
51080.00
51200.00
50620.00
50210.00
49790.00
49400.00
48510.00
48290.00
47710.00
47750.00
47580.00
47720.00
47580.00
47550.00
47190.00
46660.00
46380.00
46000.00
45930.00
45860.00
46010.00
45910.00
46090.00
46080.00
46490.00
46950.00
47410.00
47890.00
48890.00
49020.00
49090.00
49500.00
49670.00
49380.00
49190.00
48930.00
48380.00
48090.00
48200.00
48700.00
49410.00
50680.00
51640.00
52200.00
52640.00
53020.00
52740.00
52940.00
52880.00
52900.00
52860.00
53000.00
52980.00
53360.00
53600.00
53700.00
53420.00
53100.00
52660.00
52440.00
52140.00
52460.00
52840.00
53120.00
52840.00
53200.00
53080.00
52840.00
52460.00
52360.00
51760.00
50920.00
50150.00
49600.00
49200.00
48590.00
48230.00
47520.00
46770.00
46050.00
45690.00
45360.00
45220.00
45250.00
44860.00
44640.00
44730.00
44830.00
44630.00
44560.00
44010.00
43380.00
43050.00
42830.00
42850.00
43210.00
43510.00
43820.00
44170.00
44580.00
44800.00
45320.00
45720.00
46260.00
46680.00
47190.00
47290.00
47370.00
47130.00
46780.00
46340.00
45900.00
45280.00
45140.00
45150.00
45020.00
44810.00
44710.00
44490.00
44040.00
44110.00
44480.00
44840.00
45080.00
45280.00
45340.00
45320.00
45380.00
45270.00
45290.00
45320.00
45250.00
45200.00
45100.00
44960.00
45000.00
45340.00
45510.00
45760.00
46210.00
46400.00
46240.00
46270.00
46360.00
46390.00
46400.00
46300.00
46080.00
45760.00
45420.00
45250.00
45460.00
45470.00
45490.00
45500.00
45370.00
45040.00
44780.00
44570.00
44410.00
44110.00
43930.00
44000.00
44130.00
44380.00
44910.00
45240.00
45300.00
45370.00
45310.00
45180.00
45120.00
45410.00
45440.00
45450.00
