10108.00
10028.00
10018.00
10020.00
10020.00
10030.00
10070.00
10110.00
10150.00
10150.00
10150.00
10140.00
10140.00
10140.00
10190.00
10200.00
10190.00
10170.00
10170.00
10140.00
10140.00
10150.00
10160.00
10140.00
10130.00
10140.00
10310.00
10390.00
10480.00
10540.00
10520.00
10340.00
10280.00
10230.00
10180.00
10210.00
10260.00
10250.00
10210.00
10200.00
10160.00
10090.00
10050.00
10030.00
10020.00
10010.00
10020.00
10030.00
10030.00
10030.00
10030.00
10020.00
10010.00
10030.00
10030.00
10030.00
10030.00
10030.00
10030.00
10020.00
10020.00
10040.00
10060.00
10050.00
10060.00
10060.00
10050.00
10040.00
10030.00
10030.00
10030.00
10030.00
10020.00
10020.00
10010.00
10030.00
10030.00
10030.00
10060.00
10060.00
10040.00
10040.00
10040.00
10010.00
10010.00
10010.00
10000.00
10000.00
10020.00
10020.00
10030.00
10030.00
10030.00
10010.00
10020.00
10010.00
10010.00
10010.00
10010.00
10000.00
10000.00
10010.00
10010.00
10010.00
10010.00
10010.00
10000.00
10010.00
10020.00
10020.00
10020.00
10030.00
10020.00
10010.00
10030.00
10040.00
10030.00
10030.00
10030.00
10010.00
10000.00
10010.00
10020.00
10020.00
10020.00
10020.00
10040.00
10040.00
10040.00
10050.00
10050.00
10020.00
10020.00
10030.00
10020.00
10020.00
10020.00
10010.00
10000.00
9996.00
9988.00
9976.00
9956.00
9916.00
9860.00
9788.00
9720.00
9658.00
9604.00
9564.00
9544.00
9538.00
9532.00
9534.00
9546.00
9564.00
9554.00
9590.00
9588.00
9596.00
9598.00
9596.00
9548.00
9542.00
9522.00
9502.00
9510.00
9500.00
9512.00
9514.00
9518.00
9510.00
9520.00
9508.00
9510.00
9512.00
9508.00
9506.00
9504.00
9494.00
9468.00
9450.00
9432.00
9404.00
9376.00
9376.00
9374.00
9368.00
9382.00
9396.00
9394.00
9386.00
9392.00
9386.00
9380.00
9370.00
9368.00
9362.00
9358.00
9384.00
9416.00
9446.00
9466.00
9478.00
9460.00
9442.00
9444.00
9434.00
9468.00
9500.00
9538.00
9530.00
9530.00
9492.00
9458.00
9448.00
9436.00
9416.00
9424.00
9430.00
9420.00
9414.00
9458.00
9484.00
9516.00
9532.00
9574.00
9574.00
9574.00
9608.00
9612.00
9622.00
9640.00
9648.00
9636.00
9664.00
9666.00
9680.00
9676.00
9656.00
9610.00
