1392.00
1457.00
1517.00
1575.00
1636.00
1701.00
1716.00
1728.00
1738.00
1737.00
1734.00
1737.00
1745.00
1750.00
1755.00
1741.00
1727.00
1724.00
1726.00
1735.00
1763.00
1835.00
1892.00
1954.00
2010.00
2045.00
2028.00
2015.00
1984.00
1953.00
1934.00
1917.00
1910.00
1911.00
1876.00
1843.00
1807.00
1762.00
1707.00
1686.00
1664.00
1653.00
1646.00
1656.00
1660.00
1676.00
1680.00
1682.00
1671.00
1669.00
1656.00
1650.00
1656.00
1669.00
1693.00
1737.00
1780.00
1808.00
1837.00
1858.00
1853.00
1842.00
1878.00
1919.00
1942.00
2020.00
2130.00
2175.00
2220.00
2292.00
2316.00
2272.00
2246.00
2191.00
2127.00
2067.00
2065.00
2076.00
2106.00
2129.00
2158.00
2132.00
2098.00
2085.00
2059.00
2038.00
2030.00
2020.00
1964.00
1932.00
1897.00
1875.00
1851.00
1856.00
1860.00
1837.00
1821.00
1812.00
1803.00
1795.00
1811.00
1832.00
1847.00
1884.00
1912.00
1946.00
1971.00
1997.00
1992.00
2004.00
2002.00
2003.00
2025.00
2053.00
2049.00
2043.00
2032.00
2017.00
2017.00
2045.00
2060.00
2077.00
2046.00
2001.00
1943.00
1913.00
1884.00
1868.00
1853.00
1833.00
1818.00
1804.00
1809.00
1809.00
1817.00
1797.00
1777.00
1737.00
1713.00
1693.00
1687.00
1682.00
1661.00
1629.00
1597.00
1577.00
1568.00
1606.00
1637.00
1667.00
1685.00
1698.00
1700.00
1711.00
1714.00
1710.00
1688.00
1672.00
1658.00
1647.00
1657.00
1678.00
1695.00
1721.00
1747.00
1750.00
1768.00
1789.00
1798.00
1821.00
1842.00
1855.00
1860.00
1863.00
1867.00
1876.00
1862.00
1852.00
1841.00
1810.00
1782.00
1775.00
1757.00
1730.00
1712.00
1697.00
1698.00
1705.00
1721.00
1735.00
1747.00
1739.00
1725.00
1713.00
1696.00
1677.00
1657.00
1646.00
1638.00
1633.00
1627.00
1626.00
1632.00
1642.00
1656.00
1668.00
1682.00
1688.00
1688.00
1688.00
1693.00
1699.00
1700.00
1688.00
1670.00
1647.00
1627.00
1617.00
1616.00
1619.00
1626.00
1625.00
1617.00
1610.00
1599.00
1589.00
1573.00
1555.00
1542.00
1538.00
1541.00
1551.00
1572.00
1582.00
1586.00
1583.00
1575.00
1558.00
1547.00
1544.00
1541.00
