1324.00
1325.00
1337.00
1377.00
1421.00
1491.00
1561.00
1593.00
1597.00
1604.00
1589.00
1567.00
1571.00
1561.00
1557.00
1548.00
1538.00
1556.00
1568.00
1574.00
1596.00
1619.00
1604.00
1602.00
1592.00
1574.00
1558.00
1557.00
1550.00
1550.00
1545.00
1541.00
1531.00
1526.00
1507.00
1498.00
1490.00
1485.00
1469.00
1466.00
1454.00
1440.00
1421.00
1417.00
1429.00
1447.00
1459.00
1470.00
1466.00
1430.00
1383.00
1345.00
1310.00
1280.00
1266.00
1269.00
1271.00
1283.00
1297.00
1312.00
1321.00
1327.00
1331.00
1339.00
1345.00
1346.00
1350.00
1358.00
1358.00
1361.00
1369.00
1373.00
1361.00
1347.00
1330.00
1309.00
1292.00
1283.00
1284.00
1279.00
1275.00
1258.00
1237.00
1210.00
1190.00
1177.00
1175.00
1180.00
1184.00
1186.00
1183.00
1174.00
1159.00
1149.00
1145.00
1144.00
1150.00
1161.00
1172.00
1181.00
1186.00
1197.00
1207.00
1223.00
1240.00
1254.00
1256.00
1252.00
1244.00
1235.00
1231.00
1227.00
1229.00
1227.00
1217.00
1209.00
1204.00
1199.00
1193.00
1194.00
1190.00
1191.00
1184.00
1173.00
1159.00
1151.00
1142.00
1137.00
1144.00
1146.00
1142.00
1145.00
1151.00
1152.00
1156.00
1160.00
1150.00
1120.00
1094.00
1076.00
1057.00
1044.00
1035.00
1013.00
991.40
980.00
969.00
977.00
995.00
1010.60
1016.00
1021.00
1027.00
1034.00
1037.00
1042.00
1041.00
1039.00
1039.00
1038.00
1041.00
1051.00
1058.00
1062.00
1081.00
1097.00
1106.00
1107.00
1109.00
1099.00
1089.00
1086.00
1091.00
1096.00
1101.00
1109.00
1111.00
1110.00
1104.00
1094.00
1082.00
1074.00
1060.00
1048.00
1039.00
1031.00
1024.00
1025.00
1030.00
1037.00
1042.00
1045.00
1046.00
1045.00
1042.00
1035.00
1030.00
1024.00
1017.00
1010.00
1007.00
1005.00
1007.00
1012.00
1079.00
1152.00
1209.00
1256.00
1299.00
1283.00
1251.00
1241.00
1233.00
1225.00
1209.00
1200.00
1194.00
1199.00
1205.00
1210.00
1216.00
1208.00
1212.00
1224.00
1225.00
1227.00
1230.00
1212.00
1194.00
1197.00
1196.00
1197.00
1210.00
1217.00
1217.00
1250.00
1277.00
1302.00
1336.00
1362.00
1375.00
