241100.00
239600.00
239600.00
240700.00
243300.00
247200.00
249100.00
249300.00
250400.00
249500.00
248700.00
251700.00
256400.00
261000.00
266100.00
270500.00
270700.00
270500.00
270200.00
268400.00
265000.00
262100.00
260500.00
257000.00
254900.00
256700.00
260400.00
263300.00
269200.00
274900.00
278700.00
282700.00
287100.00
288900.00
289300.00
290000.00
290000.00
288000.00
286100.00
286800.00
288400.00
288300.00
289500.00
291300.00
293500.00
298800.00
306600.00
314700.00
320100.00
325300.00
324000.00
324700.00
325400.00
327700.00
330000.00
331900.00
329100.00
326200.00
324200.00
321100.00
320200.00
322700.00
324800.00
324900.00
325000.00
325700.00
323900.00
321100.00
319900.00
318500.00
317000.00
317500.00
318600.00
319800.00
320500.00
322900.00
326100.00
330200.00
333100.00
334200.00
333500.00
326900.00
322900.00
318100.00
317800.00
313700.00
311700.00
306300.00
303900.00
298600.00
297300.00
295600.00
294800.00
292900.00
291800.00
291600.00
292300.00
293900.00
295900.00
296600.00
296100.00
296400.00
296000.00
296000.00
298800.00
300400.00
301200.00
301800.00
301200.00
301500.00
303200.00
303600.00
304300.00
304600.00
302400.00
300700.00
301000.00
301800.00
300900.00
299400.00
295900.00
293100.00
288100.00
283400.00
279100.00
275700.00
273000.00
271000.00
271700.00
272000.00
272000.00
272000.00
273400.00
274200.00
274900.00
276200.00
275500.00
271700.00
267800.00
263500.00
260400.00
257500.00
253700.00
248600.00
243200.00
237600.00
231800.00
229700.00
227900.00
226900.00
223800.00
222600.00
221400.00
220800.00
221700.00
223600.00
223400.00
223500.00
223800.00
225000.00
226000.00
229400.00
234300.00
240700.00
242900.00
244900.00
248100.00
247700.00
248300.00
251100.00
254300.00
255200.00
256500.00
257200.00
258200.00
260300.00
260700.00
262400.00
262500.00
262600.00
260500.00
258700.00
255700.00
251300.00
248100.00
245700.00
244800.00
244800.00
245900.00
245900.00
245600.00
245300.00
244300.00
242800.00
240900.00
238500.00
237100.00
234600.00
233700.00
234200.00
235100.00
234800.00
236900.00
238200.00
241600.00
245600.00
249300.00
252100.00
256000.00
257700.00
260300.00
263300.00
266000.00
266800.00
266200.00
264800.00
264300.00
264700.00
265400.00
269600.00
273500.00
276900.00
279400.00
282100.00
281100.00
281900.00
282100.00
283200.00
284500.00
287800.00
289000.00
289200.00
290100.00
290100.00
289300.00
288400.00
288400.00
285500.00
283600.00
281700.00
282100.00
