1925.00
1953.00
1968.00
1978.00
1944.00
1919.00
1905.00
1925.00
1940.00
1961.00
2001.00
2017.00
2027.00
2046.00
2041.00
2020.00
2011.00
2003.00
1980.00
1968.00
1946.00
1926.00
1911.00
1931.00
1959.00
1989.00
2013.00
2040.00
2030.00
2005.00
1967.00
1946.00
1909.00
1890.00
1866.00
1871.00
1864.00
1863.00
1867.00
1875.00
1868.00
1869.00
1868.00
1865.00
1862.00
1866.00
1860.00
1853.00
1831.00
1805.00
1781.00
1774.00
1768.00
1775.00
1786.00
1800.00
1800.00
1814.00
1823.00
1835.00
1852.00
1872.00
1885.00
1891.00
1915.00
1939.00
1946.00
1944.00
1952.00
1949.00
1935.00
1933.00
1949.00
1976.00
1987.00
1982.00
1981.00
1970.00
1958.00
1993.00
2052.00
2081.00
2095.00
2213.00
2454.00
2725.00
2955.00
3179.00
3273.00
3213.00
3092.00
3032.00
2971.00
2937.00
2919.00
2944.00
2970.00
3006.00
3035.00
3066.00
3076.00
3095.00
3140.00
3168.00
3139.00
3101.00
3047.00
2982.00
2941.00
2928.00
2940.00
3053.00
3369.00
3625.00
3871.00
4012.00
4020.00
3838.00
3746.00
3688.00
3747.00
3812.00
3803.00
3856.00
3937.00
3926.00
3976.00
4072.00
4093.00
4032.00
4055.00
4061.00
4088.00
4058.00
4012.00
3938.00
3874.00
3687.00
3527.00
3460.00
3358.00
3232.00
3162.00
3074.00
2984.00
2953.00
2935.00
3158.00
3410.00
3615.00
3779.00
3944.00
3953.00
3916.00
3899.00
3917.00
3876.00
3926.00
4025.00
4076.00
4095.00
4170.00
4106.00
4073.00
4066.00
4079.00
4056.00
4062.00
4028.00
4006.00
3976.00
3971.00
3959.00
3942.00
3956.00
3956.00
3909.00
3810.00
3707.00
3533.00
3427.00
3377.00
3371.00
3364.00
3397.00
3390.00
3338.00
3341.00
3352.00
3370.00
3396.00
3446.00
3431.00
3406.00
3369.00
3322.00
3284.00
3261.00
3266.00
3276.00
3288.00
3336.00
3381.00
3412.00
3447.00
3462.00
3470.00
3517.00
3528.00
3547.00
3587.00
3608.00
3594.00
3575.00
3501.00
3399.00
3312.00
3255.00
3211.00
3198.00
3177.00
3161.00
3109.00
3048.00
2992.00
2983.00
2960.00
2937.00
2945.00
2972.00
3002.00
3032.00
3068.00
3103.00
3119.00
3117.00
3083.00
3042.00
3004.00
3000.00
3010.00
