3722.00
3738.00
3768.00
3805.00
3843.00
3863.00
3877.00
3886.00
3897.00
3896.00
3898.00
3904.00
3911.00
3903.00
3913.00
3914.00
3914.00
3906.00
3897.00
3875.00
3859.00
3838.00
3818.00
3829.00
3853.00
3885.00
3926.00
3980.00
4001.00
4029.00
4043.00
4054.00
4043.00
4042.00
4010.00
3985.00
3962.00
3949.00
3935.00
3929.00
3908.00
3893.00
3896.00
3903.00
3892.00
3907.00
3921.00
3935.00
3945.00
3983.00
4004.00
4003.00
3991.00
3974.00
3964.00
3976.00
3997.00
4023.00
4054.00
4091.00
4113.00
4132.00
4151.00
4152.00
4124.00
4101.00
4079.00
4023.00
3993.00
3982.00
3953.00
3944.00
3967.00
3989.00
3999.00
4015.00
4015.00
3999.00
3984.00
3968.00
3956.00
3949.00
3953.00
3949.00
3960.00
3974.00
3974.00
3976.00
3939.00
3883.00
3808.00
3752.00
3697.00
3683.00
3670.00
3674.00
3673.00
3665.00
3650.00
3653.00
3662.00
3672.00
3708.00
3741.00
3774.00
3784.00
3793.00
3771.00
3765.00
3747.00
3755.00
3762.00
3774.00
3771.00
3779.00
3780.00
3779.00
3769.00
3739.00
3710.00
3672.00
3648.00
3630.00
3640.00
3706.00
3773.00
3828.00
3874.00
3873.00
3790.00
3711.00
3631.00
3567.00
3566.00
3595.00
3590.00
3585.00
3544.00
3500.00
3432.00
3400.00
3408.00
3463.00
3540.00
3615.00
3691.00
3728.00
3764.00
3737.00
3708.00
3768.00
3829.00
3855.00
3910.00
3985.00
3977.00
3959.00
3967.00
3972.00
3973.00
3965.00
3965.00
3956.00
3965.00
3983.00
4005.00
4027.00
4051.00
4057.00
4056.00
4041.00
4021.00
4021.00
4029.00
4022.00
4020.00
4013.00
3996.00
3980.00
3982.00
3988.00
4003.00
4015.00
4011.00
4012.00
4012.00
4024.00
4029.00
4039.00
4034.00
4036.00
4029.00
4022.00
4037.00
4044.00
4041.00
4033.00
4032.00
4017.00
4013.00
4007.00
4015.00
4020.00
4019.00
4030.00
4047.00
4052.00
4079.00
4103.00
4109.00
4074.00
4046.00
3994.00
3944.00
3885.00
3865.00
3850.00
3843.00
3844.00
3855.00
3859.00
3859.00
3839.00
3793.00
3763.00
3749.00
3724.00
3716.00
3721.00
3722.00
3719.00
3728.00
3736.00
3762.00
3786.00
3809.00
3830.00
3850.00
3857.00
3855.00
3834.00
