268400.00
272500.00
273900.00
275200.00
278800.00
281200.00
284500.00
285700.00
285400.00
282700.00
282300.00
282900.00
283800.00
283200.00
283700.00
282000.00
279400.00
278200.00
279100.00
279500.00
280300.00
281700.00
280000.00
278900.00
278900.00
278100.00
276500.00
277200.00
276100.00
274700.00
274200.00
273900.00
273300.00
273500.00
272800.00
273300.00
274600.00
276900.00
278600.00
280600.00
284200.00
287400.00
290500.00
294400.00
299000.00
300200.00
300600.00
301100.00
299800.00
299200.00
299200.00
301000.00
303500.00
307200.00
309200.00
310700.00
309400.00
305600.00
301500.00
297300.00
293500.00
290400.00
289000.00
288800.00
289900.00
290400.00
291000.00
290400.00
287100.00
282600.00
279600.00
277200.00
276300.00
277000.00
278700.00
279500.00
280000.00
279500.00
279300.00
278600.00
278500.00
277300.00
276700.00
275600.00
275200.00
274500.00
272400.00
268600.00
265000.00
261700.00
255900.00
254000.00
253300.00
251500.00
249500.00
248800.00
246500.00
244400.00
243600.00
242600.00
242400.00
242300.00
243200.00
244600.00
245800.00
247600.00
250000.00
250600.00
251000.00
251200.00
250700.00
249700.00
249600.00
249600.00
250500.00
250500.00
251400.00
251700.00
251000.00
249600.00
249800.00
249900.00
249500.00
248400.00
247700.00
246600.00
244500.00
242900.00
242200.00
240000.00
238700.00
237900.00
238200.00
239500.00
241000.00
240800.00
240300.00
238700.00
236200.00
235200.00
233800.00
232300.00
230600.00
229700.00
228100.00
227800.00
227700.00
228200.00
228400.00
228000.00
226500.00
225700.00
225900.00
225700.00
227000.00
228400.00
228400.00
228300.00
228700.00
228400.00
230500.00
232300.00
235000.00
239500.00
242400.00
242400.00
243800.00
244600.00
243200.00
243500.00
245000.00
246000.00
246200.00
246700.00
248100.00
250200.00
251500.00
252600.00
253200.00
252500.00
251100.00
249800.00
248500.00
248700.00
248400.00
246700.00
246100.00
246400.00
246200.00
247300.00
249400.00
251200.00
252300.00
252600.00
251200.00
250600.00
249500.00
248400.00
246600.00
245300.00
243700.00
243100.00
243900.00
245700.00
246800.00
247400.00
247300.00
246300.00
245700.00
246300.00
246300.00
245500.00
244700.00
242100.00
239300.00
237000.00
236300.00
235100.00
235700.00
236500.00
236700.00
236300.00
235400.00
234200.00
232500.00
232300.00
231700.00
231400.00
231300.00
231900.00
232200.00
233300.00
234100.00
234400.00
234400.00
233700.00
232800.00
232600.00
233300.00
234200.00
236000.00
