9656.00
9738.00
9810.00
9994.00
9960.00
10000.00
9970.00
10032.00
10162.00
10446.00
10850.00
11170.00
11440.00
11650.00
11730.00
11620.00
11640.00
11770.00
11880.00
12150.00
12630.00
12950.00
13270.00
13610.00
13820.00
13810.00
13940.00
13840.00
13660.00
13510.00
13410.00
13370.00
13370.00
13350.00
13160.00
13030.00
12740.00
12490.00
12270.00
12220.00
12080.00
12080.00
12170.00
12340.00
12480.00
12700.00
12730.00
12730.00
12730.00
12950.00
13470.00
14150.00
14670.00
15150.00
15340.00
15470.00
15620.00
15860.00
16000.00
16200.00
16070.00
15840.00
15620.00
15560.00
15500.00
15440.00
15410.00
15510.00
15370.00
15220.00
15070.00
14990.00
14740.00
14620.00
14500.00
14500.00
14390.00
14440.00
14550.00
14610.00
14620.00
14500.00
14280.00
14030.00
13880.00
13400.00
12960.00
12530.00
12040.00
11530.00
11330.00
11160.00
10980.00
10860.00
10800.00
10700.00
10710.00
10780.00
10850.00
10910.00
11020.00
11120.00
11180.00
11330.00
11500.00
11690.00
11840.00
11920.00
11920.00
11830.00
11880.00
11910.00
11990.00
12040.00
12100.00
12050.00
12040.00
12050.00
12150.00
12260.00
12330.00
12430.00
12350.00
12230.00
12140.00
12080.00
12010.00
12040.00
12240.00
12410.00
12690.00
12890.00
13210.00
13210.00
13230.00
13070.00
13060.00
12810.00
12700.00
12540.00
12260.00
11890.00
11520.00
11100.00
10760.00
10690.00
10640.00
10730.00
10870.00
10950.00
10900.00
10900.00
11070.00
11330.00
11610.00
11860.00
12020.00
12110.00
12060.00
12000.00
12020.00
12070.00
12090.00
12130.00
12170.00
12250.00
12270.00
12320.00
12420.00
12480.00
12510.00
12590.00
12740.00
12770.00
12830.00
12860.00
12870.00
12720.00
12620.00
12490.00
12410.00
12340.00
12310.00
12250.00
12240.00
12150.00
12080.00
12030.00
12100.00
12160.00
12230.00
12270.00
12260.00
12230.00
12140.00
12080.00
12050.00
12100.00
12170.00
12190.00
12290.00
12360.00
12360.00
12320.00
12430.00
12430.00
12450.00
12470.00
12510.00
12590.00
12530.00
12470.00
12390.00
12270.00
12020.00
11940.00
11860.00
11820.00
11730.00
11650.00
11500.00
11360.00
11250.00
11170.00
11110.00
11150.00
11150.00
11130.00
11180.00
11250.00
11270.00
11330.00
11400.00
11460.00
11500.00
11540.00
11560.00
11530.00
11500.00
11520.00
11530.00
