19830.00
20430.00
21040.00
21570.00
21750.00
21940.00
21790.00
21670.00
21610.00
21470.00
21270.00
21120.00
21050.00
21090.00
21180.00
21230.00
21470.00
21690.00
21750.00
21900.00
21970.00
21720.00
21570.00
21450.00
21330.00
21200.00
21440.00
21550.00
21760.00
21900.00
22040.00
21990.00
21930.00
21770.00
21440.00
21250.00
21120.00
21050.00
20770.00
20550.00
20150.00
19790.00
19360.00
19190.00
19160.00
19310.00
19320.00
19310.00
19130.00
18890.00
18560.00
18340.00
18150.00
18060.00
18070.00
18230.00
18360.00
18500.00
18760.00
18950.00
18980.00
18970.00
18990.00
18870.00
18870.00
18840.00
18850.00
18920.00
18910.00
18940.00
19250.00
19450.00
19620.00
19910.00
20050.00
20050.00
20080.00
20260.00
20520.00
20760.00
20910.00
21060.00
20980.00
20760.00
20540.00
20390.00
20280.00
20190.00
20110.00
20390.00
20550.00
20750.00
21030.00
21050.00
20710.00
20530.00
20400.00
20430.00
20690.00
21150.00
21490.00
21750.00
21780.00
21910.00
21830.00
21850.00
21840.00
21830.00
21720.00
21660.00
21520.00
21410.00
21210.00
21180.00
21190.00
21180.00
21380.00
21750.00
21930.00
22480.00
22870.00
22930.00
22730.00
22660.00
22150.00
21970.00
21900.00
22270.00
22440.00
22570.00
22500.00
22440.00
22080.00
21800.00
21490.00
21150.00
20820.00
20230.00
19760.00
19390.00
19010.00
18600.00
18290.00
17860.00
17490.00
17350.00
17210.00
17370.00
17640.00
17840.00
17890.00
18000.00
18120.00
18260.00
18350.00
18430.00
18330.00
18150.00
18000.00
17870.00
17890.00
18120.00
18350.00
18470.00
18690.00
18770.00
18720.00
18780.00
18860.00
18880.00
18920.00
19010.00
19030.00
19070.00
19050.00
19030.00
18950.00
18850.00
18710.00
18630.00
18640.00
18670.00
18600.00
18510.00
18440.00
18250.00
18210.00
18260.00
18300.00
18340.00
18300.00
18200.00
18050.00
17990.00
17880.00
17900.00
17960.00
17500.00
16970.00
16460.00
15970.00
15330.00
15260.00
15280.00
15390.00
15460.00
15620.00
15770.00
15830.00
15800.00
15790.00
15730.00
15670.00
15560.00
15400.00
15250.00
15170.00
15190.00
15260.00
15400.00
15470.00
15470.00
15380.00
15320.00
15220.00
15170.00
15160.00
15130.00
15110.00
15150.00
15240.00
15320.00
15410.00
15440.00
15410.00
15370.00
15310.00
15230.00
15210.00
15250.00
15290.00
