35830.00
36100.00
36290.00
36430.00
36320.00
36080.00
35750.00
35710.00
35890.00
36230.00
36500.00
36950.00
37080.00
37140.00
37170.00
37320.00
37310.00
37420.00
37600.00
37780.00
38040.00
38140.00
38330.00
38450.00
38760.00
38840.00
39100.00
39370.00
39690.00
40050.00
40820.00
41410.00
41900.00
42130.00
42100.00
42170.00
42190.00
42200.00
42270.00
42460.00
42380.00
42900.00
43400.00
44100.00
44760.00
45420.00
45830.00
46370.00
46630.00
46930.00
46980.00
46850.00
46590.00
46290.00
46090.00
46210.00
46290.00
46530.00
47030.00
47350.00
47420.00
47660.00
48120.00
48540.00
48960.00
49430.00
49820.00
49850.00
49540.00
49090.00
48480.00
47980.00
47600.00
47480.00
47180.00
47300.00
47390.00
47230.00
47120.00
47000.00
46910.00
46420.00
46050.00
45450.00
45330.00
44730.00
44700.00
44460.00
44440.00
44240.00
44190.00
44070.00
44260.00
44330.00
44190.00
43810.00
43350.00
42670.00
42210.00
42110.00
42190.00
42110.00
42270.00
42430.00
42450.00
42610.00
42510.00
42330.00
42100.00
41980.00
41890.00
42070.00
42250.00
42250.00
42090.00
42100.00
42200.00
42110.00
42140.00
42150.00
42030.00
42330.00
42620.00
42930.00
43150.00
43440.00
43640.00
43860.00
43890.00
44040.00
44080.00
43880.00
43710.00
43640.00
43630.00
43230.00
42740.00
42350.00
42000.00
41440.00
41040.00
40580.00
39890.00
39190.00
38720.00
38500.00
38280.00
38300.00
38320.00
38340.00
38120.00
38000.00
37910.00
37960.00
37940.00
38140.00
38190.00
38150.00
38060.00
38100.00
38110.00
38200.00
38350.00
38540.00
38610.00
38620.00
38720.00
39040.00
39430.00
40170.00
40760.00
41110.00
41210.00
41290.00
41060.00
41040.00
41080.00
41000.00
40680.00
40270.00
39970.00
39500.00
39130.00
38880.00
38770.00
38350.00
38130.00
37980.00
38010.00
38400.00
38900.00
39450.00
40040.00
40400.00
40190.00
40110.00
40000.00
39820.00
39420.00
39190.00
38860.00
38510.00
38350.00
38340.00
38310.00
38440.00
38590.00
38480.00
38510.00
38920.00
39380.00
39660.00
39780.00
39670.00
39210.00
38600.00
38220.00
38030.00
38010.00
37940.00
37830.00
37690.00
37600.00
37520.00
37430.00
37340.00
37060.00
36900.00
36700.00
36540.00
36390.00
36340.00
36090.00
35900.00
35760.00
35770.00
35890.00
36200.00
36580.00
36830.00
37030.00
