47200.00
47370.00
47460.00
47600.00
47620.00
47650.00
47670.00
47690.00
47700.00
47670.00
47670.00
47690.00
47690.00
47670.00
47680.00
47620.00
47460.00
47310.00
47150.00
46970.00
46780.00
46580.00
46490.00
46470.00
46480.00
46560.00
46710.00
46710.00
46610.00
46560.00
46400.00
46340.00
46310.00
46310.00
46140.00
46140.00
46160.00
46360.00
46490.00
46730.00
46920.00
46970.00
46860.00
46700.00
46560.00
46380.00
46420.00
46340.00
46270.00
46180.00
46170.00
46000.00
45970.00
45980.00
45950.00
45950.00
46010.00
45920.00
45910.00
45890.00
45790.00
45650.00
45640.00
45640.00
45690.00
45700.00
45800.00
45770.00
45930.00
45950.00
46020.00
45960.00
46000.00
45860.00
46090.00
46170.00
46260.00
46300.00
46250.00
46010.00
45990.00
45840.00
45680.00
45610.00
45590.00
45420.00
45470.00
45590.00
45750.00
45810.00
45970.00
46010.00
46000.00
45920.00
45910.00
45880.00
45870.00
45830.00
45800.00
45810.00
45800.00
45790.00
45860.00
45980.00
46100.00
46140.00
46150.00
46270.00
46310.00
46260.00
46310.00
46380.00
46280.00
46120.00
46020.00
45880.00
45810.00
45810.00
45840.00
45860.00
45860.00
45830.00
45780.00
45880.00
45900.00
45920.00
45900.00
45950.00
45870.00
45880.00
45920.00
46000.00
46030.00
46010.00
45950.00
46190.00
46380.00
46530.00
46670.00
46830.00
46950.00
47060.00
46740.00
46280.00
45940.00
45450.00
45250.00
45590.00
46090.00
46340.00
46680.00
46750.00
46650.00
46760.00
47020.00
46910.00
46730.00
46650.00
46400.00
46090.00
46030.00
46270.00
46450.00
46680.00
46880.00
47020.00
46980.00
46930.00
46770.00
46750.00
46630.00
46440.00
46310.00
46290.00
46170.00
46100.00
46050.00
45980.00
45880.00
45720.00
45720.00
45730.00
45660.00
45600.00
45600.00
45600.00
45640.00
45810.00
45930.00
46050.00
46010.00
45990.00
46130.00
46210.00
46250.00
46240.00
46270.00
46160.00
46090.00
46000.00
46110.00
46280.00
46330.00
46430.00
46620.00
46840.00
46840.00
46870.00
46960.00
47110.00
47050.00
47030.00
46920.00
46810.00
46480.00
46670.00
46530.00
46440.00
46360.00
46390.00
45950.00
45860.00
45800.00
45710.00
45600.00
45500.00
45430.00
45440.00
45510.00
45590.00
45640.00
45810.00
45850.00
45790.00
45740.00
45820.00
45730.00
45720.00
45740.00
45760.00
45680.00
