10380.00
10420.00
10470.00
10530.00
10590.00
10650.00
10770.00
10820.00
10860.00
10950.00
11130.00
11230.00
11410.00
11530.00
11650.00
11680.00
11780.00
11850.00
11970.00
12090.00
12240.00
12260.00
12170.00
12100.00
11950.00
11790.00
11780.00
11870.00
11930.00
11990.00
12050.00
12000.00
11970.00
11990.00
11920.00
11830.00
11740.00
11620.00
11380.00
11260.00
11120.00
10990.00
10920.00
10910.00
10870.00
10880.00
10850.00
10800.00
10800.00
10860.00
10880.00
10980.00
11100.00
11170.00
11230.00
11280.00
11280.00
11280.00
11300.00
11280.00
11250.00
11230.00
11220.00
11250.00
11320.00
11380.00
11450.00
11490.00
11470.00
11440.00
11410.00
11370.00
11270.00
11210.00
11120.00
11070.00
11020.00
11000.00
10960.00
10850.00
10730.00
10590.00
10410.00
10230.00
10150.00
10052.00
9964.00
9974.00
9958.00
9946.00
9958.00
9968.00
9822.00
9686.00
9572.00
9424.00
9270.00
9278.00
9304.00
9294.00
9346.00
9438.00
9492.00
9570.00
9666.00
9748.00
9812.00
9868.00
9896.00
9916.00
9930.00
9944.00
9960.00
9968.00
9966.00
9952.00
9944.00
9966.00
9988.00
10010.00
10060.00
10080.00
9998.00
9922.00
9864.00
9804.00
9776.00
9794.00
9812.00
9800.00
9718.00
9640.00
9594.00
9548.00
9504.00
9496.00
9462.00
9382.00
9258.00
9122.00
8900.00
8630.00
8260.00
7868.00
7508.00
7290.00
7140.00
7140.00
7190.00
7244.00
7258.00
7328.00
7388.00
7450.00
7468.00
7474.00
7376.00
7288.00
7226.00
7190.00
7198.00
7254.00
7302.00
7322.00
7316.00
7280.00
7228.00
7186.00
7172.00
7262.00
7352.00
7472.00
7578.00
7682.00
7686.00
7660.00
7576.00
7504.00
7434.00
7388.00
7406.00
7424.00
7426.00
7378.00
7340.00
7266.00
7226.00
7196.00
7182.00
7156.00
7124.00
7194.00
7280.00
7390.00
7440.00
7496.00
7446.00
7378.00
7300.00
7280.00
7282.00
7268.00
7286.00
7350.00
7416.00
7462.00
7546.00
7604.00
7636.00
7678.00
7660.00
7646.00
7616.00
7572.00
7488.00
7460.00
7414.00
7396.00
7394.00
7420.00
7458.00
7506.00
7538.00
7538.00
7544.00
7520.00
7462.00
7400.00
7366.00
7334.00
7320.00
7324.00
7326.00
7322.00
7322.00
7332.00
7344.00
7402.00
7458.00
7510.00
7558.00
