5610.23
5673.52
5813.12
5960.17
6053.24
6252.41
6393.88
6488.81
6639.58
6820.14
6939.27
7052.81
7162.63
7209.17
7177.52
7090.04
7024.89
6974.63
6928.10
6957.88
6963.46
6937.41
7052.81
7188.70
7302.24
7449.29
7596.34
7637.29
7661.49
7659.63
7644.74
7631.71
7566.56
7493.96
7369.25
7311.55
7225.93
7112.38
6972.77
6902.04
6820.14
6849.92
6903.90
7013.72
7168.22
7285.49
7296.65
7296.65
7261.29
7179.39
7049.09
6957.88
6874.12
6751.27
6641.44
6624.69
6602.36
6635.86
6717.76
6799.66
6820.14
6892.73
6926.24
6954.16
6985.80
7026.75
6976.50
6890.87
6797.80
6736.38
6486.95
6276.61
6103.50
5949.01
5757.28
5768.45
5783.34
5814.99
5844.77
5882.00
5909.92
5902.47
5885.72
5829.88
5785.20
5794.51
5837.32
5872.69
5976.93
6114.67
6189.13
6239.38
6326.65
6394.68
6398.46
6446.99
6544.00
6582.00
6562.00
6570.00
6596.00
6820.00
7110.00
7364.00
7624.00
7754.00
7624.00
7472.00
7360.00
7252.00
7244.00
7228.00
7126.00
7036.00
6952.00
6826.00
6720.00
6668.00
6642.00
6616.00
6674.00
6736.00
6694.00
6652.00
6612.00
6534.00
6452.00
6450.00
6418.00
6390.00
6344.00
6328.00
6354.00
6498.00
6648.00
6770.00
6906.00
6982.00
6930.00
6908.00
6868.00
6824.00
6694.00
6524.00
6282.00
6122.00
5968.00
6034.00
6348.00
6692.00
7026.00
7324.00
7538.00
7572.00
7510.00
7438.00
7346.00
7340.00
7294.00
7254.00
7202.00
7138.00
6968.00
6870.00
6870.00
6862.00
6834.00
6844.00
6812.00
6746.00
6650.00
6608.00
6582.00
6592.00
6588.00
6658.00
6706.00
6770.00
6818.00
6880.00
6908.00
6948.00
6902.00
6890.00
6864.00
6882.00
6924.00
6994.00
7032.00
7102.00
7096.00
7096.00
7098.00
7152.00
7150.00
7174.00
7136.00
7242.00
7268.00
7274.00
7326.00
7424.00
7388.00
7356.00
7372.00
7312.00
7262.00
7170.00
7142.00
7124.00
7086.00
7092.00
7146.00
7118.00
7052.00
7036.00
7018.00
7172.00
7384.00
7720.00
8036.00
8252.00
8402.00
8480.00
8540.00
8628.00
8746.00
8764.00
8888.00
8970.00
8992.00
9094.00
9154.00
9130.00
9034.00
9008.00
8902.00
8722.00
8676.00
8682.00
8696.00
