8062.00
8250.00
8360.00
8212.00
8146.00
8126.00
8108.00
8118.00
8090.00
8044.00
7990.00
7966.00
7986.00
8030.00
8098.00
8152.00
8164.00
8242.00
8284.00
8282.00
8322.00
8408.00
8390.00
8478.00
8504.00
8492.00
8468.00
8446.00
8378.00
8392.00
8412.00
8426.00
8462.00
8498.00
8444.00
8468.00
8534.00
8596.00
8604.00
8678.00
8818.00
8912.00
8976.00
9094.00
9204.00
9190.00
9154.00
9156.00
9106.00
9036.00
8850.00
8698.00
8508.00
8280.00
8106.00
8070.00
7996.00
7956.00
8020.00
8058.00
8042.00
8028.00
8030.00
8018.00
8014.00
8036.00
8040.00
8026.00
7982.00
7962.00
7948.00
7942.00
7956.00
7964.00
7930.00
7846.00
7800.00
7758.00
7758.00
7790.00
7796.00
7698.00
7586.00
7438.00
7258.00
7190.00
7182.00
7138.00
7128.00
7114.00
7024.00
6950.00
6876.00
6780.00
6746.00
6722.00
6694.00
6716.00
6760.00
6760.00
6784.00
6842.00
6882.00
6928.00
6980.00
7040.00
7072.00
7088.00
7080.00
7106.00
7156.00
7206.00
7250.00
7294.00
7330.00
7320.00
7286.00
7294.00
7280.00
7250.00
7212.00
7170.00
7022.00
6900.00
6798.00
6746.00
6716.00
6752.00
6812.00
6830.00
6810.00
6812.00
6832.00
6808.00
6770.00
6708.00
6600.00
6420.00
6280.00
6182.00
6094.00
6028.00
5928.00
5732.00
5556.00
5450.00
5366.00
5402.00
5496.00
5570.00
5586.00
5592.00
5610.00
5686.00
5762.00
5820.00
5840.00
5824.00
5800.00
5802.00
5832.00
5898.00
5970.00
6014.00
6036.00
6054.00
6056.00
6054.00
6060.00
6066.00
6122.00
6172.00
6220.00
6248.00
6246.00
6214.00
6190.00
6166.00
6140.00
6114.00
6126.00
6132.00
6138.00
6164.00
6208.00
6174.00
6188.00
6214.00
6236.00
6278.00
6310.00
6298.00
6252.00
6198.00
6154.00
6114.00
6062.00
6044.00
6026.00
5976.00
5968.00
6038.00
6106.00
6204.00
6314.00
6446.00
6494.00
6520.00
6528.00
6560.00
6504.00
6478.00
6448.00
6374.00
6248.00
6170.00
6118.00
6124.00
6136.00
6146.00
6158.00
6134.00
6074.00
6026.00
5988.00
5976.00
5962.00
5950.00
5948.00
5958.00
5952.00
5978.00
6004.00
6100.00
6180.00
6234.00
6270.00
6288.00
6226.00
6210.00
6234.00
