535.00
540.20
541.20
540.00
541.80
544.40
549.80
553.80
559.00
561.20
561.20
559.00
558.80
559.00
557.40
554.00
548.20
544.60
541.20
538.20
540.00
546.60
553.00
558.60
565.00
567.20
566.60
564.40
561.40
558.20
556.80
565.20
572.80
582.80
587.20
590.20
583.80
577.20
568.40
564.40
557.00
550.60
545.60
541.40
538.00
538.80
538.00
533.20
533.40
533.80
531.60
531.40
533.40
531.80
528.40
529.00
529.40
532.60
536.20
541.60
545.20
549.20
550.60
551.60
552.40
553.80
552.40
551.60
549.60
548.40
546.80
547.20
550.80
550.40
546.80
543.00
541.00
536.00
538.40
540.20
541.60
541.20
541.40
536.00
533.80
533.80
531.00
525.20
520.60
514.80
508.80
502.40
496.00
489.40
486.00
479.60
471.40
469.40
466.60
462.00
461.60
469.00
472.80
478.20
481.80
482.80
480.80
478.80
478.00
478.40
481.20
483.60
487.60
500.60
510.20
513.40
522.40
527.60
520.80
515.40
518.00
513.60
508.80
504.60
505.20
506.00
507.00
508.20
510.40
508.60
502.40
501.00
501.20
501.00
500.40
498.60
488.80
481.80
478.80
476.60
476.80
483.40
479.40
470.00
464.60
458.20
446.00
442.00
441.40
437.00
432.00
430.80
431.20
431.20
429.00
427.00
424.20
421.00
417.20
417.40
422.80
429.40
436.00
444.40
449.20
451.00
448.20
445.60
442.40
445.60
446.40
452.20
458.80
464.00
464.80
465.00
467.00
466.80
463.80
461.80
461.80
459.40
459.00
458.60
460.20
462.60
465.80
468.20
473.40
478.40
482.20
484.20
484.60
483.60
480.60
476.80
473.00
468.00
465.40
462.00
459.40
458.40
459.40
460.20
464.00
465.80
467.00
469.00
470.60
470.00
470.80
478.40
481.80
484.40
484.40
485.80
480.80
477.40
474.40
472.60
469.60
463.80
458.80
453.20
449.20
444.60
442.80
442.00
442.40
443.40
445.80
447.20
448.40
448.20
446.60
444.40
441.40
438.80
441.20
444.00
447.60
