6406.00
6462.00
6510.00
6564.00
6634.00
6718.00
6776.00
6804.00
6858.00
6910.00
6936.00
7006.00
7108.00
7192.00
7258.00
7316.00
7424.00
7476.00
7512.00
7558.00
7604.00
7538.00
7522.00
7516.00
7492.00
7480.00
7484.00
7500.00
7504.00
7516.00
7546.00
7594.00
7632.00
7656.00
7622.00
7570.00
7466.00
7382.00
7284.00
7242.00
7182.00
7158.00
7110.00
7106.00
7118.00
7148.00
7172.00
7198.00
7186.00
7166.00
7110.00
7068.00
7022.00
6956.00
6900.00
6910.00
6912.00
6928.00
6990.00
7040.00
7064.00
7092.00
7118.00
7156.00
7182.00
7214.00
7242.00
7266.00
7252.00
7244.00
7210.00
7152.00
7088.00
7040.00
6980.00
6966.00
6972.00
6996.00
7010.00
7020.00
6996.00
6920.00
6842.00
6760.00
6662.00
6574.00
6550.00
6518.00
6518.00
6536.00
6548.00
6540.00
6498.00
6438.00
6400.00
6346.00
6318.00
6318.00
6318.00
6310.00
6326.00
6318.00
6330.00
6390.00
6466.00
6528.00
6622.00
6684.00
6706.00
6712.00
6732.00
6716.00
6744.00
6752.00
6740.00
6694.00
6652.00
6592.00
6532.00
6476.00
6464.00
6466.00
6422.00
6372.00
6378.00
6372.00
6340.00
6330.00
6344.00
6312.00
6264.00
6248.00
6252.00
6208.00
6158.00
6122.00
6060.00
5954.00
5898.00
5856.00
5824.00
5792.00
5772.00
5694.00
5626.00
5590.00
5570.00
5578.00
5634.00
5682.00
5662.00
5652.00
5644.00
5652.00
5652.00
5662.00
5638.00
5610.00
5576.00
5552.00
5562.00
5590.00
5626.00
5660.00
5684.00
5692.00
5720.00
5766.00
5836.00
5942.00
6048.00
6146.00
6220.00
6282.00
6320.00
6342.00
6352.00
6334.00
6306.00
6264.00
6254.00
6224.00
6210.00
6180.00
6172.00
6134.00
6140.00
6156.00
6184.00
6212.00
6232.00
6240.00
6240.00
6244.00
6218.00
6182.00
6162.00
6146.00
6110.00
6094.00
6088.00
6062.00
6028.00
6030.00
6026.00
6048.00
6054.00
6100.00
6108.00
6114.00
6086.00
6032.00
5930.00
5836.00
5716.00
5626.00
5578.00
5560.00
5544.00
5556.00
5560.00
5554.00
5534.00
5532.00
5510.00
5488.00
5476.00
5474.00
5466.00
5480.00
5494.00
5502.00
5506.00
5502.00
5500.00
5478.00
5460.00
5432.00
5420.00
5420.00
5440.00
