14540.86
14594.94
14748.18
14973.54
15036.66
15162.86
15045.66
14775.22
14441.68
14153.20
13801.64
13441.06
13251.74
13233.70
13233.70
13350.88
13576.24
13828.66
13918.82
14072.08
14099.12
14108.14
14189.28
14315.48
14396.60
14459.72
14631.00
14694.10
14703.12
14730.16
14757.20
15063.70
15415.28
15712.76
15866.02
16172.52
15992.24
15766.86
15532.48
15370.22
15144.84
15036.66
14892.42
14820.30
14784.24
14793.26
14829.32
14865.38
14991.58
15027.64
14838.34
14649.02
14441.68
13990.94
13639.36
13549.20
13432.00
13450.04
13612.32
13702.46
13774.58
13864.74
13855.72
13873.74
14036.02
14126.18
14171.26
14279.44
14270.42
14234.36
14162.24
14090.12
13918.84
13792.64
13558.24
13332.86
13098.46
12990.28
12909.14
12819.00
12683.78
12440.38
12151.90
11863.44
11665.12
11620.04
11629.06
11620.06
11556.96
11466.80
11304.54
11223.42
11142.28
11151.28
11151.28
11097.20
11196.36
11304.54
11430.76
11827.42
12233.08
12611.70
12972.30
13251.76
13170.62
13233.72
13134.56
12972.28
12801.00
12737.90
12611.70
12485.48
12413.36
12404.34
12350.26
12233.06
12178.98
12197.02
12160.96
12260.12
12404.36
12458.44
12278.14
12079.82
11800.36
11538.92
11593.02
11890.50
12215.02
12521.52
12746.90
12728.86
12656.74
12512.50
12260.08
11998.66
11701.18
11232.42
10844.80
10628.44
10385.04
10213.76
10006.42
9862.18
9663.86
9663.86
9672.88
9943.32
10105.58
10276.86
10276.86
10276.86
10394.06
10574.36
10736.64
10980.04
10709.59
10278.68
9882.02
9451.11
8976.92
8906.61
8940.86
8913.82
8939.06
8953.48
9020.19
8976.92
8975.12
9011.18
9108.22
9208.90
9321.18
9419.05
9432.00
9382.00
9272.00
9128.00
8966.00
8738.00
8562.00
8432.00
8278.00
8090.00
8166.00
8238.00
8256.00
8338.00
8536.00
8536.00
8476.00
8456.00
8360.00
8208.00
8048.00
8020.00
7974.00
8048.00
8090.00
8118.00
8046.00
8010.00
7938.00
7892.00
7874.00
7840.00
7836.00
7752.00
7656.00
7536.00
7450.00
7336.00
7290.00
7208.00
7128.00
7102.00
7144.00
7208.00
7372.00
7582.00
7702.00
7768.00
7806.00
7732.00
7628.00
7692.00
7968.00
8112.00
8336.00
8554.00
8646.00
8534.00
8556.00
8514.00
8470.00
8402.00
8292.00
8180.00
8132.00
8186.00
8318.00
