29200.00
29180.00
29350.00
29760.00
30150.00
30580.00
31160.00
31670.00
32030.00
32480.00
32950.00
33350.00
33730.00
33960.00
34080.00
34170.00
34240.00
34340.00
34370.00
34320.00
34210.00
34090.00
33980.00
34200.00
34910.00
35700.00
36510.00
37340.00
37890.00
38160.00
38800.00
39640.00
40430.00
40900.00
41200.00
41080.00
40770.00
40290.00
40160.00
40090.00
40170.00
40290.00
40610.00
40950.00
41290.00
41530.00
41600.00
41510.00
41210.00
40730.00
40150.00
39680.00
39720.00
39490.00
39410.00
39490.00
39560.00
39330.00
39400.00
39420.00
39360.00
39310.00
39180.00
39250.00
39430.00
39610.00
39620.00
39760.00
39790.00
39870.00
40030.00
40660.00
41350.00
42050.00
42480.00
42850.00
42990.00
42800.00
42560.00
42340.00
42030.00
41360.00
40880.00
40220.00
39700.00
39260.00
39250.00
39160.00
39160.00
39240.00
39290.00
39210.00
39150.00
39200.00
39210.00
39060.00
38870.00
38680.00
38500.00
38300.00
38270.00
38250.00
38250.00
38280.00
38300.00
38320.00
38280.00
38240.00
38150.00
38030.00
38020.00
38080.00
38110.00
38120.00
38030.00
37780.00
37300.00
36970.00
36630.00
36270.00
35830.00
35640.00
35110.00
34640.00
34550.00
34960.00
35370.00
35970.00
36580.00
36990.00
37080.00
37600.00
37850.00
38050.00
38260.00
38440.00
38120.00
38050.00
37960.00
37760.00
37440.00
37210.00
36650.00
36140.00
35510.00
34990.00
34410.00
34230.00
34060.00
34160.00
34170.00
34150.00
34090.00
33930.00
33770.00
33640.00
33280.00
32940.00
32760.00
32290.00
32000.00
31980.00
32000.00
31950.00
32220.00
32390.00
32620.00
32980.00
33430.00
33630.00
33800.00
33910.00
33850.00
33720.00
33630.00
33520.00
33170.00
32830.00
32420.00
32160.00
31950.00
31970.00
31940.00
32090.00
31990.00
31860.00
31760.00
31680.00
31470.00
31480.00
31480.00
31450.00
31320.00
31150.00
30830.00
30340.00
29870.00
29620.00
29400.00
29220.00
29290.00
29370.00
29490.00
29600.00
30140.00
30580.00
30960.00
31070.00
31230.00
31010.00
30800.00
30620.00
30630.00
30450.00
30290.00
30150.00
30120.00
30010.00
30070.00
30140.00
30200.00
30170.00
30160.00
30140.00
30100.00
30110.00
30110.00
30100.00
30090.00
30110.00
30120.00
30150.00
30170.00
30200.00
30230.00
30300.00
30330.00
30340.00
30390.00
30440.00
30430.00
