1816.00
1839.00
1864.00
1895.00
1913.00
1914.00
1930.00
1950.00
1963.00
1980.00
1983.00
1962.00
1973.00
1991.00
2001.00
2018.00
2046.00
2045.00
2053.00
2083.00
2124.00
2193.00
2264.00
2313.00
2327.00
2339.00
2298.00
2392.00
2613.00
2861.00
3143.00
3434.00
3593.00
3727.00
3667.00
3538.00
3516.00
3445.00
3205.00
3131.00
3085.00
2975.00
2886.00
2888.00
2861.00
2876.00
2880.00
2902.00
2895.00
2923.00
2964.00
2992.00
3022.00
3048.00
3259.00
3437.00
3623.00
3822.00
4023.00
4057.00
4057.00
4024.00
4004.00
4001.00
3941.00
3875.00
3851.00
3756.00
3649.00
3601.00
3592.00
3568.00
3582.00
3606.00
3633.00
3606.00
3560.00
3529.00
3498.00
3444.00
3411.00
3346.00
3280.00
3203.00
3144.00
3114.00
3115.00
3137.00
3146.00
3155.00
3147.00
3095.00
3017.00
2973.00
2942.00
2907.00
2913.00
2937.00
2942.00
2941.00
2966.00
3032.00
3090.00
3185.00
3272.00
3382.00
3468.00
3525.00
3530.00
3575.00
3581.00
3555.00
3610.00
3656.00
3645.00
3612.00
3596.00
3558.00
3566.00
3541.00
3512.00
3532.00
3452.00
3336.00
3267.00
3278.00
3239.00
3285.00
3348.00
3364.00
3302.00
3256.00
3191.00
3125.00
3088.00
3056.00
2996.00
2889.00
2804.00
2763.00
2722.00
2697.00
2654.00
2579.00
2513.00
2498.00
2497.00
2573.00
2678.00
2778.00
2823.00
2878.00
2920.00
2934.00
2909.00
2886.00
2821.00
2761.00
2727.00
2704.00
2714.00
2755.00
2780.00
2792.00
2803.00
2799.00
2785.00
2820.00
2859.00
3076.00
3260.00
3552.00
3807.00
4102.00
4208.00
4331.00
4285.00
4262.00
4174.00
4092.00
4042.00
4084.00
4079.00
3934.00
3799.00
3645.00
3464.00
3331.00
3370.00
3411.00
3432.00
3467.00
3437.00
3443.00
3402.00
3397.00
3357.00
3363.00
3339.00
3339.00
3338.00
3370.00
3400.00
3408.00
3468.00
3493.00
3524.00
3526.00
3530.00
3503.00
3502.00
3497.00
3485.00
3393.00
3285.00
3170.00
3045.00
2966.00
2956.00
2950.00
2950.00
2913.00
2885.00
2835.00
2783.00
2745.00
2743.00
2719.00
2738.00
2783.00
2810.00
2838.00
2827.00
2832.00
2807.00
2807.00
2772.00
2755.00
2724.00
2714.00
2684.00
