922.20
928.20
934.60
942.40
952.20
960.40
962.60
964.60
967.80
968.60
968.20
970.00
970.80
967.00
965.20
966.40
965.00
966.80
969.40
969.40
967.60
968.80
969.20
970.20
973.60
978.60
983.80
988.20
993.40
999.00
1001.80
1002.80
1001.40
999.40
993.20
984.20
974.20
962.60
947.40
935.40
926.80
922.00
922.00
926.00
928.40
931.80
935.00
933.00
930.60
928.40
921.40
914.60
912.60
909.20
907.80
914.20
919.00
922.80
928.80
934.00
936.20
937.60
938.80
941.60
947.20
950.80
955.00
961.00
964.40
961.80
961.00
961.60
959.20
956.60
955.60
955.80
954.20
953.40
964.80
978.00
989.60
1003.60
1020.00
1024.00
1028.00
1039.00
1049.00
1057.00
1051.00
1043.60
1027.80
1009.80
990.80
980.60
975.40
970.80
964.20
959.60
957.40
951.20
946.60
949.00
955.00
969.40
986.20
1002.20
1019.40
1036.00
1050.00
1060.00
1072.00
1076.00
1078.00
1078.00
1074.00
1073.00
1075.00
1079.00
1089.00
1097.00
1122.00
1162.00
1246.00
1302.00
1364.00
1388.00
1393.00
1355.00
1341.00
1337.00
1344.00
1359.00
1363.00
1354.00
1322.00
1300.00
1271.00
1288.00
1311.00
1343.00
1371.00
1420.00
1517.00
1734.00
1956.00
2180.00
2347.00
2443.00
2393.00
2315.00
2219.00
2161.00
2073.00
2018.00
2013.00
2053.00
2081.00
2171.00
2197.00
2174.00
2101.00
2041.00
1932.00
1880.00
1836.00
1808.00
1803.00
1782.00
1773.00
1782.00
1795.00
1775.00
1767.00
1739.00
1715.00
1679.00
1674.00
1664.00
1662.00
1646.00
1647.00
1625.00
1622.00
1617.00
1615.00
1615.00
1614.00
1595.00
1582.00
1579.00
1577.00
1601.00
1661.00
1732.00
1768.00
1801.00
1780.00
1726.00
1664.00
1638.00
1617.00
1627.00
1638.00
1645.00
1658.00
1661.00
1670.00
1683.00
1704.00
1727.00
1716.00
1699.00
1686.00
1655.00
1660.00
1681.00
1679.00
1666.00
1655.00
1596.00
1540.00
1507.00
1482.00
1466.00
1454.00
1456.00
1466.00
1473.00
1484.00
1495.00
1510.00
1513.00
1527.00
1533.00
1536.00
1534.00
1529.00
1518.00
1512.00
1514.00
1518.00
