118000.00
119800.00
121100.00
121800.00
122000.00
123600.00
124700.00
126000.00
127600.00
128700.00
128700.00
128800.00
128900.00
128400.00
128300.00
128400.00
128500.00
128400.00
128600.00
128500.00
128000.00
127600.00
127400.00
126400.00
125500.00
124600.00
123200.00
121400.00
120300.00
120000.00
120000.00
120100.00
120700.00
122700.00
124000.00
124200.00
124300.00
124700.00
124000.00
122700.00
122500.00
123300.00
122900.00
121600.00
121800.00
122400.00
122100.00
122400.00
123500.00
124000.00
123200.00
122100.00
121000.00
120000.00
119200.00
119300.00
119400.00
120500.00
121300.00
122600.00
124100.00
125700.00
126400.00
127300.00
127400.00
126900.00
127200.00
127900.00
129100.00
130600.00
132300.00
133800.00
135300.00
136100.00
136400.00
137400.00
137900.00
137900.00
137800.00
137900.00
137200.00
135700.00
134000.00
132300.00
130700.00
129200.00
128500.00
127600.00
127600.00
127400.00
127200.00
127200.00
128200.00
129400.00
131300.00
132700.00
134300.00
135100.00
135800.00
136300.00
137700.00
138600.00
140300.00
141300.00
141700.00
141700.00
141800.00
141200.00
140700.00
140500.00
140400.00
140400.00
140900.00
141000.00
141300.00
141300.00
141200.00
140900.00
140000.00
138900.00
138600.00
138900.00
138400.00
138500.00
138700.00
138700.00
138300.00
138200.00
137300.00
136600.00
135600.00
134600.00
133600.00
133400.00
133200.00
132700.00
131900.00
130900.00
130100.00
128900.00
127700.00
127100.00
127000.00
126600.00
126700.00
127600.00
128600.00
129300.00
129900.00
130000.00
129600.00
128700.00
127800.00
127100.00
126400.00
126000.00
125300.00
125000.00
125400.00
125900.00
126400.00
127700.00
128400.00
128600.00
128900.00
128700.00
127900.00
127800.00
127900.00
127900.00
127600.00
127700.00
127900.00
128000.00
129000.00
130600.00
132000.00
132800.00
133600.00
133800.00
133500.00
132300.00
131000.00
129900.00
129000.00
127800.00
127300.00
126400.00
125200.00
123900.00
123200.00
122600.00
122600.00
122600.00
122200.00
122000.00
122100.00
122000.00
122100.00
122400.00
122400.00
122500.00
123000.00
123500.00
123700.00
124000.00
124000.00
123900.00
124000.00
124200.00
124600.00
125000.00
125300.00
125100.00
125100.00
124700.00
124500.00
124000.00
123800.00
123700.00
123200.00
122500.00
122300.00
122000.00
120800.00
120300.00
119900.00
119600.00
119000.00
119400.00
119900.00
119800.00
120200.00
121000.00
121700.00
122300.00
123000.00
123000.00
122900.00
122300.00
121600.00
