2685.00
2709.00
2730.00
2766.00
2777.00
2787.00
2804.00
2812.00
2808.00
2811.00
2811.00
2808.00
2815.00
2823.00
2829.00
2838.00
2850.00
2856.00
2861.00
2871.00
2875.00
2869.00
2868.00
2859.00
2843.00
2839.00
2836.00
2843.00
2861.00
2873.00
2895.00
2914.00
2915.00
2927.00
2925.00
2913.00
2906.00
2909.00
2891.00
2886.00
2862.00
2847.00
2829.00
2819.00
2797.00
2792.00
2771.00
2749.00
2714.00
2694.00
2679.00
2677.00
2677.00
2680.00
2687.00
2701.00
2724.00
2740.00
2765.00
2792.00
2802.00
2812.00
2821.00
2834.00
2848.00
2868.00
2867.00
2867.00
2864.00
2861.00
2853.00
2850.00
2854.00
2855.00
2843.00
2833.00
2820.00
2814.00
2808.00
2798.00
2788.00
2768.00
2745.00
2710.00
2695.00
2690.00
2685.00
2681.00
2670.00
2656.00
2633.00
2614.00
2573.00
2561.00
2557.00
2544.00
2539.00
2548.00
2551.00
2549.00
2552.00
2552.00
2559.00
2568.00
2570.00
2574.00
2582.00
2590.00
2593.00
2595.00
2601.00
2605.00
2605.00
2602.00
2601.00
2596.00
2593.00
2589.00
2585.00
2580.00
2728.00
2914.00
3300.00
3646.00
3995.00
4114.00
4193.00
4150.00
4124.00
4173.00
4259.00
4275.00
4233.00
4229.00
4106.00
4141.00
4251.00
4614.00
5118.00
5483.00
5684.00
6072.00
6452.00
6738.00
7164.00
7508.00
7610.00
7608.00
7426.00
7222.00
7106.00
6992.00
6682.00
6524.00
6330.00
6382.00
6468.00
6668.00
6682.00
6726.00
6476.00
6240.00
5940.00
5756.00
5602.00
5532.00
5444.00
5320.00
5256.00
5246.00
5250.00
5196.00
5163.00
5084.00
4993.00
4873.00
4800.00
4720.00
4671.00
4606.00
4561.00
4518.00
4505.00
4499.00
4487.00
4481.00
4492.00
4482.00
4443.00
4443.00
4431.00
4439.00
4378.00
4337.00
4252.00
4217.00
4129.00
4119.00
4118.00
4150.00
4158.00
4213.00
4230.00
4217.00
4206.00
4168.00
4130.00
4109.00
4129.00
4132.00
4113.00
4092.00
4067.00
4026.00
4034.00
4075.00
4016.00
3938.00
3842.00
3704.00
3546.00
3482.00
3463.00
3456.00
3440.00
3458.00
3495.00
3528.00
3563.00
3616.00
3668.00
3677.00
3686.00
3705.00
3714.00
3698.00
3700.00
3675.00
3656.00
3639.00
3633.00
