240900.00
244600.00
248900.00
252200.00
253000.00
255200.00
256800.00
257700.00
259100.00
262700.00
264800.00
265100.00
265400.00
266500.00
266700.00
267000.00
271000.00
272900.00
273400.00
274800.00
273900.00
270300.00
268600.00
267900.00
266000.00
266300.00
265400.00
266000.00
267300.00
269100.00
270600.00
272600.00
273600.00
272100.00
269600.00
267700.00
264300.00
260600.00
257500.00
254800.00
251700.00
250900.00
251000.00
252300.00
254800.00
256800.00
258400.00
258600.00
258800.00
258200.00
257200.00
256200.00
255900.00
255200.00
254000.00
256700.00
259200.00
262800.00
266200.00
270600.00
272600.00
273800.00
273800.00
273400.00
272200.00
270500.00
269600.00
269300.00
269400.00
268300.00
267400.00
265900.00
263300.00
261400.00
259600.00
258300.00
257100.00
256200.00
254600.00
253700.00
251900.00
249900.00
247300.00
244500.00
242400.00
240800.00
238900.00
237600.00
236900.00
235700.00
234400.00
233500.00
232400.00
232100.00
232300.00
232900.00
234600.00
236300.00
237900.00
239100.00
239500.00
238400.00
238300.00
238100.00
238700.00
239000.00
240000.00
239600.00
239400.00
239100.00
239500.00
240400.00
242300.00
243400.00
243600.00
244100.00
244300.00
245800.00
246300.00
246700.00
247300.00
247700.00
245800.00
244300.00
243100.00
241000.00
239100.00
238200.00
238100.00
237500.00
236900.00
236800.00
236400.00
236300.00
236800.00
237300.00
236500.00
235000.00
233000.00
230400.00
227900.00
224800.00
221100.00
216900.00
212900.00
209100.00
207400.00
207100.00
206600.00
206700.00
206700.00
206700.00
207300.00
208300.00
208900.00
209400.00
208400.00
207000.00
206300.00
205400.00
206100.00
207500.00
208800.00
209600.00
211500.00
212300.00
213600.00
215900.00
220900.00
225700.00
230300.00
234500.00
236700.00
236300.00
234900.00
233800.00
232300.00
231700.00
229900.00
229100.00
227900.00
225800.00
223300.00
222100.00
221000.00
219800.00
220900.00
223100.00
224600.00
225700.00
226500.00
226300.00
224600.00
223900.00
223000.00
222700.00
220400.00
218600.00
216400.00
214100.00
211800.00
211900.00
213000.00
214400.00
215600.00
216800.00
218900.00
220200.00
221000.00
221800.00
223100.00
223800.00
224200.00
224100.00
224000.00
223200.00
223300.00
224900.00
227000.00
229400.00
231500.00
232300.00
231800.00
230600.00
229900.00
229900.00
230100.00
230200.00
231000.00
232300.00
234800.00
236700.00
239900.00
243400.00
245600.00
246200.00
246400.00
244900.00
243800.00
242200.00
240300.00
