38540.00
38100.00
37860.00
37710.00
37450.00
37320.00
37200.00
37260.00
37350.00
37560.00
37540.00
37660.00
37620.00
37570.00
37610.00
37780.00
37880.00
38090.00
38300.00
38280.00
38750.00
39510.00
40260.00
40890.00
41480.00
41370.00
41010.00
40690.00
40490.00
40270.00
40270.00
40350.00
40300.00
40180.00
40280.00
41090.00
41650.00
42300.00
42800.00
43250.00
42910.00
42990.00
42970.00
43140.00
43000.00
42930.00
42500.00
42080.00
41480.00
41150.00
40570.00
40200.00
39810.00
39410.00
38960.00
38960.00
38910.00
38930.00
39130.00
39260.00
39180.00
39140.00
39200.00
39370.00
39470.00
39480.00
39490.00
39350.00
39040.00
39070.00
39250.00
39240.00
39230.00
39260.00
39070.00
38820.00
38760.00
38770.00
38820.00
38790.00
38700.00
38350.00
37780.00
37090.00
36480.00
35940.00
35390.00
34870.00
34620.00
34170.00
33700.00
33380.00
33020.00
32540.00
32220.00
31720.00
31420.00
31580.00
31550.00
31610.00
31800.00
31890.00
31820.00
32160.00
32410.00
32850.00
33210.00
33340.00
33210.00
33080.00
32750.00
32610.00
32380.00
32100.00
31900.00
31540.00
30940.00
30750.00
30560.00
30340.00
30220.00
30220.00
29940.00
29540.00
29360.00
29350.00
29180.00
29040.00
29240.00
29160.00
28990.00
29000.00
29100.00
29050.00
29010.00
28770.00
28370.00
27790.00
27220.00
26900.00
26700.00
26750.00
26680.00
26430.00
25940.00
25650.00
25180.00
25090.00
25170.00
25280.00
25190.00
25340.00
25560.00
25870.00
26210.00
26580.00
26660.00
26590.00
26540.00
26560.00
26610.00
26740.00
26840.00
26790.00
26490.00
26220.00
25930.00
25800.00
25790.00
26040.00
26370.00
26690.00
26890.00
27010.00
26940.00
26840.00
26670.00
26430.00
26000.00
25750.00
25590.00
25460.00
25400.00
25410.00
25320.00
25190.00
25180.00
25190.00
25350.00
25620.00
25760.00
25890.00
25940.00
26020.00
25990.00
25940.00
25870.00
25890.00
25800.00
25780.00
25770.00
25730.00
25770.00
26040.00
26370.00
26650.00
27040.00
27180.00
27140.00
27020.00
26910.00
26870.00
26900.00
26790.00
26490.00
26210.00
25790.00
25470.00
25250.00
25150.00
25100.00
25090.00
25020.00
24930.00
24760.00
24580.00
24340.00
24110.00
23950.00
23810.00
23950.00
23990.00
24180.00
24370.00
24690.00
24740.00
24910.00
24990.00
25170.00
25160.00
25170.00
