12340.00
12260.00
12390.00
12360.00
12350.00
12360.00
12340.00
12230.00
12190.00
12160.00
12090.00
12010.00
12660.00
13630.00
14710.00
15830.00
16890.00
17340.00
17260.00
16150.00
14980.00
13870.00
12720.00
11810.00
11890.00
11960.00
12030.00
12050.00
12180.00
12290.00
12400.00
12420.00
12510.00
12490.00
12370.00
12390.00
12640.00
12790.00
12970.00
13210.00
13340.00
13340.00
13310.00
13280.00
13160.00
13070.00
12960.00
12890.00
12720.00
12710.00
12620.00
12540.00
12370.00
12260.00
12090.00
11970.00
11830.00
11830.00
11910.00
11940.00
11960.00
12020.00
12060.00
12050.00
12060.00
12070.00
12060.00
12020.00
11900.00
11830.00
11750.00
11660.00
11540.00
11390.00
11230.00
11130.00
11090.00
11120.00
11230.00
11330.00
11300.00
11120.00
10890.00
10538.00
10338.00
10238.00
10188.00
10118.00
10060.00
9918.00
9806.00
9676.00
9538.00
9480.00
9448.00
9284.00
9130.00
9102.00
9098.00
9000.00
8984.00
9022.00
8978.00
8968.00
8958.00
8964.00
8862.00
8724.00
8586.00
8522.00
8482.00
8534.00
8602.00
8592.00
8538.00
8398.00
8220.00
8166.00
8150.00
8164.00
8162.00
8320.00
8296.00
8212.00
8106.00
8066.00
7958.00
7868.00
7900.00
8088.00
8204.00
8238.00
8322.00
8314.00
8112.00
7930.00
7758.00
7504.00
7410.00
7510.00
7820.00
8244.00
8430.00
8342.00
8080.00
7720.00
7288.00
7278.00
7370.00
7454.00
7460.00
7476.00
7458.00
7548.00
7636.00
7684.00
7630.00
7512.00
7398.00
7306.00
7290.00
7400.00
7526.00
7616.00
7696.00
7748.00
7772.00
7754.00
7754.00
7772.00
7854.00
7920.00
8024.00
8058.00
8036.00
7944.00
7798.00
7646.00
7520.00
7384.00
7320.00
7304.00
7332.00
7480.00
7666.00
7852.00
8094.00
8274.00
8348.00
8454.00
8466.00
8426.00
8386.00
8402.00
8618.00
8744.00
8764.00
8876.00
8918.00
8708.00
8626.00
8714.00
8722.00
8806.00
8862.00
8846.00
8786.00
8708.00
8536.00
8388.00
8314.00
8248.00
8188.00
8108.00
8012.00
7898.00
7824.00
7800.00
7792.00
7812.00
7826.00
7824.00
7750.00
7698.00
7614.00
7598.00
7514.00
7518.00
7542.00
7662.00
7732.00
7842.00
7948.00
8020.00
8036.00
8080.00
8110.00
8076.00
8042.00
8146.00
8212.00
