126800.00
127400.00
128300.00
128900.00
129000.00
128200.00
127300.00
126100.00
124800.00
123500.00
123100.00
122900.00
122200.00
121400.00
120700.00
119800.00
118700.00
118100.00
117700.00
117300.00
117300.00
117400.00
117200.00
116900.00
116900.00
116600.00
116400.00
116300.00
116200.00
116100.00
116000.00
115800.00
115600.00
115300.00
114900.00
115300.00
115600.00
116300.00
116800.00
116800.00
117600.00
118600.00
120100.00
122200.00
125400.00
127100.00
127800.00
128000.00
127900.00
127300.00
126200.00
127500.00
130000.00
132000.00
135100.00
138100.00
139200.00
139300.00
139400.00
138000.00
137100.00
136700.00
136600.00
136800.00
137100.00
137900.00
138000.00
137700.00
136700.00
136100.00
134900.00
134000.00
132700.00
131700.00
131200.00
131300.00
131800.00
132000.00
132100.00
131100.00
129100.00
126100.00
124000.00
122400.00
121300.00
120500.00
120000.00
118600.00
116600.00
114400.00
112600.00
110200.00
108400.00
107200.00
106000.00
103820.00
102080.00
100380.00
99020.00
98120.00
97960.00
98380.00
98980.00
99340.00
99360.00
99520.00
100440.00
100940.00
101440.00
101920.00
102400.00
102100.00
101700.00
101400.00
100900.00
100460.00
99780.00
99660.00
99420.00
99280.00
99260.00
99540.00
99240.00
98620.00
98120.00
97840.00
98040.00
98160.00
98400.00
98420.00
98220.00
98220.00
98520.00
98920.00
99380.00
99720.00
99060.00
98080.00
97000.00
96120.00
94860.00
93620.00
91660.00
89000.00
86380.00
84620.00
83800.00
84240.00
85460.00
86960.00
87520.00
87720.00
87680.00
87820.00
87640.00
87720.00
87400.00
87060.00
87020.00
86940.00
87020.00
87260.00
87660.00
87860.00
88020.00
87980.00
87840.00
87560.00
87280.00
87240.00
87900.00
90100.00
91960.00
94240.00
96360.00
98240.00
98980.00
99700.00
99580.00
99240.00
98660.00
97700.00
96780.00
96700.00
96980.00
96620.00
96560.00
96780.00
96580.00
96500.00
96840.00
96620.00
96440.00
95980.00
95440.00
94920.00
94580.00
94280.00
93780.00
93140.00
92640.00
92060.00
91920.00
92300.00
93360.00
94500.00
95140.00
96040.00
96580.00
96240.00
95940.00
96260.00
95540.00
94620.00
93740.00
92720.00
92020.00
91640.00
91760.00
91800.00
91720.00
91520.00
90960.00
90140.00
89200.00
88520.00
87460.00
86460.00
85580.00
85220.00
85100.00
84940.00
85060.00
85240.00
85280.00
85020.00
85360.00
85500.00
85840.00
86060.00
86440.00
