4487.00
4572.00
4684.00
4769.00
4842.00
4926.00
4937.00
4923.00
4921.00
4941.00
4949.00
4957.00
4979.00
5002.00
4998.00
4977.00
4979.00
4969.00
4955.00
4965.00
5014.00
5040.00
5092.00
5146.00
5192.00
5222.00
5232.00
5216.00
5190.00
5152.00
5120.00
5106.00
5094.00
5088.00
5054.00
5027.00
4999.00
5017.00
5027.00
5035.00
5043.00
5049.00
5017.00
4995.00
5037.00
5106.00
5166.00
5218.00
5258.00
5270.00
5208.00
5154.00
5190.00
5218.00
5248.00
5322.00
5376.00
5350.00
5346.00
5330.00
5320.00
5328.00
5344.00
5366.00
5398.00
5406.00
5400.00
5374.00
5328.00
5310.00
5290.00
5284.00
5274.00
5268.00
5202.00
5154.00
5116.00
5086.00
5070.00
5076.00
5076.00
5042.00
5007.00
4963.00
4933.00
4920.00
4925.00
4934.00
4931.00
4919.00
4884.00
4838.00
4754.00
4679.00
4612.00
4531.00
4457.00
4427.00
4410.00
4391.00
4408.00
4441.00
4482.00
4525.00
4569.00
4608.00
4630.00
4638.00
4652.00
4675.00
4679.00
4683.00
4685.00
4672.00
4655.00
4646.00
4639.00
4635.00
4638.00
4626.00
4602.00
4582.00
4552.00
4496.00
4452.00
4446.00
4433.00
4427.00
4437.00
4434.00
4394.00
4370.00
4347.00
4316.00
4292.00
4274.00
4238.00
4157.00
4091.00
4028.00
3969.00
3921.00
3905.00
3846.00
3810.00
3801.00
3797.00
3813.00
3856.00
3889.00
3896.00
3915.00
3936.00
3990.00
4016.00
4028.00
4003.00
3982.00
3942.00
3920.00
3925.00
3958.00
3984.00
4011.00
4033.00
4038.00
4046.00
4049.00
4051.00
4060.00
4075.00
4084.00
4091.00
4096.00
4094.00
4094.00
4083.00
4074.00
4055.00
4036.00
4012.00
3991.00
3950.00
3948.00
3945.00
3937.00
3933.00
3949.00
3930.00
3936.00
3945.00
3959.00
3980.00
4003.00
3999.00
3982.00
3968.00
3955.00
3947.00
3933.00
3943.00
3953.00
3960.00
3968.00
3991.00
4007.00
4026.00
4065.00
4109.00
4152.00
4186.00
4211.00
4215.00
4210.00
4189.00
4174.00
4156.00
4137.00
4132.00
4137.00
4159.00
4186.00
4211.00
4218.00
4207.00
4180.00
4156.00
4130.00
4110.00
4120.00
4138.00
4153.00
4167.00
4201.00
4217.00
4217.00
4218.00
4213.00
4202.00
4187.00
4184.00
