10840.00
10910.00
11030.00
11130.00
11180.00
11270.00
11380.00
11480.00
11550.00
11580.00
11620.00
11560.00
11590.00
11630.00
11700.00
11710.00
11730.00
11740.00
11790.00
11880.00
12420.00
12980.00
13400.00
13960.00
14630.00
14670.00
14730.00
14840.00
14770.00
14450.00
14300.00
14230.00
14120.00
14240.00
13970.00
13760.00
13450.00
13200.00
12670.00
12580.00
12450.00
12360.00
12210.00
12160.00
12110.00
12110.00
12080.00
12110.00
12050.00
12010.00
11890.00
11750.00
11590.00
11540.00
11570.00
11670.00
11750.00
12000.00
12110.00
12160.00
12220.00
12270.00
12220.00
12260.00
12320.00
12330.00
12360.00
12340.00
12300.00
12260.00
12280.00
12290.00
12340.00
12320.00
12240.00
12160.00
12080.00
11960.00
11920.00
11880.00
11830.00
11710.00
11580.00
11360.00
11200.00
11080.00
11030.00
11000.00
11020.00
11010.00
10980.00
10910.00
10770.00
10680.00
10640.00
10540.00
10440.00
10440.00
10400.00
10350.00
10340.00
10410.00
10500.00
10690.00
10890.00
11070.00
11220.00
11280.00
11230.00
11230.00
11230.00
11210.00
11290.00
11720.00
12110.00
12360.00
12620.00
12750.00
12650.00
12400.00
12280.00
12170.00
12010.00
11720.00
11560.00
11510.00
11460.00
11480.00
11510.00
11540.00
11460.00
11400.00
11410.00
11430.00
11440.00
11340.00
11250.00
10990.00
10820.00
10860.00
10890.00
10800.00
10910.00
10880.00
10650.00
10540.00
10570.00
10550.00
10570.00
10640.00
10670.00
10680.00
10710.00
10800.00
10820.00
10870.00
10830.00
10770.00
10710.00
10650.00
10650.00
10680.00
10720.00
10740.00
10800.00
10800.00
10800.00
10860.00
10910.00
11020.00
11170.00
11370.00
11480.00
11600.00
11660.00
11670.00
11560.00
11490.00
11390.00
11260.00
11130.00
11100.00
11020.00
10900.00
10770.00
10660.00
10540.00
10490.00
10510.00
10530.00
10540.00
10560.00
10530.00
10510.00
10470.00
10450.00
10430.00
10420.00
10390.00
10370.00
10350.00
10330.00
10340.00
10370.00
10410.00
10460.00
10520.00
10550.00
10560.00
10570.00
10600.00
10650.00
10670.00
10690.00
10710.00
10700.00
10660.00
10650.00
10660.00
10690.00
10720.00
10710.00
10710.00
10680.00
10580.00
10540.00
10530.00
10520.00
10530.00
10590.00
10590.00
10620.00
10640.00
10650.00
10660.00
10670.00
10660.00
10620.00
10600.00
10560.00
10510.00
