21670.00
21950.00
22380.00
22710.00
23010.00
23360.00
23420.00
23410.00
23400.00
23400.00
23360.00
23310.00
23340.00
23510.00
23590.00
23680.00
23760.00
23850.00
23840.00
23830.00
23780.00
23620.00
23420.00
23240.00
23050.00
22960.00
23100.00
23180.00
23190.00
23230.00
23460.00
23620.00
23720.00
23890.00
23860.00
23630.00
23370.00
23110.00
22810.00
22590.00
22430.00
22280.00
22290.00
22360.00
22460.00
22530.00
22610.00
22600.00
22510.00
22510.00
22290.00
22050.00
21750.00
21470.00
21230.00
21310.00
21380.00
21630.00
21930.00
22140.00
22110.00
22130.00
22100.00
22070.00
22090.00
22110.00
22080.00
22280.00
22410.00
22740.00
23170.00
23560.00
23600.00
23690.00
23650.00
23550.00
23600.00
23830.00
23980.00
23950.00
23860.00
23670.00
23390.00
23030.00
22840.00
22870.00
23030.00
23150.00
23340.00
23360.00
23250.00
23000.00
22760.00
22600.00
22580.00
22520.00
22550.00
22850.00
23110.00
23440.00
23840.00
24100.00
24150.00
24510.00
24760.00
24980.00
25240.00
25360.00
25250.00
25140.00
25140.00
25150.00
25350.00
25460.00
25590.00
25710.00
26030.00
26250.00
26360.00
26650.00
26970.00
27270.00
27440.00
27540.00
27470.00
27230.00
27080.00
27010.00
27150.00
27230.00
27360.00
27280.00
27310.00
27370.00
27460.00
27440.00
27150.00
26670.00
26310.00
25870.00
25430.00
25160.00
24810.00
24280.00
23710.00
23360.00
23070.00
22970.00
23120.00
23380.00
23230.00
23100.00
23020.00
22760.00
22400.00
22350.00
22120.00
21930.00
21950.00
22150.00
22380.00
23060.00
23590.00
23910.00
24210.00
24400.00
24230.00
24160.00
24090.00
23910.00
23860.00
23780.00
23670.00
23520.00
23360.00
23120.00
22920.00
22760.00
22510.00
22360.00
22260.00
22160.00
21970.00
21880.00
21780.00
21750.00
21760.00
21960.00
22200.00
22420.00
22510.00
22650.00
22590.00
22650.00
22610.00
22580.00
22550.00
22550.00
22420.00
22380.00
22340.00
22200.00
22210.00
22170.00
22110.00
22080.00
22180.00
22080.00
22290.00
22660.00
22850.00
23000.00
23210.00
22990.00
22580.00
22360.00
22210.00
22080.00
22120.00
22220.00
22210.00
22100.00
21990.00
21860.00
21710.00
21680.00
21720.00
21790.00
21880.00
21980.00
22080.00
22080.00
22110.00
22130.00
22250.00
22460.00
22700.00
22860.00
23000.00
23130.00
23080.00
