69360.00
68840.00
68500.00
67800.00
67280.00
66960.00
67300.00
67440.00
67700.00
68120.00
68240.00
68020.00
68080.00
67920.00
67980.00
68100.00
68480.00
68620.00
69220.00
69540.00
70020.00
70240.00
70480.00
70680.00
71200.00
71280.00
71560.00
71780.00
72060.00
72000.00
72200.00
72520.00
72840.00
72720.00
72800.00
72740.00
72500.00
72180.00
71800.00
71180.00
70780.00
70320.00
69660.00
69520.00
69920.00
70460.00
71040.00
71920.00
72060.00
71900.00
71420.00
71020.00
70520.00
70360.00
69980.00
69840.00
69360.00
69200.00
69200.00
69220.00
69060.00
68940.00
68800.00
68360.00
68380.00
68460.00
68760.00
68800.00
69060.00
68700.00
68220.00
67920.00
67740.00
67840.00
68180.00
68760.00
68860.00
69000.00
68900.00
69060.00
68920.00
68700.00
68380.00
67240.00
65620.00
64260.00
63060.00
61520.00
61000.00
60860.00
60560.00
60380.00
60800.00
60940.00
61240.00
61420.00
61740.00
61700.00
62100.00
62380.00
62360.00
62060.00
62260.00
62000.00
61620.00
61800.00
62180.00
62060.00
61980.00
61820.00
61420.00
61180.00
60980.00
60620.00
60500.00
60400.00
60020.00
59700.00
59240.00
57880.00
56960.00
56100.00
55340.00
54680.00
54440.00
54080.00
53740.00
53200.00
53140.00
53240.00
53180.00
53420.00
53600.00
53680.00
54020.00
54300.00
54380.00
54700.00
54860.00
55160.00
55220.00
55000.00
54660.00
54220.00
53280.00
52980.00
52680.00
51670.00
51090.00
50480.00
49580.00
48760.00
48460.00
48070.00
48160.00
47990.00
47870.00
47910.00
47780.00
47460.00
47470.00
47590.00
47690.00
47870.00
48050.00
48210.00
48510.00
49120.00
49680.00
50480.00
51060.00
51720.00
51780.00
51800.00
51660.00
51540.00
51440.00
51460.00
51660.00
51700.00
51900.00
51500.00
51090.00
50610.00
50350.00
49750.00
50050.00
50860.00
51580.00
52260.00
53200.00
53260.00
53220.00
53240.00
53020.00
52680.00
52700.00
52380.00
52040.00
51700.00
51400.00
50900.00
51020.00
51120.00
51240.00
52040.00
52900.00
53540.00
54100.00
54400.00
54500.00
54660.00
54600.00
54320.00
54500.00
54440.00
54420.00
54340.00
55080.00
55740.00
55940.00
56360.00
56600.00
56220.00
55940.00
55980.00
55740.00
55620.00
55440.00
56180.00
56780.00
56940.00
57440.00
58200.00
57780.00
56960.00
56560.00
55940.00
55160.00
54240.00
53740.00
