7160.00
7156.00
7152.00
7160.00
7200.00
7318.00
7432.00
7550.00
7608.00
7678.00
7718.00
7770.00
7846.00
7970.00
8108.00
8222.00
8354.00
8478.00
8600.00
8690.00
8822.00
8854.00
8864.00
8856.00
8810.00
8708.00
8666.00
8660.00
8644.00
8624.00
8644.00
8654.00
8682.00
8704.00
8648.00
8558.00
8438.00
8284.00
8096.00
8006.00
7952.00
7928.00
7906.00
7956.00
8002.00
8106.00
8206.00
8288.00
8322.00
8364.00
8316.00
8252.00
8212.00
8160.00
8118.00
8124.00
8182.00
8202.00
8288.00
8382.00
8452.00
8470.00
8510.00
8540.00
8536.00
8524.00
8510.00
8578.00
8564.00
8572.00
8620.00
8628.00
8550.00
8520.00
8456.00
8374.00
8328.00
8306.00
8280.00
8270.00
8212.00
8164.00
8074.00
7998.00
7956.00
7970.00
7982.00
8000.00
8012.00
8022.00
8016.00
8014.00
7996.00
7990.00
7984.00
7930.00
7892.00
7900.00
7894.00
7898.00
7926.00
7942.00
7964.00
8010.00
8140.00
8346.00
8550.00
8786.00
9002.00
9116.00
9218.00
9284.00
9292.00
9306.00
9310.00
9392.00
9682.00
9988.00
10398.00
10734.00
10990.00
11100.00
11070.00
10910.00
10870.00
10830.00
10810.00
10990.00
11040.00
10930.00
10712.00
10472.00
10192.00
10014.00
9894.00
9762.00
9596.00
9370.00
9192.00
9080.00
8992.00
8962.00
8898.00
8790.00
8632.00
8526.00
8394.00
8442.00
8464.00
8524.00
8630.00
8754.00
8814.00
8956.00
9046.00
9080.00
9044.00
8968.00
8924.00
8918.00
8936.00
8986.00
9006.00
9070.00
9134.00
9142.00
9098.00
9116.00
9106.00
9132.00
9196.00
9326.00
9436.00
9446.00
9430.00
9394.00
9316.00
9222.00
9130.00
9046.00
8980.00
8916.00
8800.00
8650.00
8516.00
8380.00
8286.00
8308.00
8390.00
8512.00
8634.00
8776.00
8856.00
8946.00
8976.00
8994.00
8998.00
8956.00
8916.00
8870.00
8798.00
8706.00
8688.00
8664.00
8628.00
8612.00
8644.00
8620.00
8616.00
8620.00
8660.00
8662.00
8674.00
8658.00
8604.00
8546.00
8486.00
8430.00
8404.00
8426.00
8426.00
8394.00
8388.00
8340.00
8290.00
8272.00
8274.00
8256.00
8292.00
8314.00
8362.00
8416.00
8486.00
8506.00
8542.00
8550.00
8560.00
8554.00
8574.00
8560.00
8548.00
