38130.00
38300.00
38740.00
39350.00
39610.00
40210.00
40580.00
41010.00
41370.00
41910.00
42120.00
42230.00
42450.00
42940.00
43400.00
44070.00
44950.00
45570.00
45890.00
46120.00
45980.00
45700.00
45680.00
45650.00
45910.00
46160.00
46400.00
46380.00
46520.00
46410.00
46630.00
46860.00
47020.00
46990.00
46620.00
46160.00
45540.00
44990.00
44530.00
44270.00
44030.00
44110.00
44080.00
43960.00
44040.00
44050.00
43900.00
43940.00
44340.00
44810.00
45170.00
45440.00
45700.00
45500.00
45120.00
45030.00
45130.00
45380.00
45800.00
46240.00
46560.00
46740.00
46760.00
46620.00
46620.00
46700.00
46820.00
46890.00
46760.00
46450.00
46110.00
45700.00
45240.00
45050.00
44960.00
45120.00
45250.00
45480.00
45610.00
45610.00
45230.00
44550.00
43950.00
43420.00
42980.00
42640.00
42460.00
42120.00
41990.00
42090.00
42280.00
42740.00
43040.00
43170.00
43050.00
42710.00
42450.00
42410.00
42640.00
42820.00
43240.00
43570.00
44030.00
44240.00
44470.00
44440.00
44400.00
44220.00
44120.00
44270.00
44620.00
44960.00
45280.00
45530.00
45600.00
45800.00
46060.00
46280.00
46410.00
46350.00
46250.00
45980.00
45540.00
45310.00
45340.00
45380.00
45510.00
45920.00
46270.00
46370.00
46350.00
46450.00
46600.00
46690.00
46760.00
46980.00
47050.00
46830.00
46680.00
46470.00
46070.00
45630.00
45200.00
44590.00
44160.00
43650.00
43290.00
43240.00
43140.00
43240.00
43490.00
43580.00
43730.00
44030.00
44100.00
44110.00
44110.00
44030.00
43960.00
43830.00
43840.00
43880.00
43720.00
43710.00
44170.00
44630.00
45250.00
46000.00
46610.00
46890.00
47010.00
47170.00
47600.00
48010.00
48450.00
48970.00
49210.00
49220.00
49060.00
49010.00
48880.00
48620.00
48380.00
48250.00
48220.00
48160.00
48470.00
48870.00
49340.00
49700.00
50090.00
50240.00
50300.00
50520.00
50620.00
50660.00
50860.00
51060.00
51040.00
50880.00
50820.00
50880.00
51080.00
51400.00
51980.00
52480.00
52660.00
52520.00
52500.00
52340.00
52500.00
52780.00
53160.00
53040.00
52740.00
52320.00
51980.00
51640.00
51680.00
51740.00
51480.00
51200.00
50820.00
50270.00
49910.00
49930.00
50090.00
50410.00
50900.00
51660.00
52520.00
53220.00
54260.00
55140.00
55680.00
55940.00
56100.00
55760.00
55580.00
55680.00
55640.00
