5776.00
5732.00
5766.00
5826.00
5860.00
5890.00
5892.00
5868.00
5866.00
5916.00
5990.00
6114.00
6238.00
6322.00
6374.00
6380.00
6338.00
6324.00
6316.00
6308.00
6304.00
6378.00
6474.00
6592.00
6758.00
6948.00
7110.00
7250.00
7408.00
7514.00
7614.00
7662.00
7744.00
7810.00
7842.00
7908.00
7974.00
7944.00
7894.00
7906.00
7890.00
7896.00
8024.00
8144.00
8232.00
8328.00
8484.00
8580.00
8624.00
8684.00
8710.00
8720.00
8728.00
8780.00
8816.00
8944.00
8978.00
9088.00
9312.00
9542.00
9686.00
9870.00
10020.00
10092.00
10142.00
10198.00
10220.00
10290.00
10280.00
10280.00
10260.00
10300.00
10190.00
10200.00
10190.00
10260.00
10330.00
10470.00
10510.00
10670.00
10820.00
10860.00
10880.00
10860.00
10790.00
10750.00
10790.00
10780.00
10690.00
10560.00
10348.00
10208.00
10128.00
10138.00
10116.00
10168.00
10094.00
9994.00
9922.00
9848.00
9818.00
9882.00
9962.00
10114.00
10280.00
10340.00
10290.00
10200.00
10032.00
9860.00
9674.00
9596.00
9536.00
9460.00
9420.00
9398.00
9332.00
9256.00
9336.00
9338.00
9466.00
9524.00
9632.00
9646.00
9744.00
9672.00
9670.00
9708.00
9692.00
9630.00
9574.00
9526.00
9384.00
9288.00
9198.00
9076.00
8896.00
8710.00
8584.00
8478.00
8408.00
8412.00
8350.00
8208.00
8226.00
8292.00
8286.00
8398.00
8530.00
8658.00
8710.00
8758.00
8850.00
8944.00
8918.00
8930.00
8942.00
8886.00
8790.00
8704.00
8674.00
8658.00
8716.00
8858.00
9024.00
9146.00
9296.00
9394.00
9446.00
9430.00
9418.00
9490.00
9536.00
9606.00
9698.00
9798.00
9818.00
9882.00
9906.00
10000.00
10120.00
10312.00
10408.00
10430.00
10390.00
10320.00
10270.00
10310.00
10490.00
10640.00
10840.00
10910.00
10950.00
10930.00
10870.00
10780.00
10670.00
10610.00
10540.00
10590.00
10720.00
10970.00
11090.00
11210.00
11280.00
11290.00
11160.00
11120.00
11090.00
11080.00
11180.00
11360.00
11560.00
11710.00
11770.00
11660.00
11590.00
11520.00
11510.00
11490.00
11470.00
11330.00
11160.00
11000.00
10840.00
10740.00
10690.00
10710.00
10740.00
10840.00
10830.00
10860.00
10820.00
10750.00
10790.00
10890.00
10970.00
11090.00
11240.00
11320.00
11460.00
