9552.00
9604.00
9678.00
9776.00
9846.00
9926.00
10088.00
10154.00
10242.00
10300.00
10320.00
10220.00
10220.00
10210.00
10270.00
10320.00
10370.00
10430.00
10490.00
10500.00
10390.00
10246.00
10082.00
9910.00
9756.00
9738.00
9740.00
9750.00
9734.00
9742.00
9750.00
9752.00
9748.00
9750.00
9674.00
9638.00
9580.00
9524.00
9450.00
9414.00
9346.00
9300.00
9278.00
9268.00
9286.00
9316.00
9336.00
9302.00
9266.00
9210.00
9116.00
9028.00
8978.00
8918.00
8884.00
8882.00
8874.00
8856.00
8858.00
8866.00
8878.00
8906.00
8976.00
9046.00
9118.00
9188.00
9236.00
9264.00
9292.00
9296.00
9348.00
9444.00
9502.00
9528.00
9514.00
9468.00
9390.00
9340.00
9318.00
9316.00
9288.00
9242.00
9174.00
9064.00
8970.00
8916.00
8820.00
8740.00
8650.00
8552.00
8430.00
8316.00
8170.00
8082.00
8042.00
7952.00
7908.00
7960.00
8018.00
8042.00
8106.00
8186.00
8194.00
8216.00
8246.00
8290.00
8360.00
8428.00
8454.00
8464.00
8464.00
8424.00
8378.00
8348.00
8302.00
8240.00
8170.00
8112.00
8036.00
7992.00
7948.00
7942.00
7906.00
7872.00
7842.00
7822.00
7774.00
7754.00
7740.00
7690.00
7642.00
7600.00
7566.00
7542.00
7522.00
7480.00
7414.00
7282.00
7174.00
7086.00
7016.00
6966.00
6896.00
6840.00
6760.00
6704.00
6668.00
6706.00
6692.00
6842.00
7220.00
7784.00
8240.00
8718.00
8938.00
8890.00
8560.00
8376.00
8156.00
8002.00
7880.00
7818.00
7772.00
7768.00
7808.00
7804.00
7766.00
7688.00
7636.00
7626.00
7758.00
7978.00
8122.00
8280.00
8334.00
8398.00
8584.00
9048.00
9558.00
9908.00
9990.00
9932.00
9592.00
9220.00
9014.00
8874.00
8752.00
8692.00
8588.00
8562.00
8588.00
8572.00
8674.00
8676.00
8622.00
8564.00
8500.00
8388.00
8326.00
8290.00
8276.00
8292.00
8250.00
8202.00
8190.00
8180.00
8174.00
8138.00
8134.00
8118.00
8110.00
8088.00
8088.00
8050.00
7968.00
7878.00
7802.00
7754.00
7742.00
7766.00
7774.00
7786.00
7764.00
7712.00
7628.00
7596.00
7524.00
7490.00
7498.00
7568.00
7624.00
7688.00
7726.00
7762.00
7758.00
7738.00
7712.00
7678.00
7636.00
7604.00
7578.00
