4110.00
4128.00
4139.00
4139.00
4167.00
4187.00
4185.00
4207.00
4308.00
4361.00
4408.00
4457.00
4497.00
4495.00
4554.00
4612.00
4685.00
4748.00
4781.00
4777.00
4774.00
4752.00
4761.00
4789.00
4785.00
4789.00
4801.00
4773.00
4735.00
4705.00
4684.00
4652.00
4629.00
4615.00
4554.00
4528.00
4500.00
4465.00
4433.00
4455.00
4436.00
4419.00
4407.00
4406.00
4397.00
4398.00
4445.00
4521.00
4566.00
4614.00
4625.00
4596.00
4545.00
4492.00
4442.00
4439.00
4469.00
4502.00
4535.00
4552.00
4562.00
4560.00
4559.00
4574.00
4672.00
4754.00
4805.00
4865.00
4888.00
4850.00
4822.00
4860.00
4866.00
4892.00
4882.00
4891.00
4852.00
4843.00
4826.00
4814.00
4792.00
4752.00
4694.00
4627.00
4604.00
4592.00
4658.00
4714.00
4832.00
4914.00
5033.00
5044.00
5062.00
5162.00
5288.00
5288.00
5420.00
5502.00
5434.00
5328.00
5286.00
5194.00
5186.00
5178.00
5182.00
5196.00
5190.00
5138.00
5116.00
5116.00
5116.00
5094.00
5110.00
5096.00
5075.00
5053.00
5013.00
4963.00
4948.00
4929.00
4912.00
4918.00
4883.00
4830.00
4774.00
4723.00
4707.00
4684.00
4678.00
4663.00
4627.00
4549.00
4528.00
4494.00
4454.00
4414.00
4362.00
4262.00
4214.00
4185.00
4166.00
4173.00
4181.00
4125.00
4076.00
4080.00
4073.00
4101.00
4134.00
4222.00
4257.00
4296.00
4352.00
4425.00
4430.00
4419.00
4386.00
4343.00
4330.00
4317.00
4340.00
4377.00
4429.00
4456.00
4515.00
4569.00
4628.00
4700.00
4808.00
4844.00
4858.00
4856.00
4830.00
4749.00
4693.00
4638.00
4592.00
4537.00
4511.00
4526.00
4512.00
4496.00
4469.00
4427.00
4390.00
4387.00
4397.00
4424.00
4447.00
4454.00
4449.00
4452.00
4429.00
4411.00
4369.00
4332.00
4287.00
4265.00
4249.00
4246.00
4256.00
4273.00
4297.00
4326.00
4368.00
4407.00
4435.00
4448.00
4440.00
4418.00
4407.00
4401.00
4395.00
4395.00
4365.00
4325.00
4289.00
4257.00
4232.00
4233.00
4219.00
4188.00
4159.00
4126.00
4101.00
4087.00
4086.00
4085.00
4085.00
4104.00
4112.00
4125.00
4137.00
4162.00
4172.00
4209.00
4251.00
4302.00
4337.00
4368.00
4393.00
