25000.00
24890.00
24890.00
25220.00
25590.00
25850.00
26100.00
26400.00
26570.00
26820.00
27040.00
27290.00
27440.00
27540.00
27660.00
27890.00
28110.00
28450.00
28660.00
28790.00
28870.00
28930.00
28930.00
28920.00
28920.00
28960.00
29110.00
29150.00
29270.00
29290.00
29260.00
29150.00
29100.00
29030.00
28970.00
29160.00
29300.00
29520.00
29700.00
29860.00
29600.00
29430.00
29140.00
28840.00
28640.00
28650.00
28540.00
28520.00
28380.00
28120.00
27780.00
27460.00
27130.00
26860.00
26700.00
26730.00
26820.00
26970.00
27180.00
27370.00
27410.00
27420.00
27470.00
27620.00
27860.00
28170.00
28500.00
29240.00
29740.00
30440.00
31350.00
32090.00
32220.00
32310.00
31980.00
31440.00
30980.00
30610.00
30240.00
30010.00
29740.00
29380.00
28980.00
28670.00
28440.00
28210.00
27950.00
27640.00
27340.00
26980.00
26570.00
26180.00
25900.00
25650.00
25500.00
25140.00
25020.00
24820.00
24660.00
24440.00
24470.00
24430.00
24590.00
24830.00
24980.00
25290.00
25460.00
25510.00
25530.00
25600.00
25620.00
25760.00
26430.00
26990.00
27500.00
27890.00
28140.00
27880.00
27710.00
27610.00
27590.00
27760.00
27700.00
27560.00
27330.00
27390.00
27280.00
27300.00
27380.00
27340.00
26870.00
26640.00
26390.00
26170.00
26090.00
25960.00
25650.00
25310.00
24930.00
24580.00
24320.00
23970.00
23570.00
23150.00
22620.00
22210.00
22020.00
22010.00
21960.00
22080.00
22100.00
22180.00
22310.00
22530.00
22700.00
22820.00
22710.00
22510.00
22340.00
22130.00
22070.00
22120.00
22300.00
22480.00
22670.00
22710.00
22680.00
22610.00
22510.00
22590.00
22770.00
23000.00
23150.00
23320.00
23340.00
23370.00
23270.00
23140.00
22900.00
22610.00
22390.00
22200.00
22030.00
21910.00
21900.00
21760.00
21730.00
21830.00
22110.00
22340.00
22600.00
22810.00
22880.00
22770.00
22620.00
22510.00
22420.00
22450.00
22530.00
22550.00
22550.00
22570.00
22730.00
22810.00
22980.00
23140.00
23360.00
23360.00
23420.00
23400.00
23490.00
23520.00
23480.00
23370.00
23250.00
23140.00
23200.00
23550.00
25460.00
26520.00
27180.00
27520.00
27700.00
26280.00
25720.00
25570.00
25450.00
25310.00
25290.00
25380.00
25330.00
25500.00
25550.00
25530.00
25460.00
25360.00
25170.00
25090.00
25120.00
25210.00
25450.00
