47940.00
48680.00
49720.00
50820.00
51470.00
52580.00
52980.00
53500.00
54100.00
54820.00
55000.00
55300.00
55480.00
55560.00
55940.00
56020.00
56040.00
56380.00
56500.00
56320.00
56300.00
56000.00
55460.00
54980.00
54480.00
54220.00
54400.00
54680.00
55640.00
56640.00
57680.00
58380.00
59220.00
59460.00
59780.00
59680.00
59420.00
58940.00
58160.00
56980.00
56160.00
55600.00
55080.00
54900.00
55400.00
55680.00
55840.00
55900.00
55660.00
54980.00
54320.00
53560.00
52820.00
52240.00
51960.00
52380.00
52800.00
53200.00
53800.00
54160.00
53980.00
53940.00
54020.00
53920.00
53740.00
53640.00
53440.00
53180.00
52820.00
52540.00
52220.00
52200.00
51640.00
51210.00
50730.00
50450.00
49860.00
49840.00
49700.00
49380.00
48820.00
48210.00
47400.00
46570.00
45940.00
45620.00
45580.00
45380.00
45330.00
45400.00
45220.00
44860.00
44760.00
44850.00
45270.00
45430.00
45890.00
46180.00
46630.00
46710.00
47070.00
47170.00
47450.00
47510.00
47630.00
47870.00
47920.00
47930.00
47810.00
47830.00
47600.00
47290.00
47320.00
47450.00
47280.00
47470.00
47770.00
48190.00
48540.00
48810.00
48880.00
49280.00
48910.00
48330.00
47930.00
47880.00
47700.00
47940.00
48560.00
48850.00
48770.00
48740.00
48750.00
48580.00
48580.00
48200.00
47590.00
46570.00
45570.00
44780.00
44400.00
44030.00
43450.00
42940.00
42400.00
41890.00
41590.00
41660.00
41600.00
41640.00
41370.00
41500.00
41990.00
42680.00
43280.00
44020.00
44340.00
44260.00
44140.00
43970.00
44150.00
44380.00
44870.00
45180.00
45650.00
46000.00
46310.00
46520.00
46870.00
47430.00
47770.00
48020.00
48310.00
48670.00
48500.00
48520.00
48350.00
48220.00
47820.00
47680.00
47440.00
47200.00
46850.00
46660.00
46660.00
46460.00
46580.00
47090.00
47500.00
47650.00
47950.00
48260.00
48290.00
48350.00
48320.00
48290.00
48160.00
48090.00
48390.00
48330.00
48450.00
48310.00
48300.00
48140.00
48460.00
48580.00
49320.00
49620.00
49630.00
49410.00
49140.00
48330.00
47640.00
46790.00
45990.00
45230.00
44830.00
44330.00
44140.00
44170.00
44210.00
44170.00
44260.00
44260.00
44190.00
44300.00
44410.00
44590.00
44940.00
45460.00
46020.00
46420.00
46690.00
46890.00
47080.00
47210.00
47420.00
47650.00
47850.00
47830.00
47760.00
