4648.00
4659.00
4671.00
4682.00
4703.00
4724.00
4734.00
4743.00
4756.00
4758.00
4761.00
4767.00
4774.00
4782.00
4788.00
4788.00
4787.00
4800.00
4820.00
4841.00
4866.00
4879.00
4878.00
4876.00
4877.00
4879.00
4893.00
4909.00
4913.00
4915.00
4917.00
4913.00
4905.00
4900.00
4881.00
4866.00
4851.00
4840.00
4823.00
4813.00
4797.00
4814.00
4838.00
4873.00
4936.00
5001.00
5014.00
5009.00
4988.00
4954.00
4899.00
4861.00
4832.00
4814.00
4785.00
4798.00
4817.00
4862.00
4894.00
4913.00
4922.00
4941.00
4933.00
4939.00
4965.00
4984.00
4986.00
4989.00
4986.00
4984.00
4975.00
4970.00
4958.00
4949.00
4933.00
4925.00
4913.00
4911.00
4916.00
4921.00
4909.00
4886.00
4859.00
4822.00
4797.00
4791.00
4795.00
4801.00
4811.00
4807.00
4795.00
4782.00
4770.00
4759.00
4746.00
4722.00
4708.00
4696.00
4687.00
4690.00
4705.00
4711.00
4727.00
4747.00
4764.00
4768.00
4789.00
4791.00
4783.00
4774.00
4784.00
4777.00
4775.00
4768.00
4761.00
4747.00
4733.00
4720.00
4716.00
4706.00
4694.00
4692.00
4677.00
4659.00
4645.00
4643.00
4637.00
4646.00
4646.00
4643.00
4628.00
4614.00
4597.00
4588.00
4577.00
4562.00
4542.00
4503.00
4470.00
4441.00
4424.00
4397.00
4358.00
4310.00
4274.00
4242.00
4213.00
4209.00
4210.00
4206.00
4194.00
4198.00
4211.00
4226.00
4231.00
4227.00
4204.00
4177.00
4158.00
4135.00
4128.00
4137.00
4145.00
4152.00
4173.00
4187.00
4200.00
4224.00
4252.00
4282.00
4309.00
4335.00
4353.00
4361.00
4355.00
4347.00
4329.00
4313.00
4285.00
4259.00
4238.00
4227.00
4216.00
4215.00
4221.00
4221.00
4223.00
4228.00
4230.00
4229.00
4227.00
4222.00
4215.00
4206.00
4196.00
4187.00
4171.00
4138.00
4110.00
4075.00
4046.00
4025.00
4028.00
4040.00
4053.00
4063.00
4075.00
4073.00
4064.00
4062.00
4072.00
4078.00
4081.00
4081.00
4071.00
4055.00
4043.00
4041.00
4040.00
4047.00
4050.00
4047.00
4041.00
4035.00
4031.00
4026.00
4022.00
4020.00
4020.00
4021.00
4032.00
4043.00
4049.00
4055.00
4061.00
4056.00
4057.00
4061.00
4068.00
4070.00
4071.00
