135300.00
136400.00
138200.00
138800.00
137800.00
137100.00
135500.00
134400.00
134200.00
134300.00
134200.00
134600.00
135200.00
134800.00
134500.00
134100.00
133300.00
133300.00
133900.00
134600.00
136400.00
139200.00
141000.00
143400.00
145700.00
146800.00
147100.00
148300.00
148800.00
149000.00
149700.00
150100.00
149900.00
150700.00
151200.00
152400.00
153900.00
154800.00
154600.00
154600.00
153900.00
153400.00
152900.00
153900.00
154500.00
154200.00
153100.00
152100.00
149600.00
147900.00
146100.00
144800.00
144000.00
143000.00
142800.00
143300.00
143500.00
143900.00
144700.00
144600.00
144400.00
144100.00
143500.00
143300.00
143600.00
143900.00
144500.00
145100.00
144900.00
144600.00
144300.00
144000.00
143400.00
143600.00
143700.00
143900.00
144000.00
143200.00
142300.00
140500.00
138900.00
136600.00
135000.00
132400.00
131000.00
129700.00
129400.00
128900.00
128800.00
128100.00
127100.00
125800.00
124600.00
124300.00
124100.00
123200.00
122800.00
123300.00
123400.00
122400.00
122200.00
121700.00
121000.00
120700.00
121400.00
122400.00
122900.00
123200.00
123400.00
124300.00
124800.00
125400.00
125700.00
125800.00
125400.00
124800.00
124000.00
124200.00
123900.00
123600.00
122900.00
123000.00
121800.00
120600.00
119100.00
118100.00
116800.00
115500.00
114600.00
113300.00
111500.00
110200.00
109400.00
108800.00
108800.00
109000.00
108600.00
107500.00
106900.00
106500.00
106300.00
106100.00
105500.00
103780.00
102280.00
101480.00
100880.00
101480.00
102600.00
104200.00
104600.00
105300.00
106200.00
107100.00
107300.00
108000.00
107900.00
107300.00
106900.00
106600.00
106600.00
107600.00
108600.00
109500.00
110100.00
110400.00
110000.00
109700.00
109400.00
109900.00
111700.00
113700.00
115500.00
117100.00
117900.00
118200.00
117900.00
117600.00
116900.00
116200.00
115100.00
114100.00
113100.00
113000.00
113200.00
113100.00
113300.00
114000.00
114100.00
114100.00
114100.00
114000.00
113800.00
114300.00
115100.00
115500.00
116300.00
117100.00
117200.00
117300.00
119800.00
121500.00
123100.00
124600.00
125600.00
124400.00
124100.00
123500.00
123200.00
122500.00
123100.00
123200.00
123800.00
123900.00
124300.00
123700.00
124400.00
124700.00
125100.00
126100.00
127000.00
126700.00
126700.00
126800.00
125800.00
125200.00
124300.00
123600.00
123200.00
123700.00
124100.00
124900.00
125400.00
125600.00
125700.00
125900.00
125900.00
126200.00
127400.00
128700.00
129800.00
