42830.00
43900.00
44650.00
46120.00
47880.00
48740.00
49930.00
51000.00
51480.00
51400.00
51110.00
50730.00
50750.00
50790.00
50730.00
50470.00
50830.00
50990.00
51750.00
52990.00
54540.00
55100.00
55540.00
55360.00
54620.00
53920.00
53360.00
53140.00
52640.00
52100.00
51640.00
51000.00
50660.00
50580.00
49390.00
47650.00
46210.00
44420.00
42320.00
41420.00
40960.00
40540.00
40140.00
40800.00
40880.00
41250.00
41550.00
41700.00
41070.00
41070.00
40600.00
40000.00
39480.00
39040.00
39470.00
40150.00
40770.00
41530.00
42260.00
42400.00
42360.00
42400.00
42390.00
42590.00
42310.00
42190.00
42100.00
41690.00
40990.00
40610.00
40260.00
39920.00
39770.00
39670.00
39690.00
39550.00
39250.00
39190.00
39130.00
39150.00
39230.00
39270.00
38910.00
38430.00
37800.00
37350.00
36900.00
36730.00
36670.00
36340.00
36000.00
35350.00
34110.00
33120.00
32500.00
31710.00
31390.00
31520.00
31520.00
31620.00
31710.00
31980.00
32420.00
33080.00
33660.00
34130.00
34350.00
34480.00
34330.00
34530.00
34940.00
35280.00
36280.00
37340.00
37780.00
38060.00
38350.00
38330.00
38070.00
37530.00
37180.00
36970.00
36000.00
34920.00
34240.00
33820.00
33320.00
33210.00
33430.00
33460.00
33050.00
32930.00
32750.00
32510.00
32340.00
32040.00
31410.00
30590.00
30040.00
29570.00
29270.00
29100.00
28720.00
27930.00
27260.00
26880.00
26770.00
27690.00
28770.00
29910.00
30870.00
31760.00
32120.00
32600.00
32750.00
32810.00
32490.00
32260.00
32010.00
32040.00
32240.00
32530.00
32780.00
32920.00
32870.00
32610.00
32260.00
32390.00
32870.00
34400.00
35870.00
37540.00
38580.00
39440.00
39590.00
39800.00
39430.00
39160.00
38690.00
37940.00
37430.00
37590.00
37570.00
36830.00
36090.00
35070.00
33950.00
33200.00
33300.00
33480.00
33690.00
34060.00
34070.00
34170.00
33940.00
33900.00
33590.00
33420.00
33090.00
32900.00
32510.00
32200.00
32040.00
32050.00
32350.00
32670.00
32990.00
33020.00
32930.00
32700.00
32590.00
32630.00
32700.00
32670.00
32440.00
32060.00
31600.00
31290.00
31020.00
30840.00
30730.00
30530.00
30400.00
30160.00
29910.00
29780.00
29680.00
29500.00
29570.00
29970.00
30440.00
31010.00
31440.00
31800.00
31810.00
31730.00
31380.00
31100.00
30870.00
30730.00
30530.00
