4363.00
4427.00
4518.00
4645.00
4698.00
4734.00
4751.00
4738.00
4755.00
4786.00
4816.00
4857.00
4958.00
5010.00
5048.00
5094.00
5106.00
5084.00
5090.00
5120.00
5120.00
5106.00
5094.00
5094.00
5080.00
5074.00
5146.00
5262.00
5336.00
5388.00
5438.00
5420.00
5352.00
5296.00
5206.00
5156.00
5114.00
5059.00
4983.00
4953.00
4873.00
4821.00
4775.00
4795.00
4818.00
4861.00
4873.00
4874.00
4827.00
4792.00
4731.00
4667.00
4625.00
4573.00
4531.00
4549.00
4583.00
4621.00
4677.00
4732.00
4753.00
4774.00
4790.00
4834.00
4862.00
4909.00
4932.00
4950.00
4919.00
4889.00
4835.00
4785.00
4721.00
4679.00
4634.00
4614.00
4602.00
4608.00
4608.00
4603.00
4590.00
4561.00
4517.00
4443.00
4376.00
4313.00
4255.00
4207.00
4161.00
4125.00
4071.00
4018.00
3974.00
3965.00
3964.00
3960.00
3986.00
4007.00
4014.00
4021.00
4038.00
4036.00
4048.00
4090.00
4136.00
4180.00
4224.00
4247.00
4249.00
4259.00
4271.00
4285.00
4300.00
4332.00
4316.00
4297.00
4281.00
4285.00
4273.00
4283.00
4293.00
4315.00
4251.00
4184.00
4106.00
4067.00
4022.00
4033.00
4048.00
4068.00
4041.00
4018.00
4000.00
3978.00
3938.00
3886.00
3805.00
3695.00
3606.00
3544.00
3501.00
3483.00
3426.00
3333.00
3252.00
3204.00
3156.00
3196.00
3266.00
3331.00
3339.00
3364.00
3386.00
3404.00
3410.00
3443.00
3433.00
3411.00
3388.00
3377.00
3379.00
3414.00
3457.00
3492.00
3527.00
3547.00
3550.00
3555.00
3577.00
3613.00
3645.00
3686.00
3713.00
3726.00
3720.00
3720.00
3720.00
3726.00
3727.00
3719.00
3715.00
3708.00
3698.00
3670.00
3638.00
3605.00
3556.00
3524.00
3510.00
3503.00
3489.00
3482.00
3460.00
3450.00
3448.00
3448.00
3456.00
3481.00
3493.00
3482.00
3465.00
3449.00
3425.00
3414.00
3426.00
3439.00
3450.00
3443.00
3425.00
3399.00
3362.00
3311.00
3261.00
3196.00
3128.00
3078.00
3048.00
3036.00
3045.00
3057.00
3070.00
3077.00
3065.00
3033.00
3007.00
2998.00
2999.00
3000.00
3019.00
3054.00
3073.00
3078.00
3087.00
3094.00
3068.00
3051.00
3052.00
3038.00
3024.00
3052.00
3064.00
