8916.00
8910.00
8876.00
8870.00
8842.00
8806.00
9110.00
9362.00
9570.00
9822.00
10078.00
10018.00
9978.00
10316.00
10816.00
11260.00
11630.00
12040.00
12110.00
11890.00
11740.00
11630.00
11560.00
11490.00
11450.00
11270.00
11040.00
10790.00
10540.00
10340.00
10208.00
9952.00
9682.00
9466.00
9136.00
8908.00
8876.00
8824.00
8740.00
8792.00
8768.00
8720.00
8688.00
8672.00
8620.00
8614.00
8598.00
8564.00
8486.00
8400.00
8256.00
8156.00
8054.00
7946.00
7874.00
7866.00
7854.00
7860.00
7894.00
7924.00
7930.00
7890.00
7860.00
7840.00
7818.00
7792.00
7776.00
7750.00
7680.00
7588.00
7506.00
7394.00
7298.00
7238.00
7210.00
7176.00
7168.00
7162.00
7170.00
7152.00
7142.00
7120.00
7082.00
7012.00
6954.00
6896.00
6878.00
6870.00
6882.00
6910.00
6924.00
6918.00
6904.00
6892.00
6854.00
6816.00
6782.00
6742.00
6714.00
6710.00
6726.00
6730.00
6772.00
6854.00
6938.00
7002.00
7110.00
7182.00
7172.00
7158.00
7184.00
7158.00
7106.00
7092.00
7066.00
7010.00
6964.00
6958.00
6936.00
6916.00
6894.00
6876.00
6804.00
6740.00
6678.00
6616.00
6562.00
6542.00
6508.00
6476.00
6436.00
6384.00
6336.00
6300.00
6246.00
6184.00
6100.00
5982.00
5890.00
5808.00
5748.00
5712.00
5644.00
5548.00
5460.00
5396.00
5364.00
5428.00
5498.00
5570.00
5604.00
5610.00
5588.00
5584.00
5576.00
5562.00
5518.00
5496.00
5474.00
5430.00
5430.00
5470.00
5478.00
5468.00
5492.00
5484.00
5472.00
5466.00
5468.00
5458.00
5458.00
5450.00
5456.00
5462.00
5584.00
5688.00
5778.00
5830.00
5902.00
5878.00
5906.00
5930.00
5946.00
5942.00
5912.00
5844.00
5822.00
5874.00
5926.00
5958.00
5966.00
5958.00
5902.00
5840.00
5788.00
5746.00
5704.00
5670.00
5644.00
5630.00
5622.00
5610.00
5604.00
5592.00
5586.00
5590.00
5596.00
5602.00
5612.00
5648.00
5700.00
5750.00
5792.00
5840.00
5856.00
5830.00
5838.00
5846.00
5848.00
5858.00
5896.00
5898.00
5904.00
5906.00
5898.00
5884.00
5864.00
5844.00
5848.00
5878.00
5902.00
5944.00
5990.00
6022.00
6018.00
6010.00
6006.00
6002.00
5984.00
5968.00
5982.00
