5104.00
5144.00
5318.00
5398.00
5414.00
5426.00
5394.00
5260.00
5208.00
5194.00
5188.00
5178.00
5230.00
5256.00
5346.00
5432.00
5512.00
5554.00
5598.00
5580.00
5572.00
5610.00
5628.00
5696.00
5792.00
5882.00
5916.00
5946.00
5920.00
5906.00
5886.00
5878.00
5858.00
5930.00
5902.00
5924.00
6002.00
6072.00
6014.00
6038.00
5994.00
5896.00
5806.00
5786.00
5724.00
5672.00
5590.00
5552.00
5462.00
5394.00
5285.00
5221.00
5068.00
4924.00
4815.00
4744.00
4673.00
4681.00
4714.00
4720.00
4727.00
4727.00
4723.00
4747.00
4769.00
4786.00
4783.00
4754.00
4662.00
4592.00
4512.00
4444.00
4390.00
4336.00
4283.00
4249.00
4228.00
4211.00
4215.00
4190.00
4143.00
4075.00
4000.00
3926.00
3877.00
3881.00
3861.00
3845.00
3768.00
3700.00
3689.00
3629.00
3543.00
3519.00
3494.00
3352.00
3299.00
3283.00
3259.00
3209.00
3191.00
3179.00
3153.00
3167.00
3204.00
3246.00
3268.00
3273.00
3248.00
3227.00
3224.00
3215.00
3201.00
3178.00
3149.00
3078.00
2997.00
3008.00
3013.00
2994.00
2992.00
3035.00
2983.00
2934.00
2905.00
2886.00
2857.00
2826.00
2804.00
2768.00
2726.00
2698.00
2717.00
2735.00
2741.00
2743.00
2701.00
2593.00
2509.00
2468.00
2453.00
2446.00
2408.00
2353.00
2282.00
2217.00
2219.00
2297.00
2360.00
2438.00
2455.00
2419.00
2410.00
2566.00
2734.00
2904.00
3037.00
3121.00
3077.00
2984.00
2916.00
2894.00
2906.00
2902.00
2913.00
2939.00
2937.00
2905.00
2873.00
2876.00
2863.00
2872.00
2901.00
2925.00
2914.00
2945.00
2946.00
2961.00
2984.00
2987.00
2981.00
2981.00
2968.00
2978.00
2999.00
3000.00
3023.00
3085.00
3118.00
3172.00
3225.00
3260.00
3231.00
3205.00
3191.00
3143.00
3086.00
3061.00
2999.00
2894.00
2821.00
2772.00
2742.00
2768.00
2811.00
3021.00
3307.00
3560.00
3730.00
3892.00
3773.00
3608.00
3441.00
3313.00
3213.00
3180.00
3122.00
3109.00
3091.00
3064.00
3068.00
3065.00
3026.00
3014.00
2966.00
2957.00
2971.00
2988.00
2991.00
3059.00
3100.00
3112.00
3130.00
3153.00
3137.00
3102.00
3067.00
2998.00
2948.00
2937.00
2949.00
