8990.00
8978.00
8952.00
8960.00
8956.00
8964.00
8984.00
9022.00
9138.00
9260.00
9386.00
9510.00
9658.00
9710.00
9756.00
9760.00
9742.00
9682.00
9652.00
9630.00
9634.00
9636.00
9676.00
9684.00
9704.00
9710.00
9742.00
9744.00
9762.00
9750.00
9748.00
9722.00
9706.00
9700.00
9694.00
9696.00
9710.00
9720.00
9704.00
9684.00
9636.00
9574.00
9520.00
9472.00
9438.00
9428.00
9430.00
9470.00
9534.00
9578.00
9620.00
9670.00
9680.00
9664.00
9658.00
9656.00
9666.00
9676.00
9728.00
9764.00
9774.00
9768.00
9754.00
9708.00
9696.00
9710.00
9730.00
9778.00
9858.00
9950.00
10010.00
10052.00
10090.00
10080.00
10040.00
10030.00
10050.00
10060.00
10130.00
10230.00
10340.00
10410.00
10440.00
10420.00
10380.00
10330.00
10300.00
10300.00
10330.00
10410.00
10510.00
10580.00
10650.00
10670.00
10600.00
10500.00
10430.00
10340.00
10270.00
10250.00
10250.00
10250.00
10300.00
10350.00
10410.00
10460.00
10550.00
10560.00
10590.00
10580.00
10550.00
10490.00
10500.00
10480.00
10450.00
10460.00
10460.00
10420.00
10400.00
10410.00
10380.00
10360.00
10360.00
10320.00
10260.00
10220.00
10190.00
10170.00
10150.00
10150.00
10122.00
10092.00
10036.00
10012.00
9980.00
9976.00
9954.00
9900.00
9864.00
9830.00
9790.00
9750.00
9648.00
9498.00
9344.00
9206.00
9070.00
9044.00
9010.00
8998.00
8966.00
8930.00
8890.00
8886.00
8886.00
8890.00
8884.00
8846.00
8810.00
8746.00
8710.00
8684.00
8720.00
8744.00
8780.00
8798.00
8814.00
8806.00
8804.00
8820.00
8830.00
8826.00
8826.00
8836.00
8826.00
8806.00
8804.00
8792.00
8784.00
8778.00
8766.00
8752.00
8742.00
8722.00
8714.00
8716.00
8706.00
8698.00
8704.00
8694.00
8692.00
8698.00
8700.00
8680.00
8666.00
8652.00
8654.00
8660.00
8678.00
8674.00
8672.00
8670.00
8666.00
8666.00
8692.00
8716.00
8738.00
8758.00
8768.00
8764.00
8748.00
8718.00
8694.00
8664.00
8638.00
8626.00
8618.00
8594.00
8582.00
8570.00
8550.00
8526.00
8508.00
8466.00
8400.00
8342.00
8302.00
8252.00
8188.00
8152.00
8130.00
8114.00
8108.00
8116.00
8122.00
8108.00
8076.00
8044.00
8030.00
8026.00
8016.00
