143000.00
143700.00
145900.00
149600.00
150900.00
153600.00
154800.00
156100.00
156700.00
158500.00
158800.00
159900.00
160800.00
163200.00
164700.00
167100.00
169000.00
170600.00
170700.00
171100.00
169700.00
167700.00
166500.00
166200.00
165600.00
166700.00
169900.00
174000.00
176900.00
179400.00
181500.00
182200.00
181800.00
181900.00
180400.00
179200.00
177800.00
175100.00
171000.00
168400.00
165700.00
162900.00
161400.00
161300.00
162500.00
163300.00
164400.00
165200.00
165500.00
164200.00
162700.00
160800.00
159000.00
157400.00
156500.00
157600.00
158400.00
160400.00
162200.00
163400.00
163100.00
163100.00
162500.00
161700.00
162400.00
163100.00
163700.00
163300.00
162300.00
160300.00
158800.00
157000.00
155300.00
154800.00
153100.00
151900.00
151000.00
150500.00
149400.00
149600.00
149700.00
148600.00
147600.00
146100.00
145000.00
144100.00
144300.00
143900.00
143600.00
142800.00
141100.00
139300.00
138200.00
137900.00
137600.00
136300.00
135500.00
134900.00
134800.00
134600.00
136000.00
136500.00
136900.00
136900.00
136700.00
136800.00
137200.00
137000.00
136300.00
136500.00
136300.00
136400.00
136400.00
136900.00
136200.00
135200.00
133700.00
132500.00
131700.00
132200.00
133500.00
135500.00
136600.00
136300.00
134600.00
131900.00
128600.00
126500.00
125900.00
125700.00
124800.00
125500.00
126100.00
126400.00
126200.00
126400.00
125200.00
123100.00
121700.00
120700.00
120500.00
120200.00
119000.00
116800.00
115200.00
114100.00
113100.00
113800.00
114400.00
114600.00
113600.00
114000.00
114400.00
114600.00
114600.00
115400.00
114000.00
112500.00
111600.00
111500.00
111800.00
113200.00
115000.00
116400.00
118200.00
119500.00
121000.00
123100.00
126400.00
128300.00
130100.00
131600.00
131700.00
131500.00
131200.00
130900.00
129900.00
129300.00
127600.00
127100.00
126700.00
126300.00
125700.00
124900.00
123800.00
122400.00
122900.00
124700.00
126500.00
128100.00
128800.00
128100.00
126200.00
125500.00
123800.00
123000.00
122600.00
122300.00
121200.00
120200.00
119700.00
119600.00
119300.00
118900.00
119600.00
120000.00
120500.00
120800.00
121200.00
121000.00
121300.00
120900.00
120800.00
120500.00
120000.00
118800.00
117700.00
116800.00
116600.00
116600.00
116800.00
116700.00
116400.00
115200.00
114200.00
113500.00
112900.00
112800.00
113500.00
115200.00
116700.00
118600.00
120100.00
121700.00
122000.00
122400.00
122200.00
122100.00
121700.00
121100.00
119900.00
