4436.00
4436.00
4456.00
4470.00
4480.00
4517.00
4567.00
4587.00
4606.00
4628.00
4636.00
4636.00
4658.00
4685.00
4711.00
4718.00
4710.00
4704.00
4695.00
4686.00
4684.00
4698.00
4709.00
4723.00
4732.00
4711.00
4696.00
4674.00
4661.00
4664.00
4763.00
4848.00
4894.00
4957.00
4927.00
4833.00
4745.00
4685.00
4595.00
4579.00
4557.00
4539.00
4543.00
4551.00
4549.00
4556.00
4543.00
4521.00
4504.00
4499.00
4484.00
4464.00
4450.00
4424.00
4419.00
4406.00
4421.00
4446.00
4481.00
4514.00
4560.00
4578.00
4595.00
4606.00
4607.00
4610.00
4644.00
4670.00
4672.00
4679.00
4685.00
4683.00
4689.00
4718.00
4730.00
4730.00
4742.00
4742.00
4740.00
4739.00
4753.00
4765.00
4761.00
4773.00
4856.00
4934.00
5020.00
5086.00
5088.00
5011.00
4947.00
4861.00
4797.00
4787.00
4792.00
4784.00
4780.00
4809.00
4815.00
4808.00
4801.00
4795.00
4780.00
4804.00
4826.00
4856.00
4875.00
4886.00
4880.00
4906.00
4923.00
4945.00
4954.00
4963.00
4947.00
5083.00
5172.00
5266.00
5503.00
5696.00
5768.00
5878.00
5932.00
5806.00
5778.00
5744.00
5726.00
5714.00
5748.00
5682.00
5558.00
5426.00
5370.00
5312.00
5318.00
5338.00
5350.00
5364.00
5402.00
5384.00
5328.00
5284.00
5226.00
5068.00
4980.00
4947.00
4905.00
4862.00
4878.00
4869.00
4831.00
4789.00
4750.00
4729.00
4642.00
4593.00
4546.00
4481.00
4403.00
4381.00
4361.00
4446.00
4479.00
4557.00
4628.00
4674.00
4609.00
4591.00
4539.00
4500.00
4482.00
4462.00
4460.00
4450.00
4436.00
4422.00
4417.00
4455.00
4475.00
4522.00
4541.00
4528.00
4454.00
4380.00
4291.00
4226.00
4200.00
4170.00
4157.00
4144.00
4120.00
4112.00
4129.00
4155.00
4173.00
4208.00
4230.00
4227.00
4198.00
4166.00
4140.00
4112.00
4102.00
4108.00
4128.00
4152.00
4171.00
4189.00
4211.00
4229.00
4220.00
4216.00
4218.00
4209.00
4193.00
4168.00
4148.00
4123.00
4104.00
4090.00
4090.00
4092.00
4085.00
4080.00
4070.00
4065.00
4038.00
4002.00
3959.00
3927.00
3897.00
3902.00
3921.00
3942.00
3956.00
3968.00
3971.00
3978.00
3983.00
3982.00
3986.00
