50400.00
50280.00
50250.00
50650.00
50730.00
51130.00
51050.00
51320.00
51320.00
51180.00
50780.00
50820.00
50540.00
50360.00
50360.00
50320.00
50100.00
50340.00
50500.00
51020.00
51580.00
52320.00
52800.00
53340.00
53820.00
54100.00
54240.00
54680.00
54920.00
54840.00
54840.00
55120.00
55520.00
55780.00
55800.00
56280.00
56660.00
56860.00
56920.00
57160.00
57060.00
56940.00
56580.00
57020.00
57480.00
57860.00
57920.00
57780.00
56820.00
55900.00
54640.00
53400.00
52480.00
51720.00
51120.00
51260.00
51420.00
51820.00
52600.00
53420.00
54020.00
54760.00
55240.00
55760.00
56300.00
57120.00
57520.00
57660.00
57240.00
56720.00
55660.00
54820.00
54000.00
53460.00
52780.00
52360.00
51980.00
52260.00
52340.00
52300.00
52020.00
51600.00
50810.00
50140.00
49720.00
49460.00
49440.00
49270.00
49220.00
49090.00
49160.00
49270.00
49430.00
49690.00
50480.00
50710.00
50370.00
49860.00
49110.00
48120.00
47430.00
47230.00
47140.00
47430.00
47440.00
47670.00
47690.00
47780.00
47400.00
47030.00
46620.00
46390.00
46190.00
46210.00
46220.00
46030.00
45680.00
45310.00
44990.00
44630.00
44200.00
44060.00
43990.00
43850.00
43770.00
43850.00
44040.00
44020.00
44240.00
44390.00
44540.00
44670.00
45030.00
45140.00
45120.00
44900.00
44480.00
43610.00
42790.00
42120.00
41340.00
40550.00
39740.00
38860.00
37700.00
37030.00
36270.00
35620.00
35230.00
35210.00
34780.00
34700.00
34970.00
35150.00
35140.00
35210.00
34740.00
34220.00
33700.00
33340.00
33110.00
33260.00
33420.00
33640.00
33770.00
33900.00
33940.00
33980.00
34010.00
34170.00
34220.00
34260.00
34180.00
34020.00
33780.00
33750.00
33520.00
33070.00
32580.00
32150.00
31970.00
31940.00
32190.00
32480.00
32790.00
32600.00
32430.00
32470.00
32670.00
32950.00
33260.00
33560.00
33700.00
33570.00
33110.00
32770.00
32540.00
32190.00
31960.00
31890.00
31740.00
31590.00
31760.00
31930.00
32290.00
33630.00
34230.00
34480.00
34910.00
35040.00
34300.00
34160.00
33940.00
33380.00
32870.00
32230.00
31790.00
31580.00
31640.00
31720.00
31800.00
31830.00
31750.00
31480.00
31130.00
30990.00
30750.00
30550.00
30350.00
30500.00
30770.00
31280.00
31800.00
32440.00
32830.00
33050.00
33160.00
33490.00
33830.00
34200.00
34470.00
