4680.00
4688.00
4705.00
4739.00
4769.00
4830.00
4900.00
5012.00
5164.00
5323.00
5492.00
5688.00
5866.00
5956.00
5964.00
5888.00
5754.00
5602.00
5466.00
5410.00
5390.00
5354.00
5310.00
5322.00
5322.00
5332.00
5382.00
5480.00
5506.00
5502.00
5486.00
5488.00
5392.00
5306.00
5218.00
5214.00
5226.00
5360.00
5560.00
5736.00
5784.00
5784.00
5740.00
5660.00
5620.00
5632.00
5622.00
5562.00
5534.00
5572.00
5528.00
5602.00
5760.00
5884.00
5888.00
6062.00
6110.00
6084.00
6024.00
6036.00
5946.00
5862.00
5896.00
6092.00
6370.00
6620.00
6902.00
7026.00
6970.00
6828.00
6728.00
6594.00
6484.00
6420.00
6330.00
6284.00
6282.00
6282.00
6260.00
6258.00
6214.00
6116.00
6034.00
5950.00
5878.00
5862.00
5810.00
5762.00
5760.00
5756.00
5684.00
5730.00
5744.00
5752.00
5820.00
5896.00
5904.00
5900.00
5902.00
5848.00
5830.00
5896.00
5964.00
6022.00
6056.00
6066.00
5988.00
5950.00
5888.00
5848.00
5804.00
5790.00
5770.00
5742.00
5700.00
5644.00
5598.00
5566.00
5610.00
5642.00
5690.00
5728.00
5712.00
5598.00
5538.00
5492.00
5452.00
5462.00
5510.00
5522.00
5490.00
5478.00
5458.00
5676.00
5850.00
6070.00
6182.00
6206.00
5990.00
5846.00
5676.00
5668.00
5620.00
5463.00
5303.00
5183.00
5005.00
5013.00
5106.00
5182.00
5178.00
5176.00
5132.00
5128.00
5126.00
5148.00
5114.00
5078.00
5042.00
4993.00
4987.00
5033.00
5073.00
5115.00
5170.00
5210.00
5220.00
5236.00
5262.00
5282.00
5328.00
5370.00
5386.00
5402.00
5414.00
5400.00
5382.00
5378.00
5350.00
5320.00
5282.00
5250.00
5212.00
5144.00
5108.00
5070.00
5046.00
5034.00
5066.00
5096.00
5110.00
5132.00
5140.00
5138.00
5098.00
5076.00
5036.00
5014.00
5000.00
4998.00
5002.00
5022.00
5038.00
5066.00
5104.00
5120.00
5126.00
5118.00
5094.00
5062.00
5040.00
5017.00
5004.00
4983.00
4951.00
4924.00
4905.00
4891.00
4880.00
4886.00
4897.00
4902.00
4911.00
4925.00
4937.00
4963.00
4996.00
5018.00
5050.00
5090.00
5122.00
5146.00
5168.00
5184.00
5188.00
5184.00
5192.00
5204.00
5234.00
5258.00
5272.00
