6486.00
6556.00
6636.00
6698.00
6702.00
6792.00
6886.00
6962.00
7076.00
7170.00
7196.00
7188.00
7258.00
7306.00
7346.00
7404.00
7472.00
7492.00
7498.00
7568.00
7586.00
7592.00
7582.00
7554.00
7516.00
7486.00
7476.00
7460.00
7502.00
7506.00
7546.00
7582.00
7632.00
7654.00
7650.00
7668.00
7660.00
7636.00
7582.00
7524.00
7452.00
7398.00
7348.00
7338.00
7410.00
7484.00
7554.00
7618.00
7666.00
7650.00
7580.00
7504.00
7424.00
7318.00
7274.00
7302.00
7350.00
7448.00
7574.00
7688.00
7762.00
7808.00
7822.00
7834.00
7814.00
7860.00
7902.00
7946.00
7954.00
7968.00
7938.00
7910.00
7852.00
7832.00
7806.00
7792.00
7782.00
7800.00
7790.00
7736.00
7662.00
7552.00
7448.00
7360.00
7326.00
7302.00
7302.00
7306.00
7318.00
7344.00
7346.00
7376.00
7396.00
7424.00
7440.00
7442.00
7468.00
7472.00
7480.00
7480.00
7504.00
7518.00
7564.00
7602.00
7644.00
7694.00
7720.00
7752.00
7794.00
7846.00
7888.00
7942.00
8026.00
8088.00
8124.00
8184.00
8220.00
8202.00
8200.00
8170.00
8142.00
8120.00
8050.00
7962.00
7934.00
7910.00
7892.00
7904.00
7938.00
7956.00
7910.00
7912.00
7926.00
7960.00
7968.00
7996.00
7978.00
7910.00
7806.00
7714.00
7630.00
7506.00
7382.00
7272.00
7160.00
7068.00
7080.00
7154.00
7220.00
7280.00
7308.00
7292.00
7290.00
7296.00
7304.00
7334.00
7326.00
7266.00
7216.00
7176.00
7196.00
7232.00
7258.00
7286.00
7324.00
7296.00
7282.00
7322.00
7370.00
7466.00
7552.00
7650.00
7704.00
7744.00
7712.00
7700.00
7642.00
7618.00
7566.00
7540.00
7510.00
7476.00
7420.00
7370.00
7328.00
7258.00
7238.00
7274.00
7304.00
7332.00
7358.00
7354.00
7302.00
7278.00
7244.00
7226.00
7230.00
7238.00
7230.00
7212.00
7200.00
7170.00
7210.00
7288.00
7344.00
7402.00
7488.00
7494.00
7436.00
7390.00
7402.00
7368.00
7350.00
7362.00
7368.00
7322.00
7318.00
7318.00
7306.00
7324.00
7316.00
7302.00
7282.00
7294.00
7282.00
7284.00
7288.00
7314.00
7324.00
7360.00
7456.00
7516.00
7566.00
7608.00
7660.00
7664.00
7694.00
7706.00
7738.00
7734.00
7696.00
