50050.00
50760.00
51640.00
52560.00
52860.00
52920.00
53060.00
53220.00
53400.00
54280.00
55380.00
56680.00
58040.00
59280.00
59980.00
60420.00
60340.00
60480.00
60400.00
60580.00
60500.00
60400.00
60020.00
59980.00
59600.00
59280.00
59120.00
58800.00
58240.00
57840.00
57300.00
56920.00
56680.00
56560.00
56240.00
56160.00
56000.00
55900.00
55700.00
55620.00
55800.00
55740.00
55680.00
56120.00
56340.00
56240.00
56420.00
56320.00
55700.00
55120.00
54480.00
53960.00
53760.00
53600.00
53520.00
53640.00
53480.00
53280.00
53500.00
53820.00
54440.00
55020.00
55720.00
56240.00
56980.00
57300.00
57620.00
57820.00
57720.00
57300.00
57120.00
56980.00
57140.00
57340.00
57400.00
57560.00
58000.00
58220.00
58520.00
59020.00
59260.00
59020.00
58320.00
57560.00
56860.00
56300.00
55760.00
55600.00
55340.00
55140.00
54740.00
54540.00
54380.00
54360.00
54460.00
54540.00
54720.00
54400.00
54300.00
53960.00
53780.00
53660.00
53980.00
54220.00
54460.00
54820.00
54840.00
54760.00
54640.00
54440.00
54180.00
54100.00
53860.00
53620.00
53400.00
53000.00
52460.00
52140.00
51960.00
51880.00
51760.00
51820.00
51740.00
51460.00
51220.00
51140.00
51100.00
51060.00
51060.00
50850.00
50600.00
50360.00
50160.00
49880.00
49750.00
49380.00
48720.00
47770.00
46900.00
46060.00
45410.00
44910.00
44220.00
43590.00
43170.00
42910.00
42940.00
43420.00
43660.00
43930.00
43810.00
43480.00
43160.00
42950.00
42460.00
42180.00
41640.00
41100.00
40800.00
40460.00
40470.00
40850.00
41120.00
41340.00
41620.00
41710.00
41670.00
41820.00
41990.00
42260.00
42600.00
42920.00
43100.00
43110.00
42990.00
42750.00
42620.00
42670.00
42790.00
42850.00
42820.00
42640.00
42210.00
41750.00
41340.00
40890.00
40510.00
40500.00
40600.00
40780.00
40870.00
40920.00
40760.00
40490.00
40270.00
40180.00
40010.00
39880.00
39680.00
39420.00
39210.00
39060.00
38960.00
39090.00
39210.00
39320.00
39360.00
39380.00
39270.00
39440.00
39850.00
40330.00
40860.00
41240.00
41140.00
40680.00
40290.00
39830.00
39530.00
39380.00
39260.00
39150.00
38980.00
38580.00
38110.00
37820.00
37480.00
37120.00
37060.00
37090.00
37200.00
37260.00
37520.00
37680.00
37750.00
37720.00
37760.00
37560.00
37560.00
37550.00
37480.00
