2486.00
2528.00
2543.00
2553.00
2576.00
2599.00
2610.00
2602.00
2588.00
2577.00
2561.00
2536.00
2554.00
2569.00
2585.00
2610.00
2637.00
2650.00
2672.00
2688.00
2704.00
2707.00
2711.00
2719.00
2728.00
2724.00
2732.00
2738.00
2728.00
2719.00
2754.00
2794.00
2838.00
2910.00
2958.00
2983.00
2986.00
3013.00
2971.00
2947.00
2922.00
2962.00
2974.00
3046.00
3104.00
3161.00
3173.00
3171.00
3123.00
3129.00
3099.00
3072.00
3048.00
3055.00
3006.00
2980.00
2957.00
2941.00
2928.00
2929.00
2923.00
2903.00
2890.00
2897.00
2905.00
2932.00
2951.00
2967.00
2947.00
2935.00
2909.00
2892.00
2876.00
2852.00
2816.00
2787.00
2775.00
2777.00
2791.00
2802.00
2801.00
2771.00
2724.00
2678.00
2640.00
2618.00
2583.00
2542.00
2501.00
2461.00
2416.00
2382.00
2347.00
2322.00
2309.00
2288.00
2288.00
2300.00
2303.00
2298.00
2305.00
2321.00
2337.00
2376.00
2403.00
2428.00
2432.00
2425.00
2392.00
2385.00
2370.00
2367.00
2375.00
2382.00
2374.00
2371.00
2360.00
2345.00
2339.00
2325.00
2305.00
2299.00
2276.00
2236.00
2207.00
2187.00
2164.00
2159.00
2176.00
2180.00
2179.00
2180.00
2181.00
2172.00
2170.00
2158.00
2135.00
2098.00
2069.00
2045.00
2037.00
2024.00
1980.00
1916.00
1842.00
1778.00
1726.00
1730.00
1743.00
1756.00
1745.00
1737.00
1720.00
1719.00
1719.00
1721.00
1702.00
1683.00
1655.00
1633.00
1629.00
1655.00
1691.00
1719.00
1748.00
1774.00
1780.00
1843.00
1923.00
2017.00
2091.00
2173.00
2178.00
2174.00
2161.00
2159.00
2141.00
2130.00
2123.00
2100.00
2049.00
2001.00
1954.00
1906.00
1871.00
1861.00
1862.00
1878.00
1894.00
1907.00
1920.00
1945.00
1962.00
1976.00
1978.00
1987.00
1980.00
1975.00
1963.00
1968.00
1967.00
1965.00
1958.00
1977.00
1995.00
2022.00
2059.00
2106.00
2109.00
2110.00
2092.00
2061.00
2011.00
1974.00
1928.00
1901.00
1884.00
1874.00
1877.00
1882.00
1881.00
1875.00
1862.00
1846.00
1836.00
1841.00
1849.00
1874.00
1887.00
1901.00
1906.00
1918.00
1913.00
1923.00
1924.00
1919.00
1910.00
1900.00
1897.00
1900.00
1907.00
