2372.00
2372.00
2369.00
2367.00
2361.00
2352.00
2341.00
2338.00
2329.00
2312.00
2307.00
2299.00
2286.00
2279.00
2272.00
2252.00
2246.00
2260.00
2276.00
2297.00
2321.00
2323.00
2323.00
2305.00
2287.00
2271.00
2261.00
2235.00
2221.00
2203.00
2183.00
2160.00
2146.00
2149.00
2147.00
2153.00
2144.00
2132.00
2102.00
2071.00
2031.00
2012.00
2017.00
2029.00
2035.00
2051.00
2062.00
2043.00
2015.00
2000.00
1976.00
1956.00
1939.00
1922.00
1913.00
1915.00
1912.00
1912.00
1955.00
1991.00
2030.00
2058.00
2078.00
2071.00
2064.00
2071.00
2082.00
2103.00
2103.00
2097.00
2072.00
2060.00
2041.00
2025.00
2015.00
2003.00
1982.00
1989.00
2005.00
2031.00
2038.00
2043.00
2041.00
2025.00
1999.00
1999.00
1987.00
1959.00
1914.00
1872.00
1825.00
1793.00
1759.00
1759.00
1758.00
1750.00
1748.00
1745.00
1736.00
1727.00
1722.00
1714.00
1712.00
1718.00
1720.00
1726.00
1734.00
1744.00
1766.00
1787.00
1806.00
1820.00
1820.00
1797.00
1778.00
1755.00
1732.00
1723.00
1719.00
1711.00
1706.00
1707.00
1695.00
1680.00
1671.00
1658.00
1653.00
1655.00
1661.00
1657.00
1648.00
1632.00
1622.00
1617.00
1615.00
1609.00
1602.00
1603.00
1597.00
1588.00
1587.00
1579.00
1543.00
1467.00
1409.00
1353.00
1310.00
1295.00
1319.00
1344.00
1363.00
1381.00
1390.00
1401.00
1399.00
1405.00
1398.00
1387.00
1378.00
1363.00
1352.00
1350.00
1349.00
1352.00
1364.00
1370.00
1372.00
1382.00
1387.00
1392.00
1407.00
1428.00
1444.00
1460.00
1473.00
1478.00
1479.00
1472.00
1456.00
1436.00
1424.00
1407.00
1393.00
1381.00
1377.00
1366.00
1362.00
1359.00
1369.00
1377.00
1388.00
1397.00
1402.00
1390.00
1376.00
1351.00
1326.00
1305.00
1296.00
1294.00
1304.00
1311.00
1314.00
1316.00
1312.00
1306.00
1307.00
1305.00
1306.00
1313.00
1390.00
1459.00
1523.00
1593.00
1642.00
1605.00
1577.00
1564.00
1537.00
1569.00
1607.00
1627.00
1638.00
1682.00
1661.00
1684.00
1728.00
1763.00
1761.00
1770.00
1757.00
1728.00
1706.00
1681.00
1672.00
1644.00
1625.00
1608.00
1599.00
1587.00
1592.00
