749200.00
762000.00
770800.00
774400.00
780600.00
781800.00
780000.00
780400.00
776800.00
771600.00
772000.00
777800.00
780200.00
781200.00
782200.00
781400.00
777000.00
776000.00
776200.00
775400.00
776200.00
778200.00
778000.00
779800.00
786200.00
787800.00
785400.00
784200.00
781200.00
774400.00
768200.00
765200.00
764000.00
764000.00
764000.00
763600.00
765000.00
765000.00
764000.00
763400.00
764600.00
764400.00
765000.00
766800.00
769600.00
773000.00
775400.00
775800.00
771600.00
766000.00
760000.00
755200.00
753400.00
755400.00
760200.00
761600.00
760600.00
757800.00
755000.00
749800.00
746400.00
744400.00
743000.00
742600.00
742800.00
744200.00
744000.00
742600.00
738800.00
735000.00
730800.00
728600.00
726600.00
726200.00
725200.00
726600.00
726200.00
726600.00
725800.00
724800.00
721800.00
716200.00
711400.00
707200.00
702800.00
700000.00
706400.00
710600.00
714800.00
721600.00
725000.00
724200.00
725200.00
724000.00
719400.00
718600.00
715000.00
711600.00
711200.00
712200.00
709200.00
706400.00
705200.00
704400.00
705000.00
707200.00
710800.00
712600.00
712600.00
710400.00
708000.00
705400.00
701200.00
697600.00
694600.00
692200.00
689400.00
687000.00
686200.00
686000.00
685000.00
686200.00
686200.00
684600.00
682400.00
681600.00
678800.00
676000.00
674200.00
671200.00
667200.00
664600.00
662400.00
661400.00
662800.00
664000.00
662800.00
661400.00
658000.00
653400.00
647800.00
642200.00
635400.00
629800.00
622800.00
617600.00
614400.00
613400.00
611400.00
609800.00
603600.00
597200.00
592000.00
587600.00
583400.00
580600.00
576000.00
569400.00
564800.00
562000.00
562400.00
565000.00
569200.00
572000.00
572600.00
572000.00
570800.00
569600.00
567200.00
569600.00
573200.00
578600.00
582200.00
587800.00
589200.00
589800.00
588000.00
587600.00
584600.00
583400.00
581800.00
578800.00
574800.00
573200.00
570400.00
566800.00
565400.00
566800.00
567600.00
569600.00
572800.00
577000.00
579800.00
581000.00
579600.00
578800.00
576000.00
573400.00
570000.00
569000.00
567000.00
566800.00
568000.00
570600.00
572200.00
575400.00
577400.00
578400.00
578800.00
578800.00
577000.00
575400.00
572000.00
568800.00
564600.00
560400.00
557000.00
557400.00
557600.00
560400.00
561600.00
562200.00
559200.00
555800.00
550800.00
547400.00
542000.00
537000.00
534600.00
534800.00
536800.00
540600.00
545000.00
548400.00
550800.00
549200.00
550600.00
550800.00
551400.00
551800.00
554200.00
