4957.00
4075.00
3528.00
3327.00
3279.00
3213.00
3161.00
3075.00
3016.00
2998.00
2977.00
2968.00
2989.00
2981.00
2999.00
2999.00
2986.00
2975.00
2969.00
2920.00
2895.00
2875.00
2827.00
2803.00
2770.00
2738.00
2714.00
2720.00
2698.00
2678.00
2643.00
2629.00
2605.00
2600.00
2593.00
2611.00
2608.00
2604.00
2587.00
2674.00
2743.00
2826.00
2922.00
3047.00
3032.00
3025.00
2976.00
2902.00
2853.00
2814.00
2763.00
2745.00
2737.00
2677.00
2671.00
2698.00
2715.00
2740.00
2940.00
3191.00
3419.00
3628.00
3880.00
3938.00
3910.00
3877.00
3782.00
3642.00
3556.00
3500.00
3436.00
3546.00
3607.00
3713.00
3822.00
3939.00
3920.00
3950.00
3917.00
3801.00
3665.00
3551.00
3430.00
3303.00
3260.00
3242.00
3253.00
3296.00
3456.00
3566.00
3675.00
3748.00
3789.00
3709.00
3679.00
3583.00
3487.00
3405.00
3295.00
3180.00
3129.00
3110.00
3095.00
3135.00
3162.00
3185.00
3207.00
3216.00
3186.00
3151.00
3123.00
3098.00
3040.00
2968.00
2938.00
2878.00
2811.00
2805.00
2836.00
2814.00
2821.00
2834.00
2815.00
2755.00
2718.00
2693.00
2658.00
2624.00
2632.00
2619.00
2566.00
2532.00
2536.00
2525.00
2518.00
2534.00
2514.00
2411.00
2327.00
2268.00
2223.00
2196.00
2170.00
2118.00
2062.00
2020.00
1990.00
2016.00
2047.00
2069.00
2071.00
2064.00
2101.00
2140.00
2173.00
2203.00
2195.00
2151.00
2127.00
2106.00
2093.00
2140.00
2167.00
2186.00
2200.00
2195.00
2169.00
2163.00
2153.00
2158.00
2175.00
2188.00
2189.00
2186.00
2165.00
2138.00
2099.00
2049.00
2000.00
1942.00
1912.00
1897.00
1918.00
1947.00
2043.00
2187.00
2264.00
2318.00
2362.00
2365.00
2296.00
2287.00
2270.00
2258.00
2241.00
2202.00
2158.00
2127.00
2118.00
2108.00
2125.00
2170.00
2212.00
2223.00
2223.00
2245.00
2250.00
2236.00
2219.00
2202.00
2171.00
2157.00
2256.00
2310.00
2380.00
2410.00
2450.00
2470.00
2509.00
2524.00
2595.00
2620.00
2573.00
2546.00
2509.00
2454.00
2454.00
2570.00
2665.00
2767.00
2845.00
2903.00
2855.00
2859.00
2862.00
2862.00
2843.00
2771.00
2695.00
2668.00
2658.00
