32520.00
32680.00
32970.00
33160.00
33440.00
33630.00
33830.00
34040.00
34350.00
34440.00
34440.00
34310.00
34370.00
34420.00
34540.00
34530.00
34540.00
34580.00
34450.00
34580.00
35290.00
35890.00
36530.00
37140.00
37510.00
37330.00
37320.00
37260.00
37480.00
37800.00
38240.00
38550.00
38610.00
38350.00
37550.00
36820.00
36250.00
36000.00
35670.00
35730.00
35780.00
35750.00
35640.00
35770.00
35940.00
36080.00
36440.00
36800.00
36870.00
37080.00
37060.00
36700.00
36360.00
36180.00
35800.00
35680.00
35820.00
36000.00
36280.00
36610.00
36940.00
37050.00
37140.00
37240.00
37560.00
37780.00
37930.00
38190.00
38230.00
38050.00
37870.00
38690.00
39320.00
39880.00
40190.00
40760.00
40540.00
40380.00
40870.00
42160.00
43440.00
46580.00
49900.00
53190.00
55020.00
56580.00
57100.00
56580.00
54800.00
53600.00
52300.00
50220.00
48100.00
46560.00
45480.00
44780.00
43780.00
44750.00
45520.00
45670.00
45490.00
45570.00
44930.00
44820.00
45270.00
45560.00
45510.00
45370.00
45100.00
44620.00
44600.00
45050.00
45150.00
45110.00
44930.00
44340.00
43830.00
42950.00
42480.00
42260.00
42190.00
41820.00
41520.00
40890.00
40460.00
40160.00
39940.00
39920.00
40020.00
39890.00
39780.00
39860.00
39970.00
40080.00
40180.00
40170.00
39540.00
38730.00
38250.00
38030.00
37680.00
37830.00
39480.00
41740.00
43220.00
44300.00
45600.00
45470.00
44430.00
43690.00
43510.00
42620.00
41990.00
41530.00
41420.00
41490.00
42340.00
42970.00
43500.00
43890.00
44160.00
44260.00
44550.00
44770.00
44830.00
44770.00
44330.00
43910.00
43680.00
43650.00
44150.00
44500.00
44860.00
45080.00
45400.00
45160.00
44990.00
44990.00
44730.00
44050.00
43420.00
42970.00
42270.00
41600.00
41380.00
41320.00
41280.00
41110.00
41160.00
41130.00
41000.00
40780.00
40630.00
40450.00
40080.00
39650.00
39450.00
39210.00
38930.00
38840.00
38810.00
38610.00
38650.00
38750.00
39040.00
39370.00
39580.00
39750.00
39860.00
39760.00
39690.00
39820.00
39850.00
40190.00
40460.00
40720.00
40820.00
40870.00
40690.00
40820.00
40670.00
40470.00
40460.00
40610.00
40360.00
40410.00
40500.00
40450.00
40160.00
40090.00
39890.00
39750.00
39700.00
39660.00
39590.00
39620.00
39600.00
39820.00
40110.00
40320.00
40500.00
