6486.00
6494.00
6512.00
6590.00
6744.00
6888.00
7016.00
7112.00
7226.00
7214.00
7220.00
7236.00
7330.00
7374.00
7402.00
7428.00
7530.00
7592.00
7638.00
7762.00
7912.00
7920.00
7882.00
7882.00
7836.00
7750.00
7706.00
7678.00
7618.00
7544.00
7536.00
7494.00
7478.00
7462.00
7406.00
7294.00
7252.00
7170.00
7078.00
7056.00
7040.00
7002.00
6982.00
6996.00
6984.00
6998.00
7006.00
7000.00
6976.00
7002.00
7002.00
6990.00
7002.00
7010.00
7014.00
7016.00
7040.00
7054.00
7080.00
7090.00
7104.00
7124.00
7162.00
7206.00
7234.00
7248.00
7238.00
7216.00
7162.00
7140.00
7124.00
7124.00
7126.00
7132.00
7116.00
7096.00
7080.00
7066.00
7066.00
7076.00
7092.00
7102.00
7088.00
7064.00
7034.00
7022.00
7008.00
7032.00
7054.00
7092.00
7084.00
7074.00
7038.00
7030.00
7026.00
7040.00
7050.00
7066.00
7068.00
7068.00
7074.00
7090.00
7108.00
7150.00
7166.00
7198.00
7242.00
7284.00
7308.00
7358.00
7390.00
7416.00
7454.00
7462.00
7442.00
7420.00
7384.00
7340.00
7310.00
7288.00
7268.00
7262.00
7216.00
7166.00
7136.00
7126.00
7112.00
7116.00
7130.00
7120.00
7094.00
7062.00
7048.00
7034.00
7040.00
7028.00
7004.00
6942.00
6888.00
6824.00
6774.00
6724.00
6692.00
6616.00
6548.00
6522.00
6528.00
6562.00
6622.00
6670.00
6652.00
6616.00
6578.00
6548.00
6508.00
6484.00
6434.00
6396.00
6366.00
6380.00
6426.00
6504.00
6566.00
6626.00
6642.00
6636.00
6606.00
6584.00
6560.00
6572.00
6592.00
6634.00
6672.00
6710.00
6718.00
6720.00
6734.00
6766.00
6790.00
6828.00
6854.00
6864.00
6862.00
6850.00
6846.00
6822.00
6802.00
6770.00
6752.00
6728.00
6730.00
6724.00
6726.00
6734.00
6734.00
6744.00
6758.00
6768.00
6776.00
6792.00
6800.00
6812.00
6838.00
6862.00
6876.00
6886.00
6896.00
6898.00
6902.00
6902.00
6912.00
6914.00
6906.00
6900.00
6900.00
6892.00
6892.00
6876.00
6874.00
6874.00
6876.00
6874.00
6900.00
6906.00
6904.00
6906.00
6916.00
6916.00
6924.00
6936.00
6960.00
6978.00
6972.00
6960.00
6948.00
6924.00
6898.00
6896.00
6906.00
6896.00
6890.00
