27490.00
27800.00
28170.00
28250.00
28300.00
28200.00
27960.00
27920.00
27970.00
27970.00
28000.00
28090.00
28070.00
28000.00
28090.00
28140.00
28310.00
28560.00
28740.00
28850.00
29040.00
29250.00
29270.00
29390.00
29570.00
29630.00
29590.00
29730.00
29780.00
29770.00
29770.00
29760.00
29700.00
29690.00
29670.00
30000.00
30380.00
30710.00
30860.00
31070.00
30960.00
30920.00
31020.00
31460.00
31760.00
32150.00
32200.00
32130.00
31660.00
31180.00
30530.00
30120.00
29810.00
29440.00
29190.00
29080.00
28900.00
28720.00
28770.00
28790.00
28670.00
28570.00
28490.00
28430.00
28450.00
28630.00
28800.00
28850.00
28690.00
28510.00
28300.00
28070.00
27800.00
27740.00
27620.00
27550.00
27590.00
27700.00
27790.00
27790.00
27700.00
27280.00
26890.00
26410.00
26190.00
26170.00
26370.00
26430.00
26570.00
26520.00
26420.00
26250.00
26180.00
26170.00
26240.00
26070.00
25900.00
25750.00
25550.00
25290.00
25180.00
25240.00
25410.00
25680.00
25910.00
26300.00
26550.00
26710.00
26770.00
26850.00
26800.00
26810.00
26760.00
26720.00
26660.00
26450.00
26210.00
26140.00
26070.00
26020.00
26020.00
26170.00
25990.00
25770.00
25550.00
25420.00
25230.00
25170.00
25280.00
25330.00
25270.00
25430.00
25590.00
25720.00
25930.00
26140.00
25990.00
25630.00
25150.00
24600.00
24040.00
23300.00
22280.00
21290.00
20480.00
19840.00
19510.00
19740.00
19990.00
20090.00
19970.00
19880.00
19950.00
20030.00
20150.00
20330.00
20290.00
20090.00
20000.00
19930.00
19980.00
20160.00
20370.00
20540.00
20660.00
20720.00
20750.00
20760.00
20800.00
20950.00
21170.00
21400.00
21580.00
21700.00
21690.00
21640.00
21470.00
21310.00
21040.00
20770.00
20590.00
20460.00
20310.00
20330.00
20400.00
20250.00
20210.00
20300.00
20370.00
20540.00
20800.00
21050.00
21160.00
21240.00
21270.00
21250.00
21200.00
21240.00
21180.00
21100.00
21220.00
21370.00
21590.00
21860.00
22150.00
22260.00
22370.00
22370.00
22360.00
22250.00
22370.00
22430.00
22360.00
22170.00
21970.00
21590.00
21380.00
21350.00
21400.00
21480.00
21530.00
21560.00
21500.00
21490.00
21510.00
21680.00
21730.00
21890.00
22000.00
22040.00
22000.00
22010.00
22040.00
22090.00
22220.00
22220.00
22270.00
22130.00
22060.00
22030.00
22150.00
