44220.00
43880.00
43970.00
44210.00
44340.00
44570.00
44590.00
44600.00
45410.00
46260.00
47200.00
48300.00
49480.00
49530.00
49870.00
49930.00
50080.00
49980.00
50050.00
49560.00
49220.00
49130.00
49170.00
49240.00
49530.00
49770.00
49680.00
49440.00
49250.00
49160.00
49210.00
49190.00
49290.00
49530.00
49800.00
49980.00
50360.00
50660.00
51180.00
51360.00
51300.00
51240.00
51500.00
51440.00
51740.00
52220.00
52620.00
52520.00
52220.00
51660.00
51010.00
50110.00
49450.00
48870.00
48430.00
48440.00
48730.00
49130.00
49690.00
50310.00
50610.00
50680.00
50800.00
50980.00
51000.00
51060.00
51140.00
50910.00
50400.00
50040.00
49770.00
49470.00
49200.00
49070.00
48720.00
48270.00
47670.00
47350.00
46940.00
46530.00
46090.00
45990.00
45750.00
45680.00
45850.00
46180.00
46520.00
46830.00
46900.00
46900.00
46910.00
46760.00
46570.00
46470.00
46380.00
46070.00
45920.00
45680.00
45570.00
45730.00
45960.00
46100.00
46580.00
47110.00
47360.00
47260.00
47190.00
46870.00
46470.00
46080.00
46130.00
46070.00
46060.00
46080.00
46000.00
45950.00
46030.00
46070.00
46390.00
46800.00
47170.00
47770.00
48130.00
48130.00
48140.00
48090.00
47720.00
47490.00
47410.00
47190.00
46910.00
46780.00
46890.00
46890.00
46870.00
46750.00
46550.00
46100.00
46120.00
46510.00
46720.00
46810.00
46650.00
45990.00
45160.00
44970.00
44840.00
45060.00
45350.00
45520.00
45200.00
44830.00
44550.00
44330.00
44140.00
44030.00
43910.00
43670.00
43510.00
43480.00
43580.00
43810.00
44100.00
44150.00
44120.00
44070.00
43840.00
43750.00
43760.00
43900.00
44180.00
44650.00
45000.00
45320.00
45390.00
45350.00
45100.00
44950.00
44730.00
44670.00
45290.00
46250.00
46900.00
47660.00
48150.00
47870.00
47540.00
47560.00
47390.00
47340.00
47360.00
47200.00
46890.00
46680.00
46550.00
46630.00
47050.00
47430.00
47810.00
48000.00
48010.00
47800.00
47620.00
47410.00
47320.00
47340.00
47290.00
47310.00
47350.00
47550.00
47580.00
47580.00
47620.00
47580.00
47440.00
47360.00
47160.00
46850.00
46590.00
46310.00
46000.00
45860.00
45780.00
45780.00
45750.00
45750.00
45720.00
45600.00
45520.00
45610.00
45650.00
45780.00
46060.00
46280.00
46400.00
46560.00
46770.00
46920.00
47150.00
47350.00
47430.00
