39220.00
39050.00
39890.00
40450.00
40440.00
40740.00
41120.00
40780.00
40380.00
40090.00
39580.00
39360.00
39490.00
40320.00
41150.00
41980.00
42740.00
43060.00
43200.00
44840.00
46270.00
47620.00
49250.00
51440.00
52760.00
55760.00
58580.00
60960.00
62840.00
63640.00
63440.00
64280.00
65160.00
65980.00
66740.00
67080.00
66100.00
67200.00
68240.00
69780.00
71040.00
72400.00
72840.00
73420.00
74060.00
75540.00
76920.00
77840.00
77820.00
77820.00
76820.00
76840.00
76560.00
76600.00
77380.00
78220.00
78320.00
78140.00
78240.00
77380.00
77640.00
78180.00
78880.00
80260.00
82100.00
83860.00
84840.00
85320.00
85100.00
84340.00
83160.00
82900.00
83260.00
83320.00
83100.00
82700.00
82040.00
80760.00
81620.00
82720.00
85080.00
86560.00
88600.00
88240.00
88000.00
86820.00
86580.00
86780.00
88600.00
90060.00
90720.00
88620.00
86020.00
82300.00
80380.00
78720.00
79040.00
79600.00
80260.00
78900.00
77740.00
77560.00
77460.00
77420.00
78220.00
78840.00
79300.00
80020.00
80280.00
81400.00
82480.00
82720.00
82460.00
82660.00
82160.00
82340.00
83980.00
86180.00
87980.00
89120.00
89580.00
89200.00
87860.00
86200.00
85060.00
84060.00
82800.00
81500.00
81000.00
80320.00
79800.00
79500.00
79660.00
79360.00
77980.00
76860.00
75560.00
73620.00
72100.00
71480.00
71000.00
70960.00
70620.00
70200.00
69720.00
69880.00
70140.00
72320.00
74740.00
78660.00
81960.00
83900.00
85040.00
85260.00
84260.00
82800.00
81700.00
80760.00
80100.00
79280.00
78640.00
79700.00
80480.00
81760.00
82980.00
84220.00
85240.00
86100.00
86840.00
87860.00
89300.00
89620.00
89440.00
89720.00
90340.00
90040.00
90220.00
91800.00
92820.00
93820.00
94940.00
96320.00
96640.00
96660.00
96300.00
95300.00
94100.00
93400.00
92520.00
91580.00
91520.00
90960.00
90040.00
89780.00
89980.00
90120.00
90180.00
90480.00
91280.00
91980.00
93800.00
96340.00
98560.00
100380.00
103500.00
105400.00
108000.00
111100.00
114700.00
116700.00
118600.00
119000.00
119800.00
119800.00
119000.00
118100.00
117600.00
116700.00
114900.00
113700.00
112800.00
112100.00
111100.00
110700.00
110700.00
110400.00
109400.00
109200.00
109100.00
109200.00
108700.00
108800.00
108000.00
107200.00
106900.00
107600.00
107600.00
107500.00
108200.00
108800.00
109200.00
