3683.00
3698.00
3744.00
3777.00
3809.00
3847.00
3913.00
3945.00
4003.00
4081.00
4147.00
4192.00
4263.00
4305.00
4305.00
4317.00
4329.00
4329.00
4309.00
4307.00
4292.00
4269.00
4247.00
4272.00
4285.00
4301.00
4307.00
4298.00
4270.00
4243.00
4219.00
4220.00
4226.00
4230.00
4235.00
4227.00
4212.00
4201.00
4157.00
4085.00
4024.00
3988.00
3958.00
3955.00
3984.00
4021.00
4052.00
4141.00
4240.00
4317.00
4362.00
4376.00
4333.00
4261.00
4227.00
4241.00
4269.00
4303.00
4367.00
4450.00
4510.00
4569.00
4623.00
4679.00
4714.00
4753.00
4771.00
4775.00
4789.00
4788.00
4786.00
4794.00
4820.00
4797.00
4761.00
4742.00
4721.00
4695.00
4670.00
4662.00
4621.00
4562.00
4496.00
4453.00
4386.00
4360.00
4342.00
4321.00
4296.00
4285.00
4251.00
4219.00
4203.00
4211.00
4222.00
4220.00
4247.00
4254.00
4252.00
4247.00
4244.00
4228.00
4246.00
4265.00
4295.00
4334.00
4364.00
4385.00
4384.00
4374.00
4365.00
4352.00
4331.00
4295.00
4257.00
4372.00
4519.00
4655.00
4756.00
4914.00
4986.00
4912.00
4843.00
4790.00
4674.00
4497.00
4444.00
4384.00
4390.00
4384.00
4346.00
4333.00
4311.00
4258.00
4279.00
4234.00
4130.00
3958.00
3804.00
3599.00
3468.00
3363.00
3306.00
3216.00
3142.00
3107.00
3090.00
3122.00
3186.00
3235.00
3282.00
3356.00
3414.00
3466.00
3506.00
3520.00
3476.00
3449.00
3442.00
3439.00
3450.00
3520.00
3557.00
3581.00
3614.00
3644.00
3617.00
3616.00
3623.00
3628.00
3623.00
3648.00
3673.00
3691.00
3723.00
3756.00
3786.00
3801.00
3808.00
3790.00
3779.00
3750.00
3718.00
3664.00
3628.00
3583.00
3552.00
3531.00
3525.00
3513.00
3510.00
3505.00
3495.00
3485.00
3465.00
3443.00
3412.00
3384.00
3364.00
3343.00
3318.00
3291.00
3277.00
3274.00
3286.00
3302.00
3339.00
3369.00
3390.00
3405.00
3401.00
3379.00
3352.00
3304.00
3245.00
3200.00
3153.00
3110.00
3084.00
3071.00
3058.00
3048.00
3032.00
3007.00
2983.00
2964.00
2951.00
2949.00
2956.00
2957.00
2961.00
2974.00
2977.00
2978.00
2981.00
2978.00
2963.00
2951.00
2948.00
2947.00
2941.00
