4927.00
4913.00
4933.00
5017.00
5102.00
5218.00
5300.00
5366.00
5416.00
5458.00
5464.00
5492.00
5540.00
5588.00
5626.00
5648.00
5684.00
5762.00
5824.00
5954.00
6094.00
6144.00
6182.00
6244.00
6286.00
6332.00
6430.00
6462.00
6464.00
6424.00
6432.00
6448.00
6482.00
6510.00
6460.00
6378.00
6242.00
6138.00
6042.00
6002.00
5976.00
6010.00
6010.00
6080.00
6174.00
6234.00
6254.00
6262.00
6230.00
6190.00
6124.00
6086.00
6066.00
6004.00
5922.00
5898.00
5858.00
5840.00
5876.00
5936.00
5986.00
6022.00
6056.00
6088.00
6090.00
6120.00
6178.00
6256.00
6326.00
6434.00
6456.00
6444.00
6360.00
6256.00
6130.00
6068.00
6036.00
6054.00
6112.00
6174.00
6210.00
6200.00
6150.00
6012.00
5886.00
5796.00
5726.00
5672.00
5650.00
5628.00
5602.00
5560.00
5494.00
5428.00
5380.00
5298.00
5262.00
5254.00
5246.00
5216.00
5216.00
5284.00
5352.00
5446.00
5520.00
5588.00
5574.00
5552.00
5528.00
5542.00
5554.00
5568.00
5596.00
5602.00
5594.00
5562.00
5542.00
5514.00
5498.00
5470.00
5456.00
5436.00
5356.00
5272.00
5206.00
5142.00
5110.00
5136.00
5168.00
5182.00
5194.00
5176.00
5156.00
5132.00
5116.00
5112.00
5108.00
5069.00
5038.00
5012.00
4977.00
4938.00
4856.00
4710.00
4571.00
4470.00
4399.00
4424.00
4517.00
4622.00
4697.00
4758.00
4812.00
4878.00
4932.00
4965.00
4965.00
4968.00
4954.00
4913.00
4892.00
4892.00
4891.00
4893.00
4932.00
4975.00
5020.00
5070.00
5112.00
5120.00
5136.00
5148.00
5156.00
5140.00
5164.00
5178.00
5172.00
5262.00
5420.00
5656.00
5882.00
6146.00
6260.00
6346.00
6368.00
6532.00
6632.00
6688.00
6762.00
6826.00
6808.00
7062.00
7448.00
7848.00
8158.00
8434.00
8722.00
8836.00
9044.00
9288.00
9670.00
9756.00
9986.00
10010.00
10094.00
9956.00
9946.00
9910.00
10086.00
10246.00
10354.00
10504.00
10640.00
10458.00
10238.00
10134.00
9984.00
9904.00
9946.00
10000.00
10028.00
10158.00
10408.00
10688.00
11024.00
11280.00
11350.00
11230.00
11170.00
11050.00
10970.00
10960.00
10950.00
10830.00
10650.00
10630.00
10500.00
10400.00
10540.00
10810.00
11070.00
