2631.00
2639.00
2632.00
2626.00
2621.00
2615.00
2623.00
2625.00
2633.00
2641.00
2641.00
2639.00
2664.00
2680.00
2654.00
2639.00
2622.00
2589.00
2565.00
2586.00
2592.00
2591.00
2598.00
2624.00
2672.00
2735.00
2810.00
2880.00
2927.00
2934.00
2931.00
2916.00
2900.00
2895.00
2854.00
2820.00
2766.00
2710.00
2636.00
2619.00
2584.00
2588.00
2588.00
2608.00
2610.00
2623.00
2620.00
2623.00
2602.00
2586.00
2572.00
2556.00
2546.00
2537.00
2535.00
2547.00
2560.00
2566.00
2586.00
2592.00
2599.00
2606.00
2616.00
2634.00
2692.00
2753.00
2810.00
2858.00
2889.00
2887.00
2879.00
2884.00
2885.00
2874.00
2860.00
2870.00
2872.00
2905.00
2957.00
3016.00
3031.00
3032.00
3012.00
2976.00
2937.00
2978.00
3040.00
3095.00
3181.00
3251.00
3256.00
3224.00
3213.00
3179.00
3169.00
3137.00
3092.00
3021.00
2955.00
2908.00
2894.00
2938.00
2993.00
3060.00
3086.00
3101.00
3102.00
3097.00
3075.00
3072.00
3075.00
3064.00
3055.00
3061.00
3067.00
3050.00
3051.00
3056.00
3043.00
3023.00
3015.00
3008.00
2987.00
2975.00
2982.00
2995.00
3006.00
3021.00
3033.00
3019.00
2990.00
2960.00
2957.00
2948.00
2953.00
2960.00
2963.00
2933.00
2925.00
2910.00
2889.00
2880.00
2855.00
2822.00
2781.00
2762.00
2733.00
2734.00
2742.00
2804.00
2844.00
2910.00
2974.00
3032.00
3023.00
3014.00
2963.00
2913.00
2860.00
2823.00
2804.00
2800.00
2791.00
2778.00
2778.00
2786.00
2788.00
2799.00
2813.00
2825.00
2825.00
2827.00
2836.00
2864.00
2884.00
2899.00
2906.00
2902.00
2875.00
2846.00
2828.00
2823.00
2814.00
2799.00
2791.00
2780.00
2769.00
2765.00
2775.00
2782.00
2793.00
2806.00
2812.00
2817.00
2819.00
2814.00
2804.00
2798.00
2790.00
2778.00
2772.00
2769.00
2777.00
2782.00
2793.00
2790.00
2806.00
2808.00
2803.00
2804.00
2790.00
2767.00
2745.00
2724.00
2688.00
2680.00
2664.00
2652.00
2644.00
2638.00
2632.00
2621.00
2612.00
2596.00
2578.00
2562.00
2546.00
2526.00
2519.00
2527.00
2547.00
2571.00
2597.00
2616.00
2632.00
2632.00
2638.00
2645.00
2654.00
2661.00
2663.00
