9174.00
9250.00
9280.00
9358.00
9428.00
9522.00
9638.00
9710.00
9734.00
9806.00
9840.00
9880.00
9978.00
10130.00
10230.00
10400.00
10480.00
10500.00
10460.00
10430.00
10330.00
10290.00
10330.00
10340.00
10370.00
10410.00
10480.00
10500.00
10520.00
10450.00
10490.00
10500.00
10480.00
10480.00
10480.00
10430.00
10320.00
10260.00
10154.00
10094.00
9982.00
10002.00
9982.00
10058.00
10108.00
10132.00
10074.00
10008.00
9906.00
9826.00
9756.00
9726.00
9706.00
9630.00
9588.00
9592.00
9538.00
9546.00
9622.00
9660.00
9666.00
9708.00
9734.00
9714.00
9788.00
9866.00
9878.00
9890.00
9920.00
9848.00
9754.00
9738.00
9680.00
9670.00
9718.00
9922.00
10106.00
10364.00
10526.00
10650.00
10690.00
10630.00
10500.00
10374.00
10284.00
10204.00
10214.00
10234.00
10340.00
10710.00
11010.00
11440.00
11800.00
12170.00
12260.00
12320.00
12200.00
12090.00
12040.00
12020.00
12030.00
12120.00
12340.00
12360.00
12320.00
12320.00
12200.00
12050.00
11910.00
11780.00
11610.00
11510.00
11470.00
11490.00
11540.00
11620.00
11730.00
11560.00
11460.00
11320.00
11190.00
11000.00
10960.00
10890.00
10840.00
10810.00
10850.00
10920.00
10960.00
10900.00
10830.00
10800.00
10740.00
10690.00
10680.00
10630.00
10510.00
10400.00
10350.00
10310.00
10260.00
10230.00
10210.00
10044.00
9906.00
9808.00
9700.00
9620.00
9630.00
9662.00
9670.00
9716.00
9634.00
9594.00
9576.00
9542.00
9420.00
9450.00
9430.00
9362.00
9342.00
9438.00
9478.00
9558.00
9684.00
9756.00
9734.00
9774.00
9776.00
9732.00
9736.00
9776.00
9802.00
9866.00
9946.00
10064.00
10174.00
10370.00
10530.00
10680.00
10780.00
10840.00
10860.00
10860.00
10910.00
10950.00
11020.00
10970.00
10950.00
10960.00
10920.00
10880.00
10930.00
10990.00
10900.00
10870.00
10960.00
10990.00
10910.00
10880.00
10870.00
10740.00
10620.00
10590.00
10570.00
10490.00
10440.00
10390.00
10370.00
10380.00
10430.00
10480.00
10520.00
10500.00
10440.00
10370.00
10300.00
10300.00
10300.00
10300.00
10290.00
10300.00
10220.00
10028.00
9892.00
9818.00
9716.00
9706.00
9848.00
9964.00
10048.00
10160.00
10200.00
10250.00
10310.00
10350.00
10360.00
10390.00
10450.00
10480.00
10490.00
