1246.00
1262.00
1268.00
1271.00
1272.00
1273.00
1275.00
1279.00
1280.00
1288.00
1296.00
1299.00
1304.00
1312.00
1311.00
1312.00
1312.00
1311.00
1308.00
1316.00
1319.00
1323.00
1331.00
1335.00
1328.00
1322.00
1318.00
1310.00
1304.00
1378.00
1446.00
1529.00
1591.00
1663.00
1612.00
1584.00
1546.00
1519.00
1477.00
1469.00
1454.00
1436.00
1421.00
1436.00
1442.00
1441.00
1469.00
1502.00
1497.00
1518.00
1537.00
1521.00
1498.00
1478.00
1470.00
1476.00
1489.00
1502.00
1530.00
1540.00
1544.00
1539.00
1541.00
1550.00
1568.00
1576.00
1588.00
1601.00
1596.00
1587.00
1577.00
1581.00
1582.00
1570.00
1554.00
1533.00
1503.00
1495.00
1518.00
1547.00
1580.00
1596.00
1577.00
1539.00
1497.00
1459.00
1434.00
1435.00
1435.00
1432.00
1429.00
1425.00
1394.00
1361.00
1336.00
1304.00
1273.00
1265.00
1265.00
1261.00
1270.00
1283.00
1294.00
1316.00
1336.00
1351.00
1361.00
1374.00
1373.00
1381.00
1385.00
1388.00
1393.00
1400.00
1400.00
1395.00
1392.00
1386.00
1384.00
1376.00
1380.00
1389.00
1376.00
1357.00
1343.00
1330.00
1313.00
1307.00
1306.00
1294.00
1276.00
1273.00
1275.00
1275.00
1276.00
1266.00
1240.00
1202.00
1177.00
1160.00
1149.00
1141.00
1126.00
1101.00
1088.00
1087.00
1085.00
1106.00
1129.00
1139.00
1136.00
1137.00
1140.00
1140.00
1141.00
1144.00
1131.00
1115.00
1103.00
1087.00
1081.00
1086.00
1089.00
1088.00
1092.00
1087.00
1078.00
1075.00
1076.00
1086.00
1109.00
1130.00
1144.00
1158.00
1160.00
1157.00
1167.00
1172.00
1174.00
1167.00
1153.00
1133.00
1115.00
1092.00
1082.00
1075.00
1066.00
1063.00
1070.00
1074.00
1079.00
1085.00
1089.00
1087.00
1081.00
1073.00
1065.00
1057.00
1052.00
1050.00
1048.00
1046.00
1047.00
1048.00
1052.00
1056.00
1063.00
1069.00
1077.00
1086.00
1088.00
1090.00
1089.00
1080.00
1062.00
1052.00
1042.00
1035.00
1029.00
1030.00
1027.00
1022.00
1016.00
1010.00
1001.80
998.60
997.60
995.00
995.40
1000.60
1003.80
1003.80
1004.20
1005.80
1004.80
1003.80
1002.60
1002.60
1001.40
1000.40
1000.40
