2314.00
2346.00
2381.00
2428.00
2440.00
2443.00
2468.00
2488.00
2508.00
2553.00
2598.00
2638.00
2677.00
2696.00
2699.00
2701.00
2693.00
2696.00
2705.00
2717.00
2719.00
2709.00
2725.00
2737.00
2748.00
2765.00
2785.00
2775.00
2764.00
2756.00
2752.00
2745.00
2738.00
2732.00
2700.00
2669.00
2649.00
2632.00
2602.00
2590.00
2568.00
2540.00
2510.00
2519.00
2528.00
2545.00
2561.00
2584.00
2579.00
2569.00
2549.00
2522.00
2485.00
2452.00
2429.00
2420.00
2417.00
2423.00
2437.00
2454.00
2474.00
2494.00
2504.00
2515.00
2522.00
2527.00
2543.00
2562.00
2574.00
2587.00
2589.00
2577.00
2564.00
2548.00
2542.00
2535.00
2535.00
2539.00
2537.00
2523.00
2509.00
2501.00
2495.00
2499.00
2506.00
2553.00
2598.00
2633.00
2687.00
2747.00
2795.00
2840.00
2901.00
2936.00
2946.00
2927.00
2899.00
2879.00
2860.00
2859.00
2857.00
2852.00
2835.00
2835.00
2831.00
2835.00
2851.00
2844.00
2823.00
2820.00
2816.00
2801.00
2809.00
2815.00
2806.00
2803.00
2803.00
2799.00
2817.00
2825.00
2828.00
2834.00
2825.00
2793.00
2771.00
2759.00
2747.00
2745.00
2746.00
2729.00
2696.00
2669.00
2627.00
2575.00
2542.00
2506.00
2460.00
2413.00
2390.00
2368.00
2349.00
2335.00
2321.00
2284.00
2257.00
2248.00
2249.00
2264.00
2282.00
2286.00
2278.00
2272.00
2268.00
2269.00
2264.00
2262.00
2233.00
2205.00
2174.00
2151.00
2139.00
2154.00
2172.00
2200.00
2234.00
2260.00
2293.00
2328.00
2352.00
2384.00
2408.00
2408.00
2426.00
2456.00
2461.00
2460.00
2451.00
2422.00
2393.00
2373.00
2357.00
2372.00
2369.00
2349.00
2332.00
2321.00
2314.00
2317.00
2331.00
2343.00
2356.00
2346.00
2339.00
2332.00
2320.00
2311.00
2296.00
2285.00
2277.00
2269.00
2258.00
2251.00
2254.00
2255.00
2263.00
2271.00
2282.00
2281.00
2279.00
2278.00
2273.00
2268.00
2261.00
2249.00
2220.00
2193.00
2167.00
2149.00
2138.00
2144.00
2146.00
2145.00
2151.00
2156.00
2168.00
2186.00
2201.00
2208.00
2214.00
2221.00
2229.00
2242.00
2253.00
2265.00
2262.00
2256.00
2248.00
2237.00
2235.00
2236.00
2231.00
