2922.00
2870.00
2794.00
2680.00
2623.00
2589.00
2591.00
2609.00
2656.00
2665.00
2736.00
2771.00
2818.00
2847.00
2855.00
2849.00
2858.00
2851.00
2841.00
2837.00
2810.00
2780.00
2773.00
2785.00
2805.00
2799.00
2791.00
2770.00
2723.00
2670.00
2599.00
2536.00
2481.00
2437.00
2388.00
2402.00
2408.00
2390.00
2363.00
2366.00
2327.00
2305.00
2298.00
2320.00
2333.00
2374.00
2397.00
2423.00
2424.00
2437.00
2432.00
2443.00
2440.00
2443.00
2438.00
2459.00
2456.00
2471.00
2483.00
2488.00
2476.00
2475.00
2510.00
2535.00
2600.00
2663.00
2740.00
2748.00
2769.00
2760.00
2769.00
2786.00
2826.00
2853.00
2900.00
2932.00
2913.00
2903.00
2900.00
2895.00
2891.00
2888.00
2897.00
2913.00
2950.00
2994.00
3240.00
3471.00
3681.00
3815.00
3970.00
3914.00
3871.00
3834.00
3859.00
3829.00
3829.00
3839.00
3863.00
3878.00
3949.00
4053.00
4134.00
4214.00
4249.00
4259.00
4204.00
4158.00
4078.00
4013.00
3933.00
3886.00
3812.00
3767.00
3735.00
3688.00
3636.00
3610.00
3602.00
3569.00
3555.00
3539.00
3490.00
3429.00
3395.00
3375.00
3390.00
3411.00
3437.00
3491.00
3540.00
3562.00
3607.00
3591.00
3500.00
3391.00
3274.00
3103.00
3057.00
3065.00
3049.00
3056.00
3088.00
3040.00
3026.00
3070.00
3093.00
3145.00
3218.00
3284.00
3323.00
3381.00
3457.00
3534.00
3568.00
3588.00
3589.00
3579.00
3565.00
3546.00
3559.00
3573.00
3580.00
3587.00
3624.00
3720.00
3787.00
3860.00
3936.00
3968.00
3908.00
3902.00
3878.00
3844.00
3835.00
3847.00
3797.00
3700.00
3604.00
3483.00
3388.00
3335.00
3321.00
3319.00
3383.00
3419.00
3466.00
3595.00
3708.00
3794.00
3850.00
3883.00
3863.00
3827.00
3759.00
3748.00
3717.00
3684.00
3715.00
3767.00
3792.00
3866.00
3915.00
3909.00
3916.00
3911.00
3906.00
4152.00
4372.00
4641.00
4942.00
5207.00
4919.00
4584.00
4169.00
3738.00
3327.00
3252.00
3234.00
3221.00
3180.00
3132.00
3089.00
3049.00
2994.00
2981.00
2978.00
2959.00
2959.00
2994.00
3011.00
3021.00
3014.00
3065.00
3119.00
3148.00
3175.00
3187.00
3158.00
3141.00
3152.00
