23190.00
23210.00
23270.00
23330.00
23460.00
23840.00
24150.00
24440.00
24850.00
25240.00
25270.00
25190.00
25290.00
25180.00
25000.00
24900.00
24940.00
24970.00
24910.00
24860.00
24890.00
24920.00
24710.00
24840.00
24930.00
25090.00
25390.00
25690.00
25830.00
25980.00
25960.00
25780.00
25670.00
25600.00
25550.00
25850.00
26180.00
26410.00
26630.00
26870.00
26630.00
26460.00
26440.00
26460.00
26580.00
26880.00
27060.00
27130.00
27130.00
27030.00
26950.00
26730.00
26560.00
26300.00
26070.00
25860.00
25790.00
25820.00
25910.00
26060.00
26180.00
26420.00
26650.00
26950.00
27180.00
27340.00
27410.00
27410.00
27330.00
27250.00
27270.00
27240.00
27160.00
27060.00
26870.00
26800.00
26780.00
26770.00
26880.00
27050.00
27070.00
27020.00
27020.00
26890.00
26830.00
27430.00
28260.00
29620.00
30930.00
32140.00
32710.00
33190.00
33100.00
33000.00
32770.00
32680.00
32300.00
32000.00
31790.00
31740.00
32000.00
32690.00
33430.00
34170.00
34770.00
34870.00
35010.00
34940.00
34890.00
34980.00
35200.00
34870.00
34820.00
34750.00
34760.00
34430.00
34410.00
34300.00
34220.00
33840.00
33840.00
33820.00
33390.00
32960.00
32860.00
32770.00
32710.00
32780.00
32840.00
32750.00
32520.00
32220.00
31980.00
31720.00
31590.00
31390.00
31230.00
31100.00
31250.00
31340.00
31370.00
31240.00
31100.00
30680.00
30320.00
30180.00
30240.00
30260.00
30710.00
31010.00
31040.00
31210.00
31780.00
31910.00
31950.00
32040.00
31830.00
31430.00
31040.00
30870.00
30800.00
30840.00
30950.00
31110.00
31220.00
31340.00
31620.00
31710.00
31830.00
31840.00
31850.00
31820.00
31930.00
32030.00
32200.00
32410.00
32340.00
32260.00
32150.00
32090.00
32160.00
32350.00
32450.00
32500.00
32530.00
32470.00
32350.00
32350.00
32550.00
32780.00
32950.00
33270.00
33530.00
33550.00
33480.00
33590.00
33610.00
33480.00
33410.00
33420.00
33240.00
33150.00
33200.00
33280.00
33340.00
33380.00
33370.00
33300.00
33230.00
33430.00
33970.00
34580.00
35250.00
35860.00
35950.00
35670.00
35390.00
35110.00
34770.00
34690.00
34670.00
34480.00
34260.00
34230.00
34200.00
34200.00
34300.00
34490.00
34630.00
34830.00
34830.00
34840.00
34690.00
34550.00
34490.00
34580.00
34630.00
34810.00
34950.00
35070.00
35180.00
