3193.00
3374.00
3553.00
3740.00
3753.00
3769.00
3778.00
3759.00
3745.00
3753.00
3750.00
3796.00
3834.00
3830.00
3831.00
3796.00
3723.00
3661.00
3676.00
3684.00
3725.00
3730.00
3812.00
3843.00
3882.00
3878.00
3903.00
3853.00
3785.00
3713.00
3689.00
3649.00
3624.00
3629.00
3530.00
3420.00
3338.00
3237.00
3107.00
3088.00
3066.00
3035.00
3014.00
3030.00
3026.00
3040.00
3051.00
3066.00
3059.00
3071.00
3065.00
3049.00
3033.00
3023.00
3028.00
3048.00
3075.00
3117.00
3159.00
3188.00
3196.00
3204.00
3200.00
3208.00
3210.00
3227.00
3238.00
3242.00
3240.00
3242.00
3240.00
3240.00
3243.00
3233.00
3223.00
3204.00
3178.00
3159.00
3150.00
3124.00
3098.00
3063.00
3022.00
2975.00
2947.00
2944.00
2957.00
2968.00
2982.00
2991.00
2990.00
2977.00
2957.00
2930.00
2924.00
2903.00
2890.00
2891.00
2909.00
2918.00
2939.00
2972.00
3003.00
3030.00
3049.00
3066.00
3125.00
3173.00
3208.00
3270.00
3322.00
3312.00
3332.00
3358.00
3347.00
3328.00
3312.00
3291.00
3281.00
3243.00
3223.00
3212.00
3134.00
3043.00
3002.00
2982.00
2965.00
2982.00
3003.00
2999.00
2971.00
2953.00
2949.00
2944.00
2946.00
2939.00
2897.00
2820.00
2757.00
2721.00
2666.00
2636.00
2593.00
2521.00
2442.00
2422.00
2406.00
2446.00
2500.00
2550.00
2558.00
2578.00
2598.00
2628.00
2646.00
2672.00
2660.00
2645.00
2631.00
2618.00
2626.00
2653.00
2683.00
2697.00
2720.00
2723.00
2721.00
2735.00
2765.00
2807.00
2841.00
2888.00
2910.00
2925.00
2940.00
2953.00
2930.00
2905.00
2882.00
2828.00
2789.00
2782.00
2767.00
2720.00
2694.00
2665.00
2650.00
2654.00
2698.00
2732.00
2758.00
2767.00
2754.00
2735.00
2698.00
2678.00
2658.00
2654.00
2663.00
2679.00
2680.00
2684.00
2694.00
2699.00
2713.00
2741.00
2770.00
2789.00
2783.00
2775.00
2763.00
2746.00
2717.00
2687.00
2643.00
2599.00
2565.00
2551.00
2552.00
2570.00
2583.00
2585.00
2578.00
2561.00
2543.00
2529.00
2514.00
2499.00
2492.00
2510.00
2526.00
2542.00
2564.00
2588.00
2588.00
2591.00
2592.00
2580.00
2581.00
2576.00
2567.00
