4119.00
4149.00
4189.00
4223.00
4243.00
4287.00
4308.00
4327.00
4363.00
4377.00
4386.00
4401.00
4430.00
4431.00
4434.00
4444.00
4465.00
4489.00
4513.00
4581.00
4627.00
4666.00
4702.00
4730.00
4738.00
4742.00
4746.00
4726.00
4720.00
4701.00
4696.00
4685.00
4675.00
4663.00
4640.00
4658.00
4682.00
4710.00
4727.00
4731.00
4700.00
4686.00
4684.00
4693.00
4716.00
4754.00
4771.00
4783.00
4780.00
4796.00
4777.00
4769.00
4750.00
4751.00
4766.00
4860.00
4965.00
5065.00
5151.00
5224.00
5222.00
5214.00
5196.00
5170.00
5166.00
5174.00
5142.00
5142.00
5138.00
5098.00
5058.00
5056.00
5058.00
5088.00
5112.00
5148.00
5144.00
5144.00
5126.00
5114.00
5112.00
5122.00
5138.00
5156.00
5120.00
5076.00
5039.00
4964.00
4898.00
4885.00
4862.00
4829.00
4820.00
4785.00
4754.00
4715.00
4702.00
4684.00
4706.00
4735.00
4782.00
4851.00
4933.00
5002.00
5071.00
5134.00
5174.00
5206.00
5238.00
5280.00
5314.00
5364.00
5436.00
5470.00
5490.00
5516.00
5490.00
5454.00
5466.00
5422.00
5390.00
5380.00
5336.00
5280.00
5276.00
5268.00
5262.00
5268.00
5272.00
5270.00
5264.00
5278.00
5302.00
5326.00
5336.00
5334.00
5304.00
5248.00
5184.00
5140.00
5079.00
4992.00
4893.00
4815.00
4704.00
4644.00
4657.00
4675.00
4676.00
4703.00
4694.00
4668.00
4670.00
4687.00
4724.00
4755.00
4746.00
4776.00
4773.00
4745.00
4741.00
4775.00
4761.00
4777.00
4810.00
4826.00
4837.00
4863.00
4891.00
4939.00
4988.00
5038.00
5069.00
5098.00
5084.00
5074.00
5039.00
5013.00
4977.00
4981.00
4973.00
4962.00
4946.00
4931.00
4896.00
4856.00
4846.00
4851.00
4853.00
4860.00
4876.00
4865.00
4825.00
4790.00
4740.00
4716.00
4693.00
4692.00
4683.00
4655.00
4607.00
4578.00
4564.00
4543.00
4543.00
4535.00
4525.00
4487.00
4458.00
4432.00
4399.00
4368.00
4352.00
4336.00
4299.00
4275.00
4257.00
4260.00
4260.00
4284.00
4297.00
4302.00
4281.00
4262.00
4228.00
4117.00
3982.00
3872.00
3771.00
3687.00
3717.00
3771.00
3809.00
3836.00
3872.00
3887.00
3908.00
3929.00
3971.00
3966.00
3940.00
