71500.00
71020.00
70420.00
70260.00
71080.00
72400.00
72980.00
73340.00
73900.00
73880.00
73820.00
74860.00
76140.00
77720.00
78040.00
78060.00
77540.00
77280.00
76420.00
76460.00
76020.00
75260.00
74520.00
74140.00
73880.00
74520.00
75820.00
76980.00
78440.00
79820.00
80900.00
81820.00
83260.00
83840.00
83760.00
84080.00
84020.00
82960.00
82900.00
83440.00
83460.00
83560.00
84200.00
83820.00
84340.00
86280.00
88200.00
90500.00
92400.00
93680.00
93320.00
93500.00
93260.00
93540.00
93880.00
94640.00
94380.00
94140.00
94880.00
95360.00
95880.00
97900.00
100220.00
101820.00
103260.00
104500.00
104900.00
104500.00
104000.00
103800.00
103500.00
103500.00
103600.00
104400.00
105100.00
106900.00
108900.00
111200.00
112500.00
113300.00
112800.00
110700.00
109600.00
107200.00
106000.00
104200.00
103020.00
100740.00
99940.00
98340.00
98180.00
97180.00
96200.00
95160.00
94140.00
92920.00
92440.00
92820.00
93320.00
92980.00
92960.00
93420.00
93320.00
93220.00
94300.00
94560.00
94900.00
95460.00
96260.00
97640.00
99080.00
99380.00
99160.00
98340.00
96620.00
95820.00
95880.00
96460.00
96160.00
95660.00
93860.00
92460.00
90000.00
88540.00
86940.00
85940.00
84420.00
84160.00
84040.00
83900.00
83480.00
83500.00
83140.00
82980.00
82940.00
83280.00
83440.00
82720.00
81500.00
80640.00
80000.00
79620.00
79460.00
78920.00
78120.00
77760.00
77320.00
77240.00
77500.00
77780.00
76860.00
76100.00
76040.00
76640.00
77460.00
78440.00
78620.00
78080.00
77420.00
77300.00
77280.00
77780.00
79360.00
81000.00
81720.00
82500.00
83780.00
84160.00
84640.00
85340.00
85940.00
86080.00
86200.00
85840.00
85280.00
85160.00
84720.00
84660.00
85020.00
85480.00
84960.00
84420.00
83260.00
81940.00
80860.00
80020.00
79580.00
79440.00
79220.00
78620.00
78580.00
78320.00
77960.00
77800.00
78140.00
78320.00
78800.00
78580.00
77940.00
77720.00
77420.00
77260.00
78100.00
79020.00
80040.00
81120.00
81880.00
82240.00
82700.00
82400.00
82420.00
82480.00
82380.00
82260.00
81720.00
81120.00
80760.00
80820.00
81020.00
82020.00
82960.00
83380.00
83720.00
83600.00
82860.00
82180.00
81620.00
81160.00
81540.00
82200.00
83020.00
83900.00
84700.00
85120.00
85460.00
85600.00
85840.00
85560.00
85160.00
85500.00
86440.00
