2764.00
2736.00
2724.00
2708.00
2682.00
2690.00
2698.00
2697.00
2700.00
2709.00
2693.00
2677.00
2672.00
2677.00
2680.00
2686.00
2694.00
2716.00
2719.00
2744.00
2769.00
2799.00
2800.00
2803.00
2788.00
2781.00
2775.00
2762.00
2743.00
2728.00
2715.00
2692.00
2689.00
2697.00
2671.00
2659.00
2653.00
2665.00
2665.00
2693.00
2708.00
2740.00
2759.00
2792.00
2805.00
2828.00
2831.00
2825.00
2798.00
2788.00
2750.00
2702.00
2645.00
2598.00
2559.00
2542.00
2537.00
2549.00
2566.00
2576.00
2578.00
2578.00
2587.00
2607.00
2626.00
2641.00
2651.00
2649.00
2651.00
2647.00
2653.00
2668.00
2691.00
2731.00
2747.00
2769.00
2780.00
2792.00
2887.00
3046.00
3164.00
3261.00
3341.00
3304.00
3241.00
3217.00
3255.00
3275.00
3263.00
3246.00
3192.00
3084.00
3007.00
2969.00
2929.00
2917.00
2947.00
2971.00
2984.00
3017.00
3061.00
3081.00
3108.00
3136.00
3120.00
3106.00
3097.00
3107.00
3106.00
3135.00
3173.00
3186.00
3170.00
3148.00
3115.00
3057.00
3003.00
2949.00
2926.00
2877.00
2841.00
2825.00
2774.00
2702.00
2675.00
2638.00
2611.00
2605.00
2613.00
2584.00
2564.00
2546.00
2569.00
2567.00
2583.00
2583.00
2554.00
2459.00
2402.00
2370.00
2332.00
2314.00
2294.00
2252.00
2204.00
2181.00
2169.00
2203.00
2247.00
2280.00
2290.00
2289.00
2303.00
2332.00
2351.00
2374.00
2369.00
2354.00
2326.00
2306.00
2310.00
2340.00
2376.00
2406.00
2436.00
2446.00
2448.00
2437.00
2434.00
2431.00
2434.00
2445.00
2469.00
2483.00
2492.00
2511.00
2508.00
2486.00
2453.00
2423.00
2385.00
2359.00
2336.00
2308.00
2285.00
2252.00
2234.00
2225.00
2235.00
2242.00
2250.00
2254.00
2245.00
2233.00
2206.00
2184.00
2155.00
2146.00
2136.00
2134.00
2129.00
2129.00
2126.00
2138.00
2154.00
2170.00
2186.00
2200.00
2199.00
2203.00
2218.00
2228.00
2226.00
2215.00
2184.00
2140.00
2112.00
2091.00
2075.00
2074.00
2078.00
2063.00
2041.00
2018.00
1981.00
1953.00
1939.00
1928.00
1925.00
1941.00
1953.00
1962.00
1969.00
1982.00
1990.00
1990.00
1982.00
1975.00
1962.00
1965.00
1979.00
