1497.00
1526.00
1545.00
1590.00
1628.00
1661.00
1705.00
1738.00
1761.00
1765.00
1751.00
1725.00
1722.00
1718.00
1727.00
1722.00
1726.00
1718.00
1735.00
1755.00
1807.00
1841.00
1886.00
1892.00
1886.00
1863.00
1849.00
1829.00
1802.00
1774.00
1751.00
1727.00
1710.00
1702.00
1652.00
1589.00
1541.00
1480.00
1415.00
1401.00
1388.00
1374.00
1365.00
1371.00
1357.00
1355.00
1347.00
1340.00
1321.00
1323.00
1321.00
1317.00
1312.00
1308.00
1315.00
1322.00
1327.00
1344.00
1366.00
1381.00
1390.00
1404.00
1404.00
1404.00
1393.00
1393.00
1396.00
1405.00
1417.00
1440.00
1452.00
1450.00
1458.00
1453.00
1428.00
1400.00
1378.00
1347.00
1327.00
1318.00
1313.00
1301.00
1281.00
1255.00
1231.00
1217.00
1212.00
1218.00
1217.00
1219.00
1220.00
1214.00
1197.00
1192.00
1195.00
1186.00
1182.00
1183.00
1183.00
1177.00
1179.00
1187.00
1198.00
1215.00
1233.00
1250.00
1265.00
1276.00
1292.00
1317.00
1341.00
1362.00
1426.00
1482.00
1539.00
1578.00
1604.00
1594.00
1564.00
1514.00
1476.00
1458.00
1418.00
1389.00
1368.00
1360.00
1344.00
1335.00
1328.00
1310.00
1285.00
1266.00
1255.00
1244.00
1235.00
1224.00
1204.00
1170.00
1150.00
1139.00
1124.00
1112.00
1099.00
1080.00
1065.00
1065.00
1068.00
1091.00
1106.00
1118.00
1116.00
1120.00
1124.00
1135.00
1141.00
1147.00
1139.00
1127.00
1113.00
1101.00
1102.00
1109.00
1118.00
1127.00
1141.00
1144.00
1144.00
1159.00
1176.00
1208.00
1240.00
1279.00
1301.00
1322.00
1336.00
1346.00
1336.00
1330.00
1324.00
1300.00
1281.00
1281.00
1272.00
1241.00
1217.00
1192.00
1169.00
1159.00
1166.00
1167.00
1169.00
1169.00
1156.00
1146.00
1134.00
1124.00
1109.00
1097.00
1088.00
1079.00
1070.00
1066.00
1068.00
1072.00
1087.00
1099.00
1113.00
1120.00
1132.00
1133.00
1134.00
1137.00
1141.00
1131.00
1120.00
1111.00
1098.00
1092.00
1092.00
1095.00
1096.00
1092.00
1085.00
1069.00
1054.00
1042.00
1033.00
1024.00
1024.00
1030.00
1038.00
1046.00
1050.00
1053.00
1053.00
1051.00
1045.00
1041.00
1036.00
1033.00
1031.00
