2910.00
2971.00
3007.00
3104.00
3234.00
3366.00
3527.00
3711.00
3820.00
3874.00
3908.00
3885.00
3854.00
3818.00
3782.00
3742.00
3686.00
3631.00
3650.00
3725.00
3841.00
3947.00
4129.00
4257.00
4351.00
4369.00
4375.00
4325.00
4289.00
4218.00
4160.00
4113.00
4119.00
4121.00
4025.00
3945.00
3886.00
3742.00
3541.00
3468.00
3432.00
3385.00
3341.00
3370.00
3363.00
3342.00
3318.00
3290.00
3231.00
3202.00
3160.00
3143.00
3169.00
3174.00
3212.00
3325.00
3395.00
3452.00
3516.00
3580.00
3555.00
3532.00
3554.00
3588.00
3598.00
3653.00
3702.00
3694.00
3666.00
3647.00
3679.00
3694.00
3690.00
3672.00
3639.00
3538.00
3469.00
3430.00
3416.00
3398.00
3369.00
3318.00
3263.00
3213.00
3169.00
3175.00
3209.00
3251.00
3287.00
3326.00
3329.00
3302.00
3262.00
3219.00
3203.00
3158.00
3140.00
3149.00
3159.00
3161.00
3192.00
3230.00
3260.00
3317.00
3357.00
3400.00
3443.00
3469.00
3467.00
3490.00
3496.00
3487.00
3510.00
3515.00
3490.00
3475.00
3468.00
3445.00
3463.00
3477.00
3473.00
3467.00
3405.00
3327.00
3266.00
3229.00
3200.00
3204.00
3207.00
3189.00
3160.00
3138.00
3130.00
3132.00
3130.00
3121.00
3072.00
2979.00
2900.00
2848.00
2806.00
2803.00
2807.00
2771.00
2748.00
2742.00
2741.00
2778.00
2871.00
2948.00
2996.00
3034.00
3068.00
3070.00
3057.00
3036.00
2988.00
2943.00
2907.00
2878.00
2874.00
2888.00
2910.00
2923.00
2945.00
2952.00
2957.00
2967.00
2998.00
3066.00
3124.00
3202.00
3273.00
3314.00
3333.00
3366.00
3355.00
3323.00
3295.00
3245.00
3193.00
3164.00
3139.00
3096.00
3070.00
3040.00
2995.00
2970.00
2978.00
2969.00
2978.00
3005.00
3003.00
2999.00
2982.00
2963.00
2924.00
2900.00
2874.00
2857.00
2832.00
2835.00
2845.00
2851.00
2873.00
2898.00
2915.00
2937.00
2947.00
2942.00
2944.00
2946.00
2919.00
2894.00
2862.00
2833.00
2804.00
2799.00
2802.00
2813.00
2809.00
2802.00
2784.00
2760.00
2728.00
2711.00
2705.00
2699.00
2701.00
2717.00
2727.00
2726.00
2736.00
2757.00
2776.00
2783.00
2796.00
2803.00
2800.00
2787.00
2781.00
