94920.00
94660.00
95300.00
96520.00
96240.00
97040.00
96500.00
95780.00
95080.00
95720.00
95340.00
95420.00
96500.00
99480.00
101220.00
104880.00
108000.00
109800.00
110000.00
110700.00
109200.00
108200.00
109200.00
110200.00
111100.00
112000.00
113100.00
112800.00
112100.00
110900.00
110600.00
109900.00
109500.00
109500.00
109300.00
108900.00
107700.00
106100.00
104000.00
102520.00
101120.00
100820.00
100620.00
100420.00
100440.00
100440.00
100140.00
100040.00
100440.00
101000.00
100940.00
100580.00
101280.00
101280.00
101680.00
103240.00
105100.00
106600.00
108800.00
110400.00
110600.00
111200.00
111100.00
110800.00
111100.00
111900.00
112200.00
113600.00
114100.00
114300.00
115000.00
115400.00
114100.00
113300.00
111700.00
109600.00
108500.00
107800.00
106500.00
105500.00
104900.00
103200.00
101560.00
100120.00
99380.00
99180.00
98840.00
98520.00
98340.00
98380.00
97580.00
97280.00
96920.00
96980.00
96660.00
96540.00
96360.00
96220.00
96360.00
96440.00
96340.00
96260.00
96320.00
96240.00
96100.00
95980.00
95700.00
95280.00
94640.00
94560.00
95000.00
95380.00
95800.00
96060.00
95680.00
95660.00
96020.00
96900.00
97600.00
97840.00
97600.00
96760.00
94900.00
93320.00
92240.00
91020.00
90780.00
91060.00
92180.00
93000.00
93620.00
94460.00
95440.00
95500.00
95520.00
94980.00
93920.00
92600.00
91620.00
91160.00
91460.00
91820.00
91960.00
91280.00
89900.00
88420.00
87040.00
86600.00
86560.00
87900.00
89320.00
90360.00
90960.00
91780.00
91260.00
90480.00
89120.00
88200.00
87380.00
86880.00
87040.00
88120.00
88760.00
89780.00
92080.00
93700.00
95100.00
96500.00
97440.00
97080.00
96980.00
97000.00
97720.00
98540.00
99860.00
101020.00
101460.00
101360.00
101160.00
101160.00
101860.00
103000.00
104100.00
105300.00
106800.00
108100.00
109500.00
110300.00
111100.00
111500.00
111100.00
110600.00
111100.00
111800.00
111600.00
112100.00
113200.00
114100.00
114700.00
115300.00
115300.00
115100.00
114500.00
114100.00
114200.00
114400.00
114800.00
113900.00
113100.00
112100.00
111800.00
111200.00
111600.00
111400.00
110900.00
110000.00
109600.00
109800.00
110200.00
111100.00
111700.00
111900.00
112100.00
112000.00
112600.00
113500.00
114600.00
115500.00
116900.00
117900.00
119300.00
120200.00
120500.00
120500.00
120200.00
119600.00
119100.00
119400.00
120300.00
121700.00
122800.00
