2391.00
2395.00
2411.00
2466.00
2532.00
2610.00
2672.00
2736.00
2777.00
2800.00
2808.00
2822.00
2835.00
2840.00
2830.00
2826.00
2818.00
2826.00
2839.00
2863.00
2885.00
2906.00
2902.00
2894.00
2888.00
2877.00
2864.00
2851.00
2839.00
2826.00
2815.00
2820.00
2827.00
2814.00
2786.00
2769.00
2735.00
2712.00
2707.00
2720.00
2729.00
2724.00
2721.00
2715.00
2704.00
2702.00
2720.00
2721.00
2701.00
2670.00
2632.00
2588.00
2558.00
2536.00
2534.00
2534.00
2550.00
2570.00
2592.00
2618.00
2652.00
2674.00
2688.00
2711.00
2721.00
2725.00
2723.00
2718.00
2703.00
2701.00
2700.00
2694.00
2683.00
2684.00
2662.00
2635.00
2611.00
2611.00
2616.00
2626.00
2627.00
2625.00
2607.00
2572.00
2553.00
2565.00
2595.00
2626.00
2650.00
2691.00
2708.00
2718.00
2719.00
2730.00
2747.00
2751.00
2829.00
2906.00
3008.00
3108.00
3219.00
3223.00
3269.00
3311.00
3311.00
3339.00
3376.00
3362.00
3325.00
3314.00
3259.00
3217.00
3217.00
3209.00
3181.00
3183.00
3184.00
3179.00
3207.00
3218.00
3189.00
3164.00
3103.00
3037.00
2988.00
2975.00
2961.00
2959.00
2954.00
2936.00
2897.00
2873.00
2852.00
2822.00
2812.00
2813.00
2801.00
2761.00
2729.00
2698.00
2669.00
2637.00
2607.00
2561.00
2535.00
2535.00
2543.00
2583.00
2651.00
2705.00
2748.00
2778.00
2808.00
2816.00
2816.00
2805.00
2768.00
2732.00
2701.00
2664.00
2631.00
2636.00
2661.00
2683.00
2725.00
2768.00
2803.00
2815.00
2839.00
2885.00
2948.00
3017.00
3116.00
3230.00
3327.00
3472.00
3613.00
3723.00
3785.00
3841.00
3796.00
3764.00
3729.00
3694.00
3666.00
3658.00
3646.00
3634.00
3636.00
3607.00
3565.00
3520.00
3456.00
3389.00
3313.00
3270.00
3212.00
3202.00
3201.00
3224.00
3238.00
3260.00
3264.00
3260.00
3252.00
3216.00
3197.00
3168.00
3129.00
3067.00
3074.00
3087.00
3129.00
3140.00
3150.00
3111.00
3080.00
3033.00
3025.00
3035.00
3046.00
3038.00
3011.00
2986.00
2955.00
2932.00
2905.00
2892.00
2880.00
2877.00
2870.00
2866.00
2861.00
2861.00
2865.00
2889.00
2898.00
2895.00
2904.00
2917.00
2914.00
