3906.00
3955.00
3998.00
4046.00
4080.00
4072.00
4095.00
4107.00
4089.00
4086.00
4094.00
4110.00
4110.00
4145.00
4166.00
4167.00
4161.00
4174.00
4294.00
4417.00
4540.00
4635.00
4727.00
4682.00
4661.00
4645.00
4634.00
4628.00
4609.00
4597.00
4591.00
4589.00
4545.00
4542.00
4459.00
4413.00
4393.00
4426.00
4438.00
4504.00
4529.00
4549.00
4571.00
4599.00
4617.00
4647.00
4661.00
4660.00
4659.00
4671.00
4680.00
4691.00
4782.00
4953.00
5141.00
5323.00
5520.00
5652.00
5734.00
5810.00
5888.00
5948.00
5984.00
5984.00
5964.00
5966.00
6018.00
6084.00
6154.00
6252.00
6412.00
6558.00
6704.00
6872.00
7080.00
7202.00
7296.00
7390.00
7512.00
7588.00
7666.00
7640.00
7588.00
7348.00
7182.00
7090.00
7062.00
7082.00
7236.00
7300.00
7252.00
7164.00
7112.00
7086.00
7100.00
7324.00
7580.00
7776.00
7918.00
7984.00
7968.00
8018.00
8064.00
8140.00
8252.00
8210.00
8144.00
8052.00
7922.00
7776.00
7680.00
7592.00
7526.00
7528.00
7572.00
7590.00
7612.00
7678.00
7738.00
7802.00
7876.00
7900.00
7870.00
7818.00
7734.00
7660.00
7632.00
7612.00
7524.00
7402.00
7264.00
7104.00
6952.00
6870.00
6778.00
6710.00
6656.00
6570.00
6578.00
6758.00
6954.00
7184.00
7902.00
8288.00
8692.00
9292.00
9724.00
9612.00
9658.00
9638.00
9466.00
9548.00
9664.00
10138.00
10488.00
10780.00
10830.00
11280.00
11630.00
11900.00
12250.00
12750.00
12910.00
12980.00
13070.00
13170.00
13120.00
13090.00
13390.00
13710.00
13780.00
13890.00
14760.00
14920.00
15270.00
15950.00
17150.00
17050.00
17410.00
17430.00
16810.00
15440.00
14670.00
13510.00
12520.00
11870.00
11640.00
11370.00
11650.00
12030.00
12430.00
12600.00
13440.00
14030.00
14700.00
14960.00
15330.00
15020.00
14810.00
14630.00
15060.00
15330.00
15790.00
16110.00
16260.00
16300.00
16440.00
16350.00
16120.00
15800.00
15510.00
15300.00
15050.00
14820.00
14590.00
14300.00
14290.00
14420.00
14880.00
15640.00
16540.00
17080.00
17290.00
17520.00
17570.00
17270.00
17070.00
17120.00
17200.00
16850.00
16880.00
16890.00
16860.00
16470.00
16310.00
16120.00
15880.00
15760.00
15620.00
15780.00
15650.00
