6692.00
6728.00
6764.00
6800.00
6820.00
6884.00
6902.00
6948.00
7000.00
7042.00
7088.00
7150.00
7220.00
7260.00
7320.00
7334.00
7332.00
7318.00
7302.00
7284.00
7290.00
7286.00
7274.00
7284.00
7304.00
7316.00
7338.00
7358.00
7364.00
7356.00
7330.00
7316.00
7296.00
7314.00
7296.00
7346.00
7394.00
7442.00
7456.00
7482.00
7456.00
7442.00
7428.00
7428.00
7456.00
7492.00
7492.00
7496.00
7470.00
7432.00
7348.00
7280.00
7198.00
7106.00
7032.00
7010.00
6980.00
6978.00
6998.00
7000.00
7000.00
7016.00
7048.00
7100.00
7156.00
7202.00
7224.00
7222.00
7206.00
7182.00
7156.00
7148.00
7148.00
7128.00
7108.00
7168.00
7214.00
7240.00
7296.00
7348.00
7306.00
7238.00
7164.00
7050.00
6950.00
6894.00
6914.00
6944.00
6980.00
6992.00
6976.00
6914.00
6834.00
6792.00
6842.00
6864.00
6892.00
6928.00
6958.00
6944.00
6956.00
6984.00
7032.00
7082.00
7112.00
7168.00
7202.00
7236.00
7248.00
7244.00
7232.00
7250.00
7574.00
7774.00
7948.00
8058.00
8086.00
7800.00
7684.00
7578.00
7546.00
7582.00
7536.00
7432.00
7376.00
7306.00
7230.00
7206.00
7208.00
7228.00
7212.00
7232.00
7274.00
7288.00
7256.00
7228.00
7138.00
7006.00
6920.00
6846.00
6782.00
6746.00
6680.00
6546.00
6424.00
6346.00
6262.00
6288.00
6368.00
6436.00
6500.00
6584.00
6686.00
6822.00
6952.00
7066.00
7126.00
7120.00
7106.00
7094.00
7070.00
7082.00
7120.00
7112.00
7116.00
7106.00
7098.00
7086.00
7094.00
7098.00
7144.00
7182.00
7182.00
7176.00
7174.00
7130.00
7076.00
7048.00
7006.00
6928.00
6898.00
6852.00
6804.00
6778.00
6808.00
6784.00
6796.00
6830.00
6856.00
6860.00
6878.00
6902.00
6904.00
6908.00
6906.00
6896.00
6874.00
6880.00
6880.00
6872.00
6878.00
6908.00
6974.00
7046.00
7128.00
7198.00
7248.00
7244.00
7234.00
7218.00
7192.00
7186.00
7186.00
7150.00
7090.00
7044.00
6990.00
6946.00
6936.00
6948.00
6938.00
6912.00
6860.00
6804.00
6734.00
6700.00
6666.00
6652.00
6646.00
6642.00
6628.00
6604.00
6574.00
6542.00
6536.00
6552.00
6572.00
6568.00
6584.00
6594.00
6592.00
