3687.00
3693.00
3712.00
3719.00
3749.00
3792.00
3828.00
3850.00
3884.00
3918.00
3945.00
3985.00
4052.00
4100.00
4116.00
4124.00
4127.00
4123.00
4117.00
4130.00
4146.00
4152.00
4152.00
4159.00
4166.00
4172.00
4189.00
4199.00
4198.00
4196.00
4212.00
4232.00
4241.00
4257.00
4263.00
4283.00
4288.00
4332.00
4333.00
4351.00
4399.00
4478.00
4538.00
4657.00
4795.00
4871.00
4931.00
4966.00
4994.00
5008.00
5020.00
5030.00
5050.00
5048.00
5024.00
5014.00
5040.00
5064.00
5114.00
5164.00
5228.00
5258.00
5300.00
5338.00
5420.00
5454.00
5444.00
5524.00
5540.00
5510.00
5598.00
5726.00
5748.00
5806.00
5882.00
5874.00
5860.00
5852.00
5868.00
5844.00
5782.00
5682.00
5572.00
5470.00
5400.00
5376.00
5334.00
5269.00
5169.00
5077.00
4946.00
4856.00
4787.00
4733.00
4675.00
4602.00
4563.00
4539.00
4516.00
4494.00
4505.00
4507.00
4509.00
4523.00
4555.00
4591.00
4621.00
4629.00
4622.00
4598.00
4575.00
4551.00
4532.00
4512.00
4454.00
4393.00
4339.00
4296.00
4256.00
4244.00
4229.00
4210.00
4172.00
4125.00
4093.00
4081.00
4067.00
4069.00
4087.00
4078.00
4056.00
4044.00
4036.00
4031.00
4039.00
4019.00
3973.00
3881.00
3818.00
3779.00
3772.00
3766.00
3774.00
3715.00
3651.00
3599.00
3574.00
3589.00
3644.00
3713.00
3774.00
3818.00
3867.00
3926.00
3958.00
3964.00
3934.00
3917.00
3894.00
3871.00
3873.00
3916.00
3929.00
3937.00
3955.00
3995.00
4018.00
4049.00
4082.00
4106.00
4101.00
4156.00
4201.00
4248.00
4292.00
4346.00
4351.00
4377.00
4404.00
4416.00
4422.00
4412.00
4377.00
4306.00
4249.00
4186.00
4140.00
4117.00
4151.00
4243.00
4336.00
4415.00
4480.00
4526.00
4491.00
4449.00
4431.00
4429.00
4431.00
4441.00
4473.00
4494.00
4501.00
4495.00
4504.00
4494.00
4481.00
4463.00
4445.00
4417.00
4419.00
4424.00
4426.00
4425.00
4413.00
4363.00
4322.00
4299.00
4287.00
4296.00
4312.00
4350.00
4372.00
4367.00
4373.00
4400.00
4419.00
4441.00
4493.00
4534.00
4650.00
4743.00
4837.00
4934.00
5045.00
5053.00
5008.00
4966.00
4917.00
4855.00
4805.00
