21230.00
21290.00
21400.00
21590.00
21660.00
21990.00
22090.00
22000.00
22080.00
22740.00
22980.00
23340.00
23730.00
24160.00
24100.00
24460.00
24600.00
24730.00
24600.00
24510.00
24210.00
23920.00
23810.00
23800.00
23800.00
23690.00
23620.00
23450.00
23250.00
22910.00
22740.00
22740.00
22700.00
22650.00
22470.00
22380.00
22070.00
21810.00
21520.00
21360.00
21060.00
21000.00
20840.00
20780.00
20730.00
20780.00
20680.00
20620.00
20550.00
20530.00
20350.00
20140.00
20090.00
19780.00
19520.00
19440.00
19370.00
19350.00
19510.00
19630.00
19680.00
19850.00
19900.00
19960.00
20220.00
20380.00
20370.00
20470.00
20430.00
20210.00
20080.00
19960.00
19660.00
19510.00
19290.00
19100.00
18980.00
18930.00
18870.00
18810.00
18690.00
18360.00
18030.00
17600.00
17270.00
17170.00
17170.00
17130.00
17100.00
17060.00
16870.00
16830.00
16680.00
16590.00
16550.00
16440.00
16310.00
16320.00
16420.00
16610.00
16870.00
17130.00
17340.00
17490.00
17470.00
17460.00
17380.00
17320.00
17240.00
17240.00
17260.00
17270.00
17280.00
17320.00
17270.00
17160.00
17000.00
16860.00
16710.00
16580.00
16390.00
16240.00
15840.00
15350.00
14910.00
14560.00
14440.00
14450.00
15420.00
16770.00
18130.00
18980.00
20010.00
19950.00
19280.00
18640.00
18560.00
18120.00
17930.00
17990.00
17630.00
17170.00
16570.00
15800.00
15040.00
14780.00
14390.00
14500.00
14740.00
15050.00
15230.00
15380.00
15590.00
15790.00
15780.00
15700.00
15540.00
15270.00
15090.00
14900.00
14900.00
15030.00
15190.00
15360.00
15730.00
15870.00
15880.00
15890.00
15850.00
15760.00
15770.00
15850.00
16040.00
16170.00
16180.00
16260.00
16230.00
16060.00
15870.00
15790.00
15650.00
15570.00
15410.00
15320.00
15230.00
15150.00
15120.00
15180.00
15270.00
15330.00
15390.00
15440.00
15410.00
15330.00
15160.00
14920.00
14770.00
14720.00
14640.00
14580.00
14560.00
14490.00
14440.00
14430.00
14480.00
14500.00
14580.00
14560.00
14500.00
14390.00
14330.00
14240.00
14140.00
14020.00
13810.00
13610.00
13480.00
13430.00
13400.00
13500.00
13550.00
13520.00
13470.00
13390.00
13320.00
13380.00
13580.00
13770.00
14040.00
14320.00
14510.00
14550.00
14590.00
14610.00
14550.00
14550.00
14520.00
14500.00
14470.00
14630.00
14780.00
