33670.00
33400.00
33760.00
33460.00
33160.00
32930.00
32840.00
32460.00
32300.00
32040.00
31820.00
31420.00
31340.00
31340.00
31700.00
32010.00
32590.00
33280.00
34080.00
34830.00
35710.00
36620.00
36980.00
37300.00
37380.00
37330.00
37090.00
37370.00
37310.00
37430.00
37380.00
37280.00
36910.00
37030.00
36980.00
37550.00
37940.00
38250.00
37850.00
37600.00
36950.00
36520.00
36550.00
36870.00
37030.00
37130.00
36940.00
36590.00
35830.00
35320.00
34540.00
34280.00
33870.00
33820.00
33790.00
34010.00
33990.00
34400.00
34810.00
34850.00
34810.00
34740.00
34390.00
34210.00
34250.00
34250.00
34210.00
33960.00
33490.00
33120.00
32980.00
32800.00
32620.00
32500.00
32290.00
32130.00
32080.00
32170.00
32400.00
32460.00
32230.00
31680.00
31250.00
30550.00
30030.00
29780.00
29720.00
29360.00
29020.00
28770.00
28470.00
28080.00
28030.00
28150.00
28260.00
27820.00
27690.00
27480.00
27250.00
26920.00
27020.00
27120.00
27100.00
27220.00
27220.00
27280.00
27070.00
26690.00
26360.00
26180.00
26200.00
26360.00
26650.00
26770.00
27000.00
26810.00
26340.00
26160.00
26190.00
26070.00
26040.00
26650.00
27090.00
27060.00
27230.00
27510.00
27400.00
27140.00
27300.00
27230.00
27100.00
27130.00
27310.00
27510.00
27660.00
27660.00
27400.00
26890.00
26420.00
26160.00
26280.00
26470.00
26310.00
25800.00
24960.00
24130.00
23510.00
23480.00
23740.00
24220.00
24610.00
24950.00
25290.00
25600.00
25860.00
25950.00
25770.00
25510.00
25520.00
25620.00
25800.00
26240.00
26740.00
27040.00
27240.00
27430.00
27660.00
27620.00
27750.00
28040.00
28310.00
28370.00
28640.00
28660.00
28410.00
28100.00
27740.00
27460.00
27090.00
26770.00
26840.00
26990.00
27030.00
27780.00
28880.00
29840.00
30670.00
31600.00
31900.00
32180.00
32100.00
32200.00
32840.00
33430.00
33740.00
34030.00
34310.00
33760.00
33520.00
33190.00
33130.00
33080.00
33220.00
33140.00
33000.00
32900.00
32690.00
32630.00
32430.00
32250.00
32290.00
32440.00
32460.00
32440.00
32590.00
32520.00
32560.00
32810.00
33150.00
33390.00
33640.00
33950.00
34100.00
34120.00
34540.00
34850.00
34890.00
35020.00
35230.00
35180.00
35160.00
35100.00
34940.00
34830.00
34670.00
34430.00
34500.00
34390.00
34160.00
34310.00
34750.00
