5632.00
5614.00
5676.00
5744.00
5806.00
5850.00
5852.00
5852.00
5838.00
5828.00
5798.00
5782.00
5818.00
5856.00
5900.00
5956.00
5994.00
5998.00
5990.00
6060.00
6112.00
6138.00
6154.00
6212.00
6148.00
6112.00
6134.00
6198.00
6234.00
6292.00
6334.00
6462.00
6534.00
6652.00
6698.00
6796.00
6744.00
6728.00
6632.00
6548.00
6456.00
6392.00
6324.00
6324.00
6332.00
6314.00
6282.00
6204.00
6070.00
5970.00
5842.00
5750.00
5696.00
5668.00
5650.00
5698.00
5736.00
5788.00
5840.00
5884.00
5904.00
5920.00
5948.00
5996.00
6056.00
6120.00
6188.00
6238.00
6240.00
6224.00
6298.00
6324.00
6312.00
6314.00
6292.00
6172.00
6114.00
6094.00
6088.00
6094.00
6088.00
6014.00
5918.00
5790.00
5704.00
5626.00
5566.00
5488.00
5430.00
5334.00
5238.00
5178.00
5126.00
5098.00
5092.00
5066.00
5019.00
5023.00
5039.00
5053.00
5109.00
5182.00
5264.00
5332.00
5398.00
5442.00
5460.00
5446.00
5416.00
5394.00
5376.00
5378.00
5356.00
5332.00
5290.00
5236.00
5192.00
5174.00
5164.00
5160.00
5168.00
5162.00
5108.00
5035.00
4993.00
4969.00
4971.00
5005.00
5070.00
5079.00
5051.00
5015.00
4982.00
4923.00
4877.00
4826.00
4754.00
4636.00
4546.00
4462.00
4389.00
4333.00
4299.00
4220.00
4161.00
4136.00
4113.00
4130.00
4177.00
4214.00
4205.00
4218.00
4282.00
4334.00
4361.00
4432.00
4443.00
4420.00
4422.00
4440.00
4447.00
4484.00
4486.00
4481.00
4496.00
4499.00
4493.00
4517.00
4537.00
4551.00
4569.00
4618.00
4639.00
4658.00
4672.00
4677.00
4691.00
4685.00
4656.00
4618.00
4584.00
4525.00
4467.00
4415.00
4382.00
4350.00
4319.00
4331.00
4363.00
4386.00
4407.00
4435.00
4491.00
4525.00
4544.00
4574.00
4587.00
4550.00
4534.00
4513.00
4489.00
4487.00
4503.00
4533.00
4518.00
4508.00
4494.00
4467.00
4471.00
4546.00
4630.00
4666.00
4686.00
4635.00
4552.00
4436.00
4372.00
4324.00
4311.00
4318.00
4327.00
4322.00
4303.00
4262.00
4229.00
4207.00
4184.00
4175.00
4180.00
4188.00
4197.00
4209.00
4219.00
4242.00
4260.00
4284.00
4299.00
4318.00
4337.00
4334.00
4310.00
