19400.00
19480.00
19720.00
20150.00
20550.00
20980.00
21240.00
21500.00
21510.00
21550.00
21490.00
21450.00
21360.00
21360.00
21410.00
21540.00
21800.00
22080.00
22240.00
22380.00
22380.00
22200.00
21980.00
21940.00
21770.00
21630.00
21620.00
21710.00
21940.00
22240.00
22620.00
22980.00
23300.00
23420.00
23430.00
23530.00
23480.00
23470.00
23220.00
23050.00
22870.00
22870.00
22840.00
22980.00
23170.00
23350.00
23360.00
23260.00
23120.00
22830.00
22410.00
21930.00
21650.00
21320.00
21090.00
21140.00
21390.00
21680.00
22080.00
22470.00
22680.00
22890.00
22940.00
22950.00
22920.00
22910.00
22800.00
22720.00
22460.00
22280.00
22090.00
21790.00
21430.00
21260.00
20910.00
20750.00
20650.00
20600.00
20560.00
20600.00
20560.00
20630.00
20740.00
20690.00
20720.00
20860.00
20920.00
20940.00
21020.00
21140.00
21210.00
21220.00
21230.00
21250.00
21260.00
20970.00
20840.00
20720.00
20780.00
20910.00
21180.00
21320.00
21460.00
21540.00
21490.00
21440.00
21330.00
21200.00
21040.00
21260.00
21510.00
21850.00
22170.00
22440.00
22330.00
22210.00
22250.00
22410.00
22640.00
22850.00
23030.00
23060.00
22900.00
22620.00
22370.00
22120.00
21850.00
21770.00
21700.00
21620.00
21390.00
21240.00
20980.00
20870.00
20720.00
20610.00
20320.00
20010.00
19650.00
19260.00
18980.00
18860.00
18670.00
18450.00
18120.00
17850.00
17550.00
17360.00
17160.00
17210.00
17060.00
17040.00
17030.00
17140.00
17230.00
17400.00
17340.00
17310.00
17170.00
16970.00
16940.00
17020.00
17100.00
17200.00
17430.00
17520.00
17710.00
17850.00
17990.00
18110.00
18310.00
18380.00
18430.00
18490.00
18410.00
18350.00
18200.00
18100.00
17950.00
17920.00
17800.00
17750.00
17670.00
17640.00
17640.00
17550.00
17600.00
17770.00
17880.00
17900.00
18010.00
17960.00
17770.00
17660.00
17450.00
17250.00
17140.00
17080.00
16950.00
16780.00
16660.00
16570.00
16490.00
16470.00
16600.00
16690.00
16840.00
16880.00
16970.00
17320.00
17690.00
17970.00
18360.00
18570.00
18520.00
18440.00
18440.00
18420.00
18400.00
18340.00
18200.00
18120.00
18010.00
17930.00
17830.00
17840.00
17700.00
17590.00
17570.00
17690.00
17910.00
18150.00
18410.00
18610.00
18720.00
18820.00
18880.00
18880.00
18920.00
18960.00
18890.00
