62000.00
62360.00
63280.00
64360.00
64580.00
64460.00
63960.00
63340.00
62860.00
62920.00
63120.00
63400.00
63960.00
64560.00
64700.00
64740.00
64360.00
63740.00
62800.00
62140.00
61600.00
61440.00
61280.00
61360.00
61400.00
61540.00
61960.00
62660.00
62800.00
62740.00
62720.00
62500.00
62100.00
62140.00
62160.00
62160.00
62440.00
63020.00
64020.00
65260.00
66420.00
67380.00
67800.00
67500.00
67300.00
67140.00
66820.00
66460.00
66220.00
66020.00
65660.00
65380.00
65300.00
65220.00
64820.00
64880.00
65040.00
64940.00
64980.00
65040.00
64980.00
64960.00
65160.00
65280.00
65540.00
65340.00
65200.00
65020.00
64780.00
64560.00
64560.00
64620.00
64480.00
64720.00
64780.00
64820.00
64760.00
65060.00
64840.00
64860.00
64900.00
64940.00
64700.00
64800.00
64780.00
64780.00
65080.00
65260.00
65460.00
65760.00
65720.00
65300.00
65160.00
64800.00
64000.00
63400.00
62480.00
61580.00
60440.00
59700.00
59640.00
59960.00
60260.00
61220.00
62180.00
62200.00
62600.00
62960.00
63000.00
62680.00
62700.00
62340.00
61920.00
61420.00
61180.00
60860.00
60660.00
60460.00
60520.00
60480.00
60200.00
59640.00
58980.00
58180.00
57260.00
56360.00
55580.00
54900.00
54240.00
53880.00
53980.00
54240.00
54480.00
54760.00
54960.00
55220.00
55280.00
55040.00
54880.00
54420.00
53700.00
53040.00
52640.00
52160.00
51960.00
52620.00
52500.00
52180.00
51780.00
51660.00
50720.00
50760.00
51120.00
51480.00
51500.00
51380.00
51180.00
50680.00
50210.00
49870.00
49660.00
49370.00
49320.00
49260.00
48960.00
48530.00
48200.00
47990.00
47630.00
47630.00
47740.00
47760.00
47780.00
47940.00
47940.00
47970.00
47880.00
47830.00
47840.00
47720.00
47720.00
47770.00
47750.00
47880.00
48100.00
48310.00
48950.00
49740.00
50390.00
51070.00
51720.00
52320.00
52800.00
53460.00
53740.00
53860.00
53640.00
53640.00
53340.00
53480.00
53440.00
53600.00
53720.00
53980.00
54180.00
54580.00
54660.00
54540.00
54220.00
53580.00
53040.00
52360.00
51490.00
50650.00
49780.00
49140.00
48910.00
48540.00
48540.00
48810.00
48950.00
49030.00
49400.00
49470.00
49490.00
49250.00
48820.00
48440.00
48160.00
48210.00
48260.00
48400.00
48850.00
49210.00
49370.00
49700.00
49990.00
49970.00
49690.00
49320.00
48940.00
