746.60
751.20
757.00
761.80
767.60
773.20
772.60
771.80
772.20
769.80
766.60
763.80
765.40
766.60
771.80
778.00
782.00
784.40
785.60
785.60
786.80
791.60
796.40
799.40
800.60
798.80
795.60
790.00
785.80
782.00
781.20
779.20
776.80
775.60
771.00
767.00
765.40
763.60
761.00
762.00
760.20
758.80
758.60
763.60
767.20
772.00
775.80
777.60
774.80
772.40
768.40
764.00
760.40
755.20
749.80
747.60
748.40
750.40
754.20
760.60
767.20
771.40
774.60
777.60
779.00
779.60
778.40
777.80
777.60
776.00
772.20
768.40
767.60
764.20
759.40
756.40
754.00
751.00
750.60
754.20
757.00
758.60
755.80
750.60
743.20
738.80
734.60
733.20
733.40
735.00
733.00
731.40
727.80
724.20
726.40
726.40
726.40
727.20
728.40
725.20
728.20
734.00
747.80
761.60
768.00
771.60
774.20
774.40
774.20
779.40
782.80
786.40
788.40
784.80
780.40
777.80
771.40
762.60
760.40
759.40
758.00
757.40
752.00
746.80
744.80
743.20
747.00
755.80
762.80
764.20
763.80
761.20
759.80
758.00
757.20
755.80
750.00
737.20
727.60
719.60
714.40
711.00
705.60
691.20
679.20
670.00
662.80
663.40
670.00
672.80
671.00
667.40
664.60
663.80
663.80
663.40
660.40
655.60
651.60
648.20
647.60
652.60
658.80
663.80
669.60
674.40
677.60
678.80
680.60
684.60
688.40
692.20
697.40
702.40
702.80
703.40
700.40
697.20
694.20
691.60
688.60
687.60
684.20
679.00
676.20
672.60
669.60
669.40
671.00
671.20
671.20
671.80
669.40
666.40
663.40
659.60
656.80
656.40
656.20
654.80
655.20
655.00
655.40
655.40
656.40
657.20
659.80
661.40
662.20
664.00
665.00
664.60
663.80
662.20
655.40
651.00
645.60
645.20
642.60
645.00
645.20
645.60
640.80
638.40
634.40
629.80
625.00
621.40
619.00
618.80
619.40
621.00
622.20
623.80
624.20
625.40
625.40
624.60
623.20
625.80
628.20
