5396.00
5516.00
5578.00
5978.00
6438.00
7254.00
8022.00
8724.00
9012.00
9226.00
9030.00
8942.00
8984.00
9268.00
9534.00
9666.00
9636.00
9570.00
9300.00
9070.00
9126.00
9182.00
9234.00
9544.00
9784.00
9810.00
9836.00
9820.00
9526.00
9094.00
8778.00
8528.00
8392.00
8264.00
7916.00
7568.00
7246.00
6804.00
6350.00
6260.00
6188.00
6104.00
6048.00
6084.00
6006.00
5992.00
5970.00
5956.00
5906.00
5942.00
5934.00
5900.00
5870.00
5836.00
5884.00
5928.00
5988.00
6076.00
6154.00
6182.00
6190.00
6200.00
6196.00
6242.00
6218.00
6188.00
6132.00
6070.00
5960.00
5896.00
5850.00
5820.00
5780.00
5710.00
5694.00
5580.00
5452.00
5366.00
5324.00
5240.00
5242.00
5238.00
5228.00
5232.00
5236.00
5284.00
5320.00
5400.00
5408.00
5426.00
5452.00
5488.00
5394.00
5356.00
5318.00
5220.00
5150.00
5152.00
5164.00
5168.00
5214.00
5276.00
5362.00
5538.00
5686.00
5830.00
5942.00
5992.00
5966.00
6018.00
6022.00
5980.00
6012.00
5982.00
5896.00
5794.00
5724.00
5694.00
5754.00
5736.00
5738.00
5766.00
5608.00
5374.00
5217.00
5161.00
5121.00
5207.00
5305.00
5362.00
5322.00
5284.00
5226.00
5166.00
5119.00
5060.00
4930.00
4720.00
4568.00
4469.00
4400.00
4386.00
4384.00
4300.00
4217.00
4198.00
4180.00
4293.00
4507.00
4690.00
4790.00
4918.00
4989.00
5021.00
5049.00
5057.00
5017.00
4975.00
4941.00
4909.00
4917.00
4917.00
4919.00
4893.00
4868.00
4834.00
4832.00
4920.00
5052.00
5251.00
5416.00
5602.00
5686.00
5758.00
5766.00
5764.00
5672.00
5622.00
5546.00
5434.00
5350.00
5342.00
5486.00
5387.00
5309.00
5240.00
5162.00
4926.00
4937.00
4961.00
4992.00
5026.00
4991.00
4967.00
4897.00
4859.00
4805.00
4789.00
4759.00
4761.00
4747.00
4741.00
4757.00
4771.00
4821.00
4835.00
4860.00
4863.00
4862.00
4838.00
4860.00
4885.00
4887.00
4846.00
4760.00
4645.00
4525.00
4440.00
4383.00
4359.00
4333.00
4278.00
4222.00
4155.00
4079.00
4032.00
4004.00
3963.00
3959.00
4008.00
4039.00
4070.00
4095.00
4124.00
4108.00
4102.00
4074.00
4043.00
4015.00
4013.00
4001.00
