94160.00
91900.00
93040.00
94320.00
95220.00
96000.00
96180.00
95620.00
96060.00
96900.00
97620.00
98500.00
98760.00
98720.00
99260.00
99720.00
100220.00
102320.00
104200.00
105300.00
105900.00
105900.00
103960.00
101860.00
99720.00
98080.00
97320.00
97860.00
99060.00
100500.00
101540.00
103000.00
104100.00
104800.00
105700.00
106800.00
106500.00
106200.00
104560.00
102700.00
100840.00
100040.00
99240.00
99580.00
100740.00
101500.00
101500.00
101380.00
101200.00
100000.00
98920.00
97720.00
96820.00
95380.00
94260.00
94360.00
94740.00
95400.00
96600.00
97520.00
97780.00
97840.00
97660.00
97160.00
96900.00
96980.00
97120.00
96840.00
96500.00
96240.00
95780.00
95280.00
94600.00
94340.00
93600.00
93000.00
92540.00
92900.00
92860.00
92860.00
92420.00
91660.00
90560.00
89840.00
89260.00
89100.00
88860.00
88560.00
87880.00
87700.00
87340.00
86960.00
86540.00
86820.00
87120.00
87080.00
87440.00
88460.00
89580.00
90420.00
91600.00
92600.00
93180.00
93460.00
93720.00
93920.00
94160.00
94360.00
94220.00
94140.00
94000.00
93800.00
93720.00
93480.00
93200.00
93100.00
93120.00
93600.00
94420.00
94980.00
95380.00
95680.00
94820.00
93840.00
92200.00
90580.00
89200.00
89320.00
89860.00
90820.00
91540.00
92160.00
91740.00
91080.00
90860.00
90200.00
88060.00
85320.00
82360.00
79240.00
76560.00
75040.00
73460.00
71980.00
70520.00
69340.00
68500.00
68580.00
68480.00
68460.00
67740.00
67520.00
67320.00
67680.00
67920.00
68540.00
68280.00
67880.00
66880.00
66040.00
65700.00
65760.00
66140.00
66620.00
67220.00
67120.00
67120.00
67300.00
68400.00
69200.00
70340.00
71320.00
71660.00
71260.00
71100.00
71280.00
70760.00
70060.00
69240.00
68920.00
68360.00
68280.00
68460.00
68720.00
68880.00
68600.00
68740.00
69100.00
69720.00
69640.00
69600.00
69360.00
68760.00
67980.00
67200.00
66460.00
65720.00
65280.00
64580.00
63960.00
63660.00
63280.00
63180.00
63380.00
63740.00
64140.00
64720.00
64800.00
64680.00
64360.00
64620.00
64680.00
64620.00
64320.00
63860.00
62760.00
62200.00
62160.00
62260.00
62760.00
63000.00
62980.00
62500.00
62040.00
61320.00
60980.00
60720.00
60520.00
60440.00
60880.00
61460.00
61940.00
62560.00
63160.00
63380.00
63560.00
63440.00
63040.00
62720.00
62660.00
62380.00
