7534.00
7566.00
7548.00
7490.00
7436.00
7460.00
7480.00
7496.00
7526.00
7630.00
7690.00
7770.00
7848.00
7924.00
8008.00
8144.00
8304.00
8548.00
8724.00
8764.00
8746.00
8718.00
8660.00
8622.00
8626.00
8684.00
8738.00
8730.00
8792.00
8932.00
9040.00
9164.00
9238.00
9288.00
9258.00
9230.00
9172.00
9182.00
9120.00
9028.00
8984.00
8938.00
8918.00
8966.00
9060.00
9084.00
9122.00
9094.00
9030.00
8944.00
8826.00
8708.00
8600.00
8446.00
8350.00
8352.00
8348.00
8370.00
8446.00
8530.00
8552.00
8608.00
8664.00
8758.00
8818.00
8860.00
8868.00
8854.00
8774.00
8662.00
8566.00
8466.00
8350.00
8272.00
8242.00
8256.00
8234.00
8308.00
8388.00
8400.00
8370.00
8330.00
8248.00
8104.00
8000.00
7940.00
7890.00
7798.00
7744.00
7708.00
7644.00
7630.00
7620.00
7634.00
7628.00
7600.00
7570.00
7620.00
7656.00
7696.00
7764.00
7810.00
7800.00
7800.00
7828.00
7860.00
7900.00
7932.00
7962.00
7978.00
7990.00
8030.00
8062.00
8112.00
8138.00
8164.00
8160.00
8170.00
8174.00
8134.00
8108.00
8090.00
8006.00
7876.00
7806.00
7734.00
7674.00
7664.00
7686.00
7692.00
7674.00
7664.00
7648.00
7634.00
7630.00
7550.00
7424.00
7322.00
7190.00
7082.00
7062.00
7030.00
6944.00
6886.00
6776.00
6680.00
6638.00
6662.00
6684.00
6732.00
6766.00
6874.00
7034.00
7192.00
7330.00
7470.00
7490.00
7412.00
7326.00
7260.00
7314.00
7372.00
7458.00
7594.00
7730.00
7764.00
7848.00
7940.00
8006.00
8132.00
8234.00
8268.00
8294.00
8320.00
8308.00
8242.00
8186.00
8136.00
8040.00
7942.00
7904.00
7866.00
7798.00
7794.00
7816.00
7830.00
7868.00
7968.00
8026.00
8042.00
8030.00
8002.00
7916.00
7896.00
7850.00
7830.00
7824.00
7836.00
7784.00
7666.00
7552.00
7436.00
7338.00
7266.00
7260.00
7262.00
7274.00
7234.00
7190.00
7150.00
7100.00
7040.00
6998.00
6930.00
6860.00
6782.00
6770.00
6792.00
6824.00
6898.00
6966.00
6960.00
6932.00
6902.00
6832.00
6826.00
6838.00
6862.00
6922.00
7008.00
7052.00
7092.00
7126.00
7140.00
7138.00
7134.00
7140.00
7136.00
7110.00
7126.00
7154.00
