1408.00
1415.00
1428.00
1433.00
1443.00
1481.00
1521.00
1567.00
1617.00
1690.00
1729.00
1764.00
1799.00
1822.00
1814.00
1807.00
1812.00
1801.00
1789.00
1779.00
1775.00
1770.00
1765.00
1767.00
1767.00
1760.00
1746.00
1737.00
1728.00
1725.00
1719.00
1706.00
1696.00
1701.00
1675.00
1663.00
1662.00
1665.00
1650.00
1656.00
1645.00
1635.00
1633.00
1640.00
1648.00
1658.00
1666.00
1659.00
1634.00
1611.00
1591.00
1572.00
1569.00
1568.00
1576.00
1592.00
1603.00
1603.00
1612.00
1621.00
1636.00
1649.00
1660.00
1678.00
1695.00
1705.00
1718.00
1732.00
1743.00
1747.00
1751.00
1753.00
1750.00
1742.00
1739.00
1735.00
1737.00
1742.00
1749.00
1745.00
1740.00
1731.00
1720.00
1704.00
1697.00
1697.00
1698.00
1701.00
1708.00
1713.00
1708.00
1701.00
1693.00
1680.00
1671.00
1665.00
1677.00
1687.00
1702.00
1715.00
1731.00
1804.00
1873.00
1953.00
2027.00
2094.00
2099.00
2105.00
2100.00
2100.00
2111.00
2096.00
2081.00
2072.00
2055.00
2045.00
2055.00
2069.00
2096.00
2126.00
2132.00
2079.00
2002.00
1908.00
1830.00
1779.00
1778.00
1793.00
1801.00
1793.00
1769.00
1751.00
1751.00
1756.00
1764.00
1763.00
1751.00
1694.00
1638.00
1604.00
1564.00
1539.00
1526.00
1506.00
1478.00
1476.00
1478.00
1511.00
1575.00
1624.00
1652.00
1682.00
1706.00
1708.00
1712.00
1725.00
1712.00
1698.00
1679.00
1657.00
1650.00
1662.00
1672.00
1688.00
1740.00
1889.00
2091.00
2279.00
2459.00
2579.00
2581.00
2530.00
2599.00
2655.00
2751.00
2838.00
2916.00
2855.00
2820.00
2744.00
2610.00
2476.00
2376.00
2278.00
2215.00
2218.00
2214.00
2228.00
2222.00
2215.00
2221.00
2238.00
2227.00
2241.00
2260.00
2261.00
2252.00
2260.00
2290.00
2295.00
2312.00
2347.00
2377.00
2374.00
2381.00
2381.00
2381.00
2395.00
2372.00
2348.00
2307.00
2250.00
2179.00
2129.00
2088.00
2079.00
2080.00
2084.00
2088.00
2085.00
2067.00
2049.00
2035.00
2038.00
2039.00
2074.00
2104.00
2127.00
2141.00
2166.00
2176.00
2189.00
2187.00
2187.00
2182.00
2166.00
2136.00
2123.00
2112.00
2115.00
2125.00
