47050.00
47530.00
48690.00
49720.00
50290.00
51020.00
51620.00
51900.00
52360.00
52940.00
53120.00
52940.00
52680.00
52580.00
52360.00
52360.00
52600.00
52760.00
52680.00
52560.00
52360.00
51860.00
51600.00
51320.00
51200.00
51240.00
51480.00
51740.00
52440.00
53000.00
53520.00
53980.00
54320.00
54320.00
54020.00
53760.00
53320.00
52780.00
51820.00
51140.00
50260.00
49590.00
49080.00
48880.00
48800.00
49060.00
49170.00
49110.00
48900.00
48570.00
48050.00
47680.00
47500.00
47380.00
47370.00
47700.00
48000.00
48350.00
48880.00
49360.00
49580.00
49770.00
49840.00
49840.00
49670.00
49550.00
49330.00
49110.00
48760.00
48610.00
48530.00
48580.00
48660.00
48850.00
48820.00
48970.00
48820.00
48780.00
48650.00
48480.00
48120.00
47660.00
47090.00
46410.00
45960.00
45620.00
45650.00
45550.00
45480.00
45410.00
45230.00
45010.00
44790.00
45050.00
45720.00
46130.00
46930.00
47740.00
48230.00
48210.00
48610.00
48640.00
48730.00
48740.00
48800.00
48670.00
48400.00
48090.00
48070.00
48370.00
48580.00
49050.00
49660.00
49960.00
50030.00
50220.00
50320.00
50540.00
50680.00
50700.00
50720.00
50680.00
50100.00
49560.00
49090.00
48810.00
48480.00
48370.00
48350.00
48220.00
48010.00
47980.00
48030.00
47940.00
47910.00
47500.00
46930.00
46310.00
46090.00
45920.00
45930.00
45940.00
45820.00
45150.00
44530.00
44010.00
43620.00
43460.00
43500.00
43770.00
43730.00
44080.00
44480.00
45000.00
45150.00
45370.00
45150.00
44740.00
44490.00
44430.00
44730.00
44880.00
45320.00
45660.00
45880.00
45930.00
46260.00
46540.00
46800.00
47400.00
47830.00
47970.00
48120.00
48310.00
48140.00
48090.00
47970.00
47820.00
47630.00
47630.00
47710.00
48000.00
48230.00
48360.00
48500.00
48420.00
48450.00
48590.00
48650.00
48520.00
48580.00
48680.00
48580.00
48620.00
48670.00
48570.00
48400.00
48640.00
48770.00
48910.00
49280.00
49400.00
49310.00
49540.00
49770.00
49880.00
50330.00
50430.00
50310.00
50060.00
49960.00
49820.00
49950.00
49940.00
50000.00
49960.00
49980.00
49920.00
50050.00
50300.00
50460.00
50560.00
50680.00
50740.00
50820.00
51240.00
51480.00
51800.00
52280.00
52980.00
53380.00
53840.00
54240.00
54460.00
54500.00
54460.00
54340.00
54340.00
54360.00
54160.00
54220.00
