9504.00
9412.00
9422.00
9526.00
9606.00
9708.00
9824.00
9878.00
9888.00
9864.00
9832.00
9762.00
9718.00
9718.00
9792.00
9902.00
10092.00
10332.00
10490.00
10630.00
10710.00
10730.00
10700.00
10720.00
10730.00
10820.00
11000.00
11200.00
11390.00
11600.00
11720.00
11750.00
11690.00
11640.00
11410.00
11270.00
11050.00
10950.00
10780.00
10760.00
10650.00
10700.00
10690.00
10850.00
10990.00
11210.00
11200.00
11190.00
11120.00
11090.00
10950.00
10980.00
11200.00
11370.00
11530.00
11770.00
11920.00
11880.00
11890.00
12160.00
12450.00
12680.00
12920.00
13070.00
13090.00
13030.00
13000.00
13020.00
13060.00
12990.00
12920.00
12830.00
12630.00
12480.00
12200.00
12020.00
12090.00
12260.00
12320.00
12510.00
12600.00
12400.00
12150.00
11890.00
11610.00
11470.00
11390.00
11360.00
11350.00
11320.00
11200.00
11060.00
10870.00
10700.00
10600.00
10450.00
10360.00
10180.00
10040.00
9870.00
9810.00
9800.00
9900.00
10010.00
10066.00
10116.00
10126.00
10136.00
10106.00
10180.00
10220.00
10260.00
10340.00
10420.00
10430.00
10410.00
10390.00
10320.00
10300.00
10270.00
10220.00
10176.00
10016.00
9802.00
9672.00
9600.00
9554.00
9604.00
9674.00
9620.00
9572.00
9564.00
9566.00
9576.00
9608.00
9560.00
9468.00
9312.00
9166.00
9048.00
8938.00
8788.00
8612.00
8346.00
8138.00
8014.00
7954.00
7992.00
8118.00
8210.00
8198.00
8170.00
8190.00
8208.00
8214.00
8232.00
8182.00
8104.00
8046.00
7964.00
7940.00
7994.00
8042.00
8054.00
8120.00
8174.00
8208.00
8220.00
8240.00
8276.00
8320.00
8368.00
8418.00
8466.00
8508.00
8524.00
8600.00
8666.00
8722.00
8700.00
8664.00
8540.00
8424.00
8308.00
8238.00
8204.00
8214.00
8246.00
8288.00
8344.00
8396.00
8434.00
8450.00
8466.00
8444.00
8422.00
8360.00
8308.00
8244.00
8180.00
8124.00
8134.00
8158.00
8220.00
8304.00
8386.00
8442.00
8474.00
8482.00
8458.00
8406.00
8322.00
8250.00
8158.00
8078.00
8018.00
8026.00
8022.00
8020.00
8024.00
8040.00
8006.00
7980.00
7966.00
7966.00
7968.00
7986.00
8004.00
8028.00
8056.00
8080.00
8100.00
8148.00
8214.00
8266.00
8336.00
8408.00
8430.00
8444.00
8460.00
8440.00
