60840.00
61400.00
61520.00
60960.00
60780.00
61300.00
61780.00
61960.00
62780.00
63520.00
64000.00
63980.00
64280.00
64320.00
64480.00
64560.00
65000.00
64760.00
63700.00
62720.00
62020.00
61080.00
60820.00
61200.00
61180.00
61000.00
60920.00
60840.00
60660.00
61160.00
61560.00
61900.00
62160.00
62460.00
62360.00
62000.00
61580.00
61200.00
60560.00
59520.00
58800.00
58140.00
57460.00
57320.00
57600.00
57640.00
57880.00
58100.00
58040.00
57780.00
57400.00
57360.00
57220.00
57040.00
57380.00
58140.00
58240.00
58660.00
59300.00
59540.00
59480.00
59480.00
59320.00
59160.00
59040.00
59160.00
59200.00
59360.00
59120.00
58680.00
58100.00
57960.00
57420.00
57200.00
57020.00
57180.00
56760.00
56760.00
56900.00
56720.00
56120.00
55300.00
54400.00
53200.00
52060.00
51300.00
51040.00
50580.00
50210.00
50100.00
49760.00
49440.00
49140.00
48890.00
48770.00
48520.00
48390.00
48280.00
48240.00
48500.00
48850.00
49090.00
49500.00
49780.00
50190.00
50670.00
50940.00
50780.00
50720.00
50440.00
50100.00
49960.00
50140.00
50460.00
50560.00
50620.00
50420.00
50320.00
49950.00
49380.00
48920.00
48810.00
48330.00
47520.00
47100.00
46640.00
46310.00
46190.00
46700.00
46990.00
47010.00
47040.00
47020.00
46770.00
46550.00
46120.00
44950.00
44150.00
43320.00
42610.00
42300.00
42110.00
41390.00
40440.00
39370.00
38440.00
37970.00
37710.00
37840.00
37800.00
37820.00
38260.00
38930.00
39560.00
40170.00
40800.00
40580.00
40310.00
40010.00
39970.00
40020.00
40490.00
40880.00
41310.00
41670.00
41960.00
42660.00
43330.00
44090.00
45010.00
45740.00
45790.00
45850.00
45820.00
45710.00
45700.00
45660.00
45670.00
45430.00
45250.00
45120.00
45010.00
44660.00
44540.00
44860.00
45090.00
45360.00
45950.00
46410.00
46040.00
45540.00
45150.00
44550.00
44220.00
44060.00
44020.00
44220.00
44640.00
44770.00
44590.00
44460.00
43860.00
43240.00
42830.00
42730.00
42560.00
42770.00
42780.00
42700.00
42610.00
42650.00
42550.00
42590.00
42310.00
41890.00
41370.00
41230.00
41360.00
41900.00
42780.00
43740.00
44360.00
44620.00
44550.00
44510.00
44450.00
44210.00
44260.00
44530.00
44890.00
45360.00
45830.00
46070.00
46400.00
46470.00
46170.00
46160.00
46010.00
45850.00
45710.00
45810.00
