2273.00
2266.00
2274.00
2280.00
2313.00
2443.00
2547.00
2629.00
2709.00
2753.00
2730.00
2721.00
2769.00
2809.00
2821.00
2810.00
2810.00
2750.00
2686.00
2640.00
2595.00
2521.00
2500.00
2498.00
2499.00
2476.00
2474.00
2449.00
2408.00
2370.00
2339.00
2308.00
2297.00
2294.00
2269.00
2275.00
2298.00
2294.00
2286.00
2300.00
2280.00
2254.00
2245.00
2233.00
2211.00
2213.00
2195.00
2170.00
2137.00
2153.00
2161.00
2160.00
2156.00
2159.00
2131.00
2105.00
2117.00
2138.00
2162.00
2183.00
2193.00
2188.00
2177.00
2165.00
2161.00
2171.00
2177.00
2186.00
2199.00
2223.00
2246.00
2270.00
2287.00
2292.00
2289.00
2282.00
2263.00
2268.00
2282.00
2284.00
2288.00
2292.00
2271.00
2242.00
2220.00
2220.00
2248.00
2291.00
2333.00
2369.00
2366.00
2369.00
2349.00
2329.00
2327.00
2330.00
2310.00
2310.00
2323.00
2316.00
2321.00
2325.00
2333.00
2344.00
2351.00
2360.00
2357.00
2342.00
2324.00
2319.00
2311.00
2312.00
2319.00
2321.00
2316.00
2307.00
2306.00
2301.00
2304.00
2337.00
2364.00
2391.00
2406.00
2396.00
2397.00
2408.00
2465.00
2557.00
2672.00
2722.00
2845.00
2942.00
3035.00
3065.00
3109.00
3071.00
2972.00
2813.00
2732.00
2694.00
2624.00
2587.00
2547.00
2457.00
2360.00
2334.00
2303.00
2359.00
2454.00
2529.00
2572.00
2627.00
2619.00
2592.00
2590.00
2554.00
2498.00
2468.00
2456.00
2409.00
2414.00
2461.00
2509.00
2553.00
2639.00
2693.00
2723.00
2746.00
2753.00
2714.00
2692.00
2670.00
2649.00
2646.00
2662.00
2663.00
2634.00
2600.00
2559.00
2522.00
2507.00
2510.00
2506.00
2493.00
2472.00
2448.00
2439.00
2461.00
2495.00
2529.00
2568.00
2603.00
2634.00
2663.00
2666.00
2667.00
2659.00
2654.00
2647.00
2675.00
2689.00
2719.00
2736.00
2746.00
2745.00
2748.00
2746.00
2754.00
2758.00
2780.00
2805.00
2814.00
2810.00
2814.00
2799.00
2789.00
2807.00
2825.00
2841.00
2860.00
2874.00
2880.00
2876.00
2878.00
2860.00
2847.00
2827.00
2817.00
2801.00
2791.00
2773.00
2768.00
2779.00
2800.00
2828.00
2875.00
3086.00
3280.00
3463.00
3651.00
3839.00
