2799.00
2837.00
2875.00
2930.00
2977.00
3008.00
3069.00
3124.00
3167.00
3217.00
3260.00
3254.00
3245.00
3246.00
3259.00
3253.00
3242.00
3228.00
3239.00
3273.00
3324.00
3373.00
3428.00
3451.00
3415.00
3410.00
3410.00
3407.00
3388.00
3369.00
3338.00
3339.00
3346.00
3368.00
3306.00
3236.00
3149.00
3063.00
2996.00
2996.00
2982.00
2961.00
2934.00
2899.00
2938.00
2959.00
2972.00
2992.00
2987.00
2928.00
2905.00
2873.00
2837.00
2795.00
2778.00
2765.00
2766.00
2784.00
2819.00
2850.00
2866.00
2882.00
2888.00
2898.00
2892.00
2890.00
2879.00
2866.00
2841.00
2824.00
2810.00
2816.00
2809.00
2807.00
2799.00
2782.00
2755.00
2743.00
2730.00
2721.00
2718.00
2687.00
2660.00
2631.00
2589.00
2558.00
2546.00
2536.00
2525.00
2545.00
2559.00
2599.00
2601.00
2604.00
2589.00
2567.00
2524.00
2509.00
2497.00
2484.00
2486.00
2500.00
2517.00
2552.00
2585.00
2633.00
2664.00
2673.00
2670.00
2687.00
2684.00
2677.00
2694.00
2705.00
2696.00
2671.00
2644.00
2629.00
2614.00
2597.00
2583.00
2575.00
2529.00
2474.00
2429.00
2396.00
2372.00
2367.00
2366.00
2387.00
2378.00
2363.00
2349.00
2342.00
2299.00
2272.00
2220.00
2136.00
2070.00
2018.00
1973.00
1954.00
1930.00
1873.00
1818.00
1794.00
1769.00
1795.00
1858.00
1904.00
1918.00
1938.00
1953.00
1954.00
1967.00
1983.00
1975.00
1959.00
1940.00
1921.00
1915.00
1936.00
1960.00
1979.00
2006.00
2017.00
2016.00
2025.00
2042.00
2069.00
2116.00
2171.00
2207.00
2229.00
2297.00
2369.00
2392.00
2429.00
2464.00
2414.00
2338.00
2308.00
2262.00
2197.00
2153.00
2121.00
2100.00
2083.00
2108.00
2144.00
2201.00
2254.00
2284.00
2290.00
2269.00
2225.00
2173.00
2147.00
2143.00
2142.00
2145.00
2146.00
2162.00
2179.00
2205.00
2220.00
2244.00
2247.00
2242.00
2241.00
2244.00
2249.00
2251.00
2254.00
2254.00
2239.00
2200.00
2174.00
2142.00
2110.00
2091.00
2087.00
2077.00
2074.00
2082.00
2094.00
2110.00
2134.00
2149.00
2154.00
2165.00
2170.00
2170.00
2173.00
2178.00
2176.00
2180.00
2184.00
2158.00
2136.00
2117.00
