83260.00
83840.00
84640.00
86140.00
86320.00
87540.00
88720.00
89920.00
90640.00
91520.00
91940.00
92040.00
92780.00
93520.00
93900.00
94660.00
95700.00
96120.00
96800.00
99140.00
100340.00
101600.00
103500.00
104900.00
105500.00
106100.00
106500.00
106400.00
106500.00
105800.00
105500.00
105300.00
105100.00
105400.00
106200.00
107300.00
108200.00
109100.00
108900.00
108700.00
108700.00
107900.00
107200.00
107500.00
107300.00
105500.00
104500.00
103100.00
103100.00
104100.00
105600.00
107000.00
109400.00
110100.00
111400.00
113400.00
114800.00
116800.00
118200.00
119000.00
118900.00
120400.00
121200.00
122300.00
122400.00
123100.00
122900.00
123700.00
124000.00
124500.00
124600.00
124700.00
122900.00
121800.00
120900.00
121100.00
121200.00
122300.00
122300.00
121800.00
120600.00
118400.00
115700.00
113400.00
111700.00
111100.00
110400.00
109100.00
107800.00
106600.00
104700.00
102420.00
100480.00
99260.00
98400.00
97060.00
96300.00
95980.00
95560.00
94580.00
94180.00
94460.00
94660.00
95400.00
96340.00
97320.00
98100.00
98580.00
98980.00
100380.00
101940.00
103320.00
104600.00
105200.00
105400.00
106100.00
106900.00
108800.00
110600.00
111300.00
112200.00
113200.00
112300.00
110700.00
110000.00
108500.00
107400.00
107500.00
109000.00
109500.00
109500.00
110700.00
111600.00
112200.00
113600.00
114800.00
115200.00
114600.00
113400.00
112800.00
112100.00
108800.00
105700.00
103200.00
99880.00
97720.00
97360.00
98020.00
98500.00
100120.00
101280.00
102740.00
103580.00
104600.00
103700.00
102700.00
100480.00
99340.00
98000.00
97060.00
96660.00
97600.00
98020.00
99460.00
101400.00
102300.00
102280.00
102500.00
101800.00
101600.00
102100.00
103300.00
104100.00
105000.00
105400.00
106700.00
107700.00
109500.00
111300.00
112900.00
114400.00
115600.00
116100.00
116600.00
116600.00
115500.00
115500.00
115300.00
115200.00
116800.00
118300.00
119700.00
121500.00
123400.00
124100.00
125000.00
125700.00
126000.00
126100.00
125000.00
124000.00
123000.00
122300.00
121600.00
121800.00
121800.00
122000.00
121300.00
120800.00
120400.00
120900.00
120600.00
120700.00
119900.00
119700.00
119100.00
119600.00
121300.00
123200.00
124600.00
124900.00
124800.00
124200.00
124100.00
124100.00
125500.00
127000.00
128200.00
129800.00
131700.00
132500.00
133000.00
133100.00
132300.00
131800.00
132400.00
132700.00
133500.00
134500.00
136100.00
136900.00
