3718.00
3727.00
3743.00
3762.00
3759.00
3758.00
3773.00
3785.00
3808.00
3829.00
3849.00
3861.00
3879.00
3895.00
3914.00
3947.00
3968.00
3989.00
4051.00
4150.00
4227.00
4302.00
4354.00
4364.00
4332.00
4315.00
4319.00
4369.00
4406.00
4429.00
4437.00
4421.00
4394.00
4382.00
4302.00
4208.00
4118.00
4011.00
3880.00
3825.00
3796.00
3780.00
3764.00
3770.00
3772.00
3774.00
3761.00
3749.00
3725.00
3708.00
3678.00
3648.00
3621.00
3596.00
3594.00
3611.00
3633.00
3668.00
3704.00
3729.00
3738.00
3747.00
3765.00
3797.00
3809.00
3820.00
3817.00
3787.00
3746.00
3727.00
3795.00
3886.00
3949.00
3998.00
4034.00
4001.00
3965.00
3954.00
3957.00
3939.00
3905.00
3839.00
3785.00
3718.00
3679.00
3642.00
3618.00
3600.00
3588.00
3574.00
3555.00
3527.00
3489.00
3456.00
3419.00
3376.00
3341.00
3314.00
3277.00
3253.00
3248.00
3270.00
3308.00
3376.00
3432.00
3482.00
3518.00
3532.00
3533.00
3541.00
3557.00
3600.00
3652.00
3677.00
3695.00
3710.00
3699.00
3712.00
3729.00
3734.00
3724.00
3747.00
3715.00
3693.00
3685.00
3691.00
3653.00
3628.00
3607.00
3567.00
3529.00
3511.00
3511.00
3509.00
3516.00
3518.00
3498.00
3448.00
3404.00
3369.00
3312.00
3246.00
3160.00
3077.00
2997.00
2972.00
2980.00
3048.00
3115.00
3185.00
3216.00
3246.00
3273.00
3307.00
3333.00
3349.00
3341.00
3321.00
3301.00
3284.00
3300.00
3341.00
3396.00
3445.00
3508.00
3539.00
3564.00
3596.00
3627.00
3652.00
3680.00
3710.00
3720.00
3749.00
3765.00
3792.00
3784.00
3790.00
3757.00
3718.00
3685.00
3675.00
3634.00
3596.00
3563.00
3510.00
3465.00
3452.00
3450.00
3458.00
3473.00
3483.00
3463.00
3437.00
3416.00
3393.00
3375.00
3372.00
3374.00
3356.00
3344.00
3321.00
3306.00
3306.00
3324.00
3337.00
3366.00
3387.00
3394.00
3394.00
3404.00
3411.00
3459.00
3510.00
3551.00
3583.00
3604.00
3596.00
3584.00
3577.00
3585.00
3590.00
3579.00
3561.00
3531.00
3489.00
3441.00
3395.00
3355.00
3331.00
3325.00
3330.00
3336.00
3345.00
3349.00
3364.00
3362.00
3355.00
3354.00
3375.00
3396.00
