37150.00
37890.00
38430.00
38570.00
38730.00
38910.00
38830.00
38970.00
39490.00
39780.00
40110.00
40910.00
41590.00
41620.00
41740.00
41920.00
42010.00
42190.00
42530.00
42900.00
43100.00
42890.00
42690.00
42530.00
42270.00
41860.00
41530.00
41000.00
40610.00
40480.00
40490.00
41170.00
42000.00
42840.00
43410.00
43870.00
43950.00
44140.00
44160.00
44120.00
43940.00
43580.00
43050.00
42380.00
42000.00
42220.00
42570.00
42820.00
43070.00
43290.00
43010.00
42490.00
42060.00
41560.00
41170.00
41270.00
41340.00
41620.00
42230.00
43270.00
44480.00
45990.00
47540.00
49030.00
49890.00
50000.00
49860.00
49820.00
49670.00
49600.00
49760.00
50060.00
49980.00
49710.00
49060.00
49200.00
49080.00
49020.00
48760.00
48930.00
48290.00
47480.00
46360.00
45720.00
44970.00
44220.00
43780.00
43500.00
43380.00
43210.00
42930.00
42570.00
42380.00
42290.00
42260.00
42160.00
42200.00
41670.00
40930.00
40450.00
40290.00
40410.00
41610.00
42870.00
43820.00
44880.00
45270.00
45210.00
45440.00
45670.00
45690.00
45970.00
46460.00
46650.00
46780.00
47250.00
47780.00
47890.00
47820.00
47730.00
47790.00
48050.00
48160.00
48590.00
49300.00
49460.00
49750.00
50040.00
50080.00
50090.00
50080.00
49840.00
49840.00
49710.00
49650.00
49880.00
49430.00
48170.00
47340.00
46120.00
44460.00
43300.00
42680.00
41720.00
41160.00
41030.00
41100.00
41180.00
41520.00
41880.00
41810.00
41850.00
42120.00
42320.00
42290.00
42430.00
42170.00
41870.00
41880.00
42020.00
42210.00
42810.00
43460.00
44250.00
45350.00
46450.00
47090.00
47860.00
48300.00
48400.00
48490.00
48740.00
48900.00
48950.00
49340.00
49660.00
49950.00
50260.00
50420.00
50440.00
50190.00
49860.00
48860.00
47810.00
46600.00
45550.00
44660.00
44500.00
44550.00
44520.00
44660.00
44620.00
44540.00
44520.00
44460.00
44300.00
45030.00
46150.00
47190.00
48550.00
49970.00
50700.00
51040.00
51240.00
51140.00
51140.00
51200.00
51160.00
51780.00
52320.00
53140.00
53740.00
54060.00
53700.00
53380.00
52680.00
52340.00
52280.00
52640.00
53020.00
53300.00
53220.00
53120.00
52660.00
52060.00
51600.00
51040.00
50660.00
50480.00
50520.00
50380.00
50500.00
50520.00
50340.00
49910.00
49870.00
49760.00
49560.00
49380.00
49260.00
49300.00
