164800.00
168500.00
169200.00
172100.00
175800.00
178200.00
180300.00
181800.00
182100.00
179800.00
177300.00
175100.00
174200.00
173200.00
174600.00
175100.00
177000.00
178500.00
181800.00
183700.00
186400.00
186400.00
186400.00
184500.00
182100.00
180000.00
179500.00
179400.00
178800.00
178100.00
177600.00
176100.00
175300.00
174900.00
169100.00
161300.00
154400.00
146300.00
136900.00
133200.00
130900.00
129200.00
127400.00
127400.00
126800.00
126800.00
126100.00
125800.00
124500.00
124600.00
124500.00
123900.00
122800.00
122200.00
123600.00
125000.00
126400.00
128700.00
130900.00
131500.00
131500.00
131900.00
132100.00
133300.00
132300.00
132000.00
132000.00
131500.00
129900.00
129400.00
128600.00
127300.00
126200.00
125200.00
125000.00
124200.00
123300.00
122900.00
122900.00
121700.00
121300.00
120200.00
118500.00
115800.00
113900.00
112400.00
112300.00
113300.00
114400.00
115000.00
115100.00
114600.00
112700.00
111400.00
112200.00
113000.00
114400.00
116500.00
118400.00
119100.00
119500.00
119700.00
120500.00
121900.00
123500.00
125800.00
128000.00
128700.00
128800.00
129500.00
129500.00
129000.00
130300.00
131200.00
130400.00
129400.00
128300.00
129000.00
129600.00
129300.00
129700.00
130700.00
127800.00
124800.00
123200.00
122700.00
121700.00
121700.00
122200.00
122200.00
120200.00
118600.00
117300.00
116100.00
114700.00
113300.00
110900.00
106980.00
103960.00
101860.00
99780.00
98460.00
96980.00
94780.00
92320.00
91320.00
90940.00
92940.00
95000.00
97260.00
98420.00
100420.00
101720.00
103080.00
103680.00
104200.00
102400.00
101700.00
102400.00
103500.00
106300.00
109100.00
110800.00
111100.00
111400.00
109800.00
109200.00
115000.00
124900.00
135200.00
145400.00
156800.00
161800.00
163600.00
168800.00
172600.00
171900.00
171600.00
171900.00
168900.00
167700.00
172400.00
175000.00
169300.00
163600.00
158600.00
151400.00
148000.00
151800.00
155400.00
157300.00
158600.00
156200.00
154800.00
152300.00
154700.00
155700.00
157400.00
157400.00
157500.00
154100.00
152900.00
153000.00
154500.00
157800.00
159600.00
162200.00
163300.00
163400.00
162100.00
163300.00
164200.00
165500.00
165600.00
165400.00
163700.00
160800.00
158900.00
156800.00
154100.00
151900.00
149200.00
147500.00
145600.00
144700.00
144200.00
144400.00
142000.00
141800.00
143600.00
144800.00
145600.00
146700.00
149100.00
149200.00
149600.00
148900.00
148900.00
147700.00
146800.00
145500.00
