1561.00
1580.00
1581.00
1570.00
1556.00
1577.00
1593.00
1608.00
1638.00
1685.00
1699.00
1715.00
1728.00
1749.00
1746.00
1740.00
1738.00
1743.00
1736.00
1742.00
1742.00
1749.00
1770.00
1791.00
1814.00
1830.00
1830.00
1818.00
1804.00
1775.00
1752.00
1741.00
1723.00
1714.00
1702.00
1698.00
1720.00
1752.00
1765.00
1791.00
1827.00
1846.00
1863.00
1892.00
1922.00
1942.00
1995.00
2061.00
2151.00
2238.00
2319.00
2336.00
2346.00
2313.00
2298.00
2273.00
2264.00
2242.00
2245.00
2237.00
2261.00
2280.00
2304.00
2314.00
2305.00
2242.00
2188.00
2161.00
2128.00
2129.00
2166.00
2200.00
2215.00
2248.00
2245.00
2236.00
2225.00
2227.00
2220.00
2211.00
2218.00
2210.00
2182.00
2160.00
2174.00
2173.00
2210.00
2233.00
2267.00
2308.00
2369.00
2394.00
2421.00
2477.00
2493.00
2489.00
2491.00
2498.00
2451.00
2417.00
2393.00
2384.00
2407.00
2437.00
2452.00
2453.00
2470.00
2460.00
2439.00
2428.00
2431.00
2410.00
2392.00
2371.00
2359.00
2327.00
2300.00
2264.00
2250.00
2220.00
2201.00
2198.00
2176.00
2153.00
2146.00
2130.00
2095.00
2065.00
2033.00
1987.00
1975.00
1950.00
1929.00
1899.00
1899.00
1876.00
1861.00
1845.00
1856.00
1853.00
1835.00
1831.00
1820.00
1785.00
1746.00
1743.00
1745.00
1776.00
1804.00
1827.00
1826.00
1804.00
1778.00
1766.00
1758.00
1747.00
1736.00
1725.00
1715.00
1698.00
1704.00
1719.00
1742.00
1768.00
1793.00
1804.00
1801.00
1790.00
1772.00
1780.00
1781.00
1800.00
1835.00
1865.00
1874.00
1891.00
1891.00
1882.00
1873.00
1860.00
1843.00
1835.00
1820.00
1803.00
1836.00
1872.00
1907.00
1953.00
1994.00
1987.00
1981.00
1986.00
1966.00
1955.00
1948.00
1930.00
1910.00
1920.00
1955.00
1976.00
2011.00
2041.00
2050.00
2036.00
2042.00
2033.00
2029.00
2029.00
2035.00
2036.00
2047.00
2052.00
2053.00
2042.00
2020.00
1997.00
1988.00
1996.00
2005.00
2028.00
2043.00
2042.00
2022.00
2004.00
1974.00
1956.00
1939.00
1916.00
1895.00
1882.00
1870.00
1862.00
1861.00
1862.00
1853.00
1842.00
1825.00
1815.00
1804.00
1808.00
1806.00
