1594.00
1566.00
1562.00
1574.00
1593.00
1620.00
1656.00
1687.00
1711.00
1738.00
1764.00
1785.00
1807.00
1832.00
1824.00
1814.00
1836.00
1857.00
1862.00
1875.00
1906.00
1917.00
1929.00
1947.00
1957.00
1953.00
1945.00
1933.00
1916.00
1890.00
1856.00
1807.00
1754.00
1715.00
1674.00
1652.00
1641.00
1635.00
1617.00
1609.00
1586.00
1574.00
1567.00
1572.00
1584.00
1601.00
1594.00
1577.00
1546.00
1525.00
1493.00
1484.00
1477.00
1482.00
1481.00
1492.00
1497.00
1504.00
1519.00
1532.00
1542.00
1549.00
1561.00
1571.00
1590.00
1605.00
1624.00
1643.00
1649.00
1644.00
1640.00
1629.00
1618.00
1604.00
1581.00
1557.00
1539.00
1526.00
1535.00
1548.00
1569.00
1591.00
1604.00
1599.00
1605.00
1608.00
1601.00
1591.00
1589.00
1626.00
1663.00
1694.00
1739.00
1782.00
1778.00
1772.00
1780.00
1775.00
1756.00
1748.00
1745.00
1752.00
1746.00
1799.00
1840.00
1870.00
1883.00
1914.00
1901.00
1917.00
1936.00
1988.00
2033.00
2052.00
2062.00
2077.00
2077.00
2089.00
2161.00
2241.00
2248.00
2249.00
2202.00
2111.00
2007.00
1974.00
1933.00
1933.00
1926.00
1909.00
1893.00
1993.00
2086.00
2262.00
2466.00
2666.00
2754.00
2829.00
2871.00
2887.00
2904.00
2904.00
2867.00
2818.00
2854.00
2932.00
2982.00
3037.00
2979.00
2868.00
2713.00
2607.00
2538.00
2575.00
2559.00
2530.00
2486.00
2459.00
2417.00
2396.00
2391.00
2402.00
2427.00
2441.00
2445.00
2451.00
2450.00
2425.00
2412.00
2402.00
2372.00
2328.00
2294.00
2243.00
2185.00
2144.00
2110.00
2066.00
2037.00
2006.00
1971.00
1949.00
1935.00
1906.00
1895.00
1886.00
1873.00
1860.00
1864.00
1881.00
1898.00
1920.00
1934.00
1925.00
1901.00
1883.00
1861.00
1850.00
1853.00
1850.00
1840.00
1837.00
1856.00
1868.00
1876.00
1885.00
1889.00
1877.00
1876.00
1879.00
1885.00
1887.00
1871.00
1827.00
1788.00
1740.00
1696.00
1663.00
1659.00
1649.00
1646.00
1640.00
1630.00
1617.00
1602.00
1601.00
1601.00
1590.00
1585.00
1592.00
1596.00
1594.00
1596.00
1597.00
1596.00
1588.00
1572.00
1562.00
1551.00
1534.00
1512.00
