3911.00
3891.00
3873.00
3888.00
3929.00
3981.00
4029.00
4079.00
4121.00
4125.00
4172.00
4196.00
4250.00
4303.00
4360.00
4361.00
4379.00
4345.00
4314.00
4296.00
4286.00
4276.00
4288.00
4304.00
4315.00
4325.00
4339.00
4342.00
4333.00
4318.00
4314.00
4302.00
4293.00
4296.00
4263.00
4236.00
4209.00
4190.00
4148.00
4137.00
4116.00
4097.00
4077.00
4085.00
4085.00
4094.00
4098.00
4106.00
4089.00
4082.00
4056.00
4038.00
4016.00
4011.00
4007.00
4021.00
4027.00
4045.00
4059.00
4098.00
4140.00
4180.00
4211.00
4237.00
4240.00
4235.00
4233.00
4233.00
4229.00
4229.00
4228.00
4231.00
4230.00
4238.00
4254.00
4264.00
4268.00
4273.00
4280.00
4263.00
4251.00
4230.00
4206.00
4179.00
4167.00
4154.00
4162.00
4185.00
4197.00
4197.00
4196.00
4191.00
4161.00
4139.00
4131.00
4127.00
4122.00
4124.00
4129.00
4132.00
4138.00
4151.00
4169.00
4186.00
4204.00
4226.00
4233.00
4236.00
4237.00
4241.00
4242.00
4238.00
4241.00
4245.00
4239.00
4225.00
4216.00
4204.00
4210.00
4217.00
4254.00
4297.00
4292.00
4270.00
4254.00
4215.00
4173.00
4191.00
4203.00
4215.00
4232.00
4251.00
4261.00
4275.00
4258.00
4233.00
4202.00
4115.00
4052.00
4008.00
3966.00
3892.00
3837.00
3752.00
3712.00
3677.00
3696.00
3818.00
3918.00
3956.00
3979.00
3991.00
3933.00
3906.00
3904.00
3903.00
3878.00
3852.00
3829.00
3801.00
3798.00
3819.00
3845.00
3871.00
3905.00
3918.00
3924.00
3928.00
3933.00
3937.00
3947.00
3964.00
3977.00
3986.00
4005.00
4023.00
4030.00
4036.00
4045.00
4031.00
4017.00
4010.00
3997.00
3973.00
3963.00
3952.00
3944.00
3952.00
3954.00
3958.00
3973.00
3990.00
3999.00
4024.00
4035.00
4034.00
4022.00
4012.00
4001.00
3990.00
3988.00
3985.00
3981.00
3976.00
3989.00
3994.00
4026.00
4064.00
4104.00
4131.00
4164.00
4181.00
4200.00
4225.00
4239.00
4259.00
4271.00
4276.00
4296.00
4329.00
4333.00
4338.00
4339.00
4320.00
4303.00
4305.00
4306.00
4306.00
4317.00
4330.00
4340.00
4349.00
4367.00
4374.00
4379.00
4381.00
4379.00
4372.00
4373.00
4358.00
4332.00
