8614.00
8732.00
8862.00
8808.00
8726.00
8598.00
8540.00
8470.00
8444.00
8430.00
8418.00
8360.00
8332.00
8356.00
8370.00
8410.00
8408.00
8372.00
8328.00
8334.00
8336.00
8386.00
8420.00
8496.00
8512.00
8516.00
8552.00
8614.00
8620.00
8750.00
9028.00
9264.00
9480.00
9690.00
9790.00
9858.00
9968.00
10012.00
9860.00
9480.00
9128.00
8728.00
8394.00
8282.00
8356.00
8244.00
8078.00
7992.00
7904.00
7868.00
7822.00
7856.00
7808.00
7708.00
7678.00
7784.00
7868.00
7984.00
8122.00
8218.00
8270.00
8348.00
8420.00
8572.00
8712.00
8762.00
8744.00
8724.00
8620.00
8506.00
8432.00
8330.00
8220.00
8096.00
8006.00
7950.00
7976.00
8046.00
8112.00
8076.00
8026.00
7940.00
7804.00
7624.00
7470.00
7440.00
7408.00
7406.00
7426.00
7474.00
7446.00
7400.00
7316.00
7278.00
7400.00
7480.00
7608.00
7720.00
7828.00
7774.00
7714.00
7650.00
7626.00
7646.00
7672.00
7708.00
7684.00
7760.00
7824.00
7902.00
8040.00
8236.00
8294.00
8322.00
8316.00
8168.00
7992.00
7850.00
7710.00
7590.00
7552.00
7538.00
7460.00
7386.00
7320.00
7252.00
7194.00
7194.00
7196.00
7196.00
7246.00
7296.00
7336.00
7382.00
7384.00
7318.00
7272.00
7152.00
6882.00
6798.00
6734.00
6670.00
6602.00
6628.00
6140.00
5730.00
5380.00
5081.00
4847.00
5055.00
5153.00
5147.00
5190.00
5404.00
5518.00
5614.00
5750.00
5836.00
5764.00
5734.00
5742.00
5716.00
5720.00
5698.00
5660.00
5630.00
5616.00
5598.00
5618.00
5672.00
5740.00
5816.00
5908.00
5990.00
5996.00
6004.00
5984.00
5982.00
5968.00
5980.00
6046.00
6082.00
6090.00
6114.00
6138.00
6076.00
6060.00
6028.00
5950.00
5928.00
5906.00
5862.00
5812.00
5762.00
5680.00
5614.00
5566.00
5558.00
5550.00
5544.00
5560.00
5610.00
5682.00
5760.00
5814.00
5864.00
5902.00
5894.00
5878.00
5858.00
5832.00
5770.00
5704.00
5620.00
5504.00
5378.00
5268.00
5242.00
5222.00
5254.00
5278.00
5290.00
5212.00
5141.00
5079.00
4985.00
4911.00
4865.00
4832.00
4819.00
4846.00
4847.00
4826.00
4804.00
4737.00
4659.00
4600.00
4580.00
4583.00
4616.00
4685.00
