85940.00
86800.00
87560.00
89420.00
89160.00
89240.00
89160.00
89080.00
88520.00
88660.00
88620.00
88840.00
88980.00
89400.00
89420.00
89600.00
89780.00
90060.00
90060.00
89380.00
88320.00
87100.00
86080.00
85020.00
85020.00
85240.00
85940.00
86940.00
89340.00
91180.00
93180.00
95540.00
97260.00
97520.00
97520.00
97880.00
97260.00
96480.00
95360.00
94940.00
94540.00
94260.00
94500.00
95240.00
96620.00
97340.00
97340.00
97320.00
96740.00
95260.00
93800.00
93420.00
92740.00
92480.00
92900.00
94260.00
95100.00
96840.00
98280.00
99840.00
100940.00
102180.00
102180.00
102500.00
102400.00
101420.00
100560.00
99340.00
98040.00
96260.00
95200.00
94180.00
93960.00
93660.00
93260.00
93140.00
92680.00
93420.00
93880.00
94740.00
95000.00
94840.00
93600.00
92200.00
90980.00
90400.00
90480.00
90660.00
91520.00
91920.00
92300.00
92740.00
92380.00
92300.00
92500.00
92280.00
92220.00
93300.00
93840.00
94580.00
95380.00
95500.00
96000.00
97220.00
98020.00
99240.00
100560.00
100900.00
100440.00
100160.00
99260.00
98660.00
97340.00
96660.00
95980.00
95800.00
95780.00
96460.00
96320.00
95580.00
94960.00
94040.00
92800.00
91720.00
91020.00
89860.00
88800.00
88160.00
88040.00
88100.00
87760.00
87680.00
87700.00
87500.00
87020.00
86960.00
86180.00
85120.00
83880.00
82940.00
82160.00
81420.00
79680.00
77440.00
75100.00
73140.00
71600.00
71560.00
71920.00
72580.00
72420.00
72480.00
72280.00
72380.00
72060.00
72080.00
71380.00
70820.00
70400.00
69980.00
69680.00
70020.00
70120.00
69960.00
70300.00
70380.00
70480.00
70940.00
71660.00
72200.00
72920.00
73580.00
73700.00
73700.00
73380.00
73100.00
72320.00
71960.00
71240.00
71080.00
70760.00
70660.00
70480.00
70660.00
70520.00
70180.00
70420.00
70620.00
70700.00
70820.00
71260.00
71240.00
71000.00
71000.00
70640.00
70280.00
69940.00
70120.00
70220.00
70180.00
70180.00
70540.00
71120.00
71760.00
72480.00
73360.00
74460.00
74680.00
74620.00
74720.00
74800.00
74240.00
74080.00
73660.00
72980.00
72200.00
72720.00
73040.00
73780.00
74640.00
75080.00
74660.00
74080.00
73200.00
72420.00
71960.00
71500.00
71200.00
71720.00
72860.00
74460.00
75780.00
77220.00
78000.00
78240.00
77840.00
77700.00
77480.00
77480.00
77580.00
77720.00
