28150.00
28850.00
29250.00
30040.00
30760.00
31330.00
31730.00
32110.00
32150.00
31880.00
31440.00
31430.00
31830.00
32100.00
32350.00
32350.00
32220.00
31800.00
32080.00
32710.00
33530.00
33860.00
34140.00
33880.00
33260.00
32810.00
32640.00
32640.00
32450.00
32210.00
31920.00
31450.00
31060.00
30860.00
30090.00
29060.00
28300.00
27260.00
26010.00
25470.00
25210.00
25000.00
24870.00
25010.00
25090.00
25210.00
25270.00
25310.00
25120.00
25080.00
24970.00
24730.00
24430.00
24230.00
24320.00
24430.00
24660.00
25000.00
25370.00
25530.00
25580.00
25550.00
25550.00
25610.00
25390.00
25240.00
25120.00
24890.00
24600.00
24520.00
24410.00
24240.00
24090.00
23880.00
23730.00
23580.00
23460.00
23480.00
23510.00
23380.00
23330.00
23080.00
22680.00
22310.00
22090.00
21890.00
21830.00
21910.00
21970.00
22030.00
22040.00
21990.00
21870.00
21800.00
21750.00
21540.00
21440.00
21390.00
21290.00
21170.00
21230.00
21380.00
21550.00
21950.00
22390.00
22820.00
23170.00
23400.00
23380.00
23670.00
23900.00
24050.00
24330.00
24570.00
24370.00
24160.00
23970.00
23940.00
23990.00
23900.00
23860.00
23870.00
23320.00
22620.00
22210.00
22000.00
21760.00
21840.00
22070.00
22100.00
21880.00
21750.00
21570.00
21390.00
21260.00
21070.00
20760.00
20290.00
19900.00
19640.00
19400.00
19140.00
18770.00
18210.00
17690.00
17470.00
17310.00
17590.00
18050.00
18360.00
18340.00
18570.00
18710.00
18790.00
18830.00
18950.00
18680.00
18430.00
18240.00
18130.00
18180.00
18320.00
18460.00
18540.00
18620.00
18550.00
18530.00
18790.00
19140.00
19690.00
20210.00
20720.00
20820.00
20950.00
20960.00
20970.00
20750.00
20640.00
20480.00
20190.00
19890.00
19910.00
19820.00
19320.00
18970.00
18650.00
18260.00
18030.00
18160.00
18240.00
18290.00
18300.00
18180.00
18150.00
17950.00
17840.00
17790.00
17850.00
17830.00
17890.00
17880.00
17850.00
17800.00
17800.00
17900.00
18050.00
18210.00
18280.00
18280.00
18190.00
18120.00
18100.00
18100.00
18040.00
17900.00
17740.00
17580.00
17500.00
17570.00
17680.00
17730.00
17700.00
17640.00
17430.00
17260.00
17190.00
17170.00
17130.00
17280.00
17510.00
17740.00
17920.00
18080.00
18140.00
18160.00
18160.00
18130.00
18120.00
18190.00
18110.00
18030.00
