35960.00
36460.00
37030.00
37660.00
37840.00
38110.00
38290.00
38530.00
38610.00
38830.00
38850.00
38860.00
38650.00
38660.00
38540.00
38560.00
38640.00
38790.00
38720.00
38960.00
39080.00
39160.00
39470.00
39990.00
40230.00
40660.00
41140.00
41010.00
40890.00
40620.00
40320.00
39770.00
39700.00
39440.00
39230.00
39150.00
39030.00
38830.00
38590.00
38230.00
37890.00
37700.00
37640.00
37720.00
38160.00
38240.00
38190.00
38020.00
37620.00
37030.00
36480.00
36180.00
35990.00
35920.00
35920.00
36180.00
36270.00
36330.00
36500.00
36570.00
36480.00
36370.00
36280.00
36070.00
35920.00
35960.00
36120.00
36380.00
36630.00
36890.00
37010.00
36910.00
36680.00
36460.00
36290.00
36170.00
36070.00
36100.00
36200.00
36120.00
35970.00
35750.00
35470.00
34640.00
33970.00
33480.00
33030.00
32450.00
32270.00
32080.00
31750.00
31480.00
31350.00
31320.00
31350.00
31160.00
31030.00
30850.00
30710.00
30540.00
30590.00
30770.00
31040.00
31530.00
32410.00
33480.00
34780.00
35710.00
36450.00
36690.00
36790.00
36330.00
36140.00
36190.00
36170.00
36200.00
37020.00
37740.00
38040.00
38490.00
38960.00
38710.00
38490.00
38680.00
39030.00
39330.00
40010.00
41050.00
41770.00
42280.00
42950.00
43320.00
43280.00
43510.00
43620.00
43180.00
42790.00
42450.00
41810.00
41590.00
41580.00
41700.00
41800.00
41820.00
41860.00
42280.00
42400.00
42240.00
42070.00
41750.00
41520.00
41300.00
41480.00
41940.00
42450.00
42860.00
43440.00
44070.00
44960.00
45620.00
45870.00
46030.00
46120.00
45850.00
45710.00
45490.00
45270.00
44990.00
44810.00
44370.00
44050.00
43910.00
43730.00
43610.00
43290.00
43130.00
42370.00
41630.00
40690.00
40200.00
39680.00
39650.00
39630.00
39920.00
40160.00
40230.00
40410.00
40870.00
40950.00
41100.00
41430.00
41740.00
41740.00
41910.00
41880.00
41900.00
41690.00
42310.00
42750.00
43260.00
43730.00
44460.00
44920.00
45270.00
45380.00
45330.00
45590.00
45600.00
45480.00
45580.00
45810.00
45590.00
45320.00
45250.00
45230.00
45390.00
45690.00
45720.00
45970.00
46160.00
46440.00
46850.00
47190.00
47150.00
47170.00
46750.00
46020.00
45560.00
45480.00
45500.00
45850.00
46370.00
47060.00
47400.00
47790.00
48220.00
48590.00
48810.00
49280.00
49740.00
50090.00
