2099.00
2125.00
2158.00
2201.00
2227.00
2250.00
2283.00
2320.00
2377.00
2448.00
2492.00
2500.00
2515.00
2501.00
2471.00
2464.00
2473.00
2464.00
2449.00
2454.00
2453.00
2446.00
2455.00
2480.00
2485.00
2521.00
2550.00
2557.00
2555.00
2560.00
2575.00
2581.00
2587.00
2600.00
2591.00
2561.00
2548.00
2550.00
2531.00
2528.00
2506.00
2477.00
2444.00
2432.00
2426.00
2430.00
2437.00
2435.00
2424.00
2415.00
2403.00
2386.00
2373.00
2345.00
2327.00
2312.00
2305.00
2307.00
2326.00
2338.00
2344.00
2346.00
2354.00
2359.00
2367.00
2371.00
2372.00
2369.00
2361.00
2351.00
2351.00
2362.00
2366.00
2368.00
2361.00
2359.00
2346.00
2342.00
2345.00
2352.00
2343.00
2314.00
2273.00
2229.00
2179.00
2146.00
2129.00
2122.00
2114.00
2110.00
2098.00
2086.00
2060.00
2039.00
2031.00
2016.00
2007.00
2011.00
2012.00
2006.00
2008.00
2011.00
2013.00
2049.00
2080.00
2114.00
2138.00
2163.00
2147.00
2131.00
2100.00
2073.00
2044.00
2022.00
1999.00
1991.00
1971.00
1948.00
1934.00
1920.00
1903.00
1904.00
1894.00
1876.00
1866.00
1857.00
1874.00
1909.00
1940.00
1956.00
1940.00
1890.00
1844.00
1798.00
1750.00
1718.00
1696.00
1649.00
1624.00
1611.00
1618.00
1635.00
1650.00
1632.00
1624.00
1621.00
1609.00
1617.00
1651.00
1669.00
1673.00
1684.00
1694.00
1698.00
1701.00
1703.00
1682.00
1665.00
1650.00
1640.00
1644.00
1667.00
1687.00
1703.00
1728.00
1736.00
1733.00
1735.00
1739.00
1743.00
1763.00
1785.00
1799.00
1813.00
1813.00
1810.00
1801.00
1790.00
1771.00
1753.00
1733.00
1714.00
1696.00
1680.00
1674.00
1659.00
1651.00
1655.00
1667.00
1677.00
1689.00
1711.00
1720.00
1720.00
1715.00
1711.00
1698.00
1691.00
1687.00
1683.00
1681.00
1676.00
1679.00
1688.00
1700.00
1714.00
1731.00
1737.00
1740.00
1740.00
1742.00
1744.00
1757.00
1754.00
1740.00
1719.00
1701.00
1674.00
1662.00
1662.00
1662.00
1657.00
1645.00
1628.00
1612.00
1604.00
1597.00
1596.00
1601.00
1612.00
1622.00
1634.00
1645.00
1654.00
1658.00
1664.00
1666.00
1666.00
1666.00
1668.00
1665.00
