11730.00
11860.00
11940.00
12010.00
12110.00
12910.00
13770.00
14540.00
15270.00
16060.00
16060.00
16110.00
16260.00
16430.00
16530.00
16580.00
16410.00
16240.00
16130.00
15980.00
15940.00
16080.00
16370.00
16620.00
16790.00
16900.00
16790.00
16540.00
16210.00
15940.00
15720.00
15670.00
15600.00
15610.00
15570.00
15560.00
15610.00
15700.00
15750.00
15880.00
15990.00
16040.00
16050.00
16080.00
16140.00
16240.00
16280.00
16300.00
16320.00
16290.00
16160.00
16040.00
15890.00
15720.00
15610.00
15550.00
15490.00
15530.00
15680.00
15830.00
15950.00
16080.00
16200.00
16200.00
16090.00
15990.00
15890.00
15710.00
15570.00
15470.00
15390.00
15270.00
15160.00
14960.00
14780.00
14630.00
14530.00
14420.00
14320.00
14190.00
13980.00
13770.00
13610.00
13480.00
13390.00
13340.00
13290.00
13200.00
13050.00
12920.00
12770.00
12590.00
12840.00
13010.00
12940.00
12830.00
12760.00
12300.00
11970.00
11810.00
11700.00
11600.00
11510.00
11530.00
11590.00
11670.00
11680.00
11660.00
11550.00
11450.00
11410.00
11380.00
11370.00
11420.00
11470.00
11460.00
11490.00
11530.00
11570.00
11590.00
11610.00
11610.00
11460.00
11270.00
11080.00
10880.00
10750.00
10720.00
10650.00
10540.00
10398.00
10208.00
10058.00
9910.00
9750.00
9640.00
9538.00
9404.00
9330.00
9320.00
9308.00
9278.00
9236.00
9126.00
9010.00
8890.00
8784.00
8738.00
8730.00
8706.00
8656.00
8612.00
8564.00
8538.00
8502.00
8452.00
8362.00
8258.00
8142.00
8056.00
8036.00
8088.00
8148.00
8226.00
8288.00
8306.00
8294.00
8268.00
8238.00
8298.00
8410.00
8480.00
8540.00
8576.00
8538.00
8460.00
8398.00
8352.00
8310.00
8268.00
8226.00
8200.00
8154.00
8114.00
8084.00
8054.00
8026.00
8034.00
8062.00
8082.00
8110.00
8138.00
8136.00
8102.00
8052.00
7984.00
7914.00
7856.00
7812.00
7782.00
7750.00
7718.00
7684.00
7670.00
7640.00
7624.00
7582.00
7490.00
7400.00
7344.00
7324.00
7464.00
7646.00
7894.00
8090.00
8208.00
8200.00
8216.00
8152.00
8086.00
8020.00
7944.00
7792.00
7632.00
7508.00
7434.00
7550.00
7680.00
7816.00
7944.00
8068.00
8042.00
8090.00
8130.00
8176.00
8236.00
8236.00
8176.00
8128.00
8096.00
8038.00
