841.40
845.40
847.20
849.20
850.60
848.00
848.00
852.60
855.00
856.80
859.40
868.40
871.20
885.40
905.60
924.20
936.00
952.00
953.80
954.20
953.20
947.00
939.80
934.20
925.60
912.80
904.60
897.80
893.60
887.40
886.20
892.20
900.20
910.60
915.80
920.40
919.80
915.80
906.80
903.40
898.40
893.80
887.20
887.00
890.80
898.80
907.00
915.40
914.40
909.80
895.40
881.40
868.20
858.40
852.20
855.60
860.60
866.00
873.80
879.20
881.00
881.40
883.20
885.00
885.60
885.20
880.40
877.60
870.80
865.20
861.40
860.20
860.00
866.80
869.00
868.40
871.60
873.40
870.40
867.00
865.80
859.00
849.00
840.60
836.60
839.80
857.00
876.00
887.40
910.40
937.80
949.40
954.00
967.20
963.80
945.80
932.60
929.40
928.60
936.00
952.20
963.20
971.20
975.20
980.40
980.80
982.60
985.80
987.20
981.80
975.60
966.00
957.40
949.40
939.80
929.40
926.20
919.40
911.80
906.20
897.00
890.60
878.00
868.60
864.60
865.00
861.40
860.20
858.40
848.40
839.40
830.60
825.80
819.60
818.20
816.20
812.40
802.80
798.20
794.80
795.60
799.40
804.20
800.80
794.20
785.00
777.80
775.40
782.00
791.00
793.40
794.40
795.60
791.60
785.40
782.80
777.20
771.20
766.40
763.20
763.80
769.00
776.40
783.60
791.20
797.20
797.80
794.80
793.00
791.80
789.40
791.80
798.00
802.40
803.80
804.40
798.60
790.20
782.20
774.20
769.20
768.20
767.40
763.60
761.80
758.00
755.40
756.60
759.80
763.40
768.20
771.20
771.00
773.40
773.80
777.20
782.80
787.80
790.60
793.20
791.60
786.60
783.00
779.40
776.20
774.60
776.20
778.40
782.40
787.80
789.00
790.40
790.60
788.20
784.40
783.80
782.40
780.20
779.20
779.20
775.60
772.40
771.80
769.40
765.80
766.40
765.40
763.00
767.60
774.60
781.00
788.40
805.80
824.80
841.40
857.20
867.80
868.20
862.20
863.00
863.60
