1098.00
1118.00
1134.00
1163.00
1184.00
1209.00
1235.00
1261.00
1268.00
1272.00
1267.00
1260.00
1256.00
1256.00
1255.00
1253.00
1250.00
1253.00
1261.00
1274.00
1306.00
1338.00
1414.00
1479.00
1533.00
1578.00
1642.00
1644.00
1636.00
1623.00
1602.00
1550.00
1513.00
1494.00
1451.00
1414.00
1386.00
1354.00
1308.00
1300.00
1290.00
1286.00
1276.00
1283.00
1279.00
1281.00
1277.00
1275.00
1271.00
1269.00
1252.00
1239.00
1229.00
1213.00
1211.00
1219.00
1228.00
1246.00
1261.00
1270.00
1276.00
1273.00
1268.00
1281.00
1290.00
1300.00
1311.00
1318.00
1310.00
1310.00
1324.00
1349.00
1355.00
1357.00
1365.00
1353.00
1331.00
1327.00
1337.00
1321.00
1313.00
1308.00
1301.00
1284.00
1281.00
1282.00
1276.00
1286.00
1302.00
1323.00
1341.00
1356.00
1350.00
1346.00
1352.00
1341.00
1336.00
1339.00
1330.00
1311.00
1306.00
1306.00
1325.00
1355.00
1381.00
1406.00
1430.00
1430.00
1431.00
1440.00
1459.00
1456.00
1461.00
1462.00
1445.00
1411.00
1399.00
1389.00
1379.00
1381.00
1388.00
1404.00
1399.00
1384.00
1367.00
1360.00
1342.00
1338.00
1338.00
1331.00
1323.00
1320.00
1319.00
1317.00
1322.00
1316.00
1299.00
1262.00
1237.00
1214.00
1192.00
1174.00
1160.00
1135.00
1112.00
1101.00
1095.00
1108.00
1133.00
1149.00
1157.00
1165.00
1181.00
1185.00
1185.00
1182.00
1165.00
1139.00
1125.00
1111.00
1106.00
1118.00
1129.00
1132.00
1146.00
1152.00
1151.00
1160.00
1169.00
1179.00
1194.00
1206.00
1207.00
1210.00
1212.00
1208.00
1200.00
1192.00
1182.00
1160.00
1143.00
1134.00
1127.00
1106.00
1093.00
1079.00
1065.00
1059.00
1068.00
1077.00
1087.00
1099.00
1097.00
1097.00
1092.00
1083.00
1072.00
1066.00
1058.00
1052.00
1051.00
1051.00
1055.00
1061.00
1069.00
1077.00
1088.00
1092.00
1094.00
1096.00
1098.00
1099.00
1110.00
1115.00
1113.00
1105.00
1099.00
1101.00
1111.00
1124.00
1141.00
1153.00
1149.00
1138.00
1129.00
1129.00
1136.00
1141.00
1152.00
1171.00
1177.00
1175.00
1177.00
1176.00
1170.00
1168.00
1163.00
1152.00
1144.00
1139.00
1135.00
