36770.00
36820.00
37170.00
38040.00
39160.00
40750.00
42430.00
43720.00
44570.00
45510.00
45780.00
46010.00
46360.00
46570.00
46270.00
45820.00
45300.00
44780.00
44530.00
44380.00
44600.00
44570.00
44660.00
44940.00
45690.00
46240.00
47090.00
47570.00
47910.00
47540.00
46970.00
46550.00
46430.00
45950.00
45130.00
44340.00
43340.00
42500.00
41890.00
41680.00
41490.00
41430.00
41200.00
40960.00
40770.00
40890.00
40830.00
40620.00
40480.00
40480.00
40220.00
40060.00
39940.00
39670.00
39560.00
39590.00
39700.00
39820.00
39980.00
39960.00
40050.00
40010.00
40060.00
40200.00
40570.00
40970.00
41340.00
41730.00
41980.00
42100.00
42070.00
42180.00
42370.00
42450.00
42330.00
42220.00
42060.00
41700.00
41600.00
41480.00
41340.00
41030.00
40810.00
40380.00
40120.00
39860.00
39600.00
39420.00
39330.00
39160.00
38960.00
38800.00
38560.00
38390.00
38300.00
38160.00
38100.00
38090.00
38070.00
38040.00
38230.00
38730.00
39130.00
39760.00
40540.00
41140.00
41300.00
41230.00
40930.00
40630.00
40560.00
40670.00
41090.00
41210.00
41160.00
40980.00
40790.00
40590.00
40600.00
40600.00
40500.00
40400.00
40140.00
39780.00
39430.00
39290.00
39210.00
39070.00
39110.00
39070.00
38850.00
38600.00
38410.00
38160.00
37890.00
37470.00
36850.00
36160.00
35790.00
35440.00
35280.00
35120.00
34740.00
33940.00
33140.00
32440.00
31980.00
32140.00
32290.00
32600.00
32570.00
32580.00
32450.00
32540.00
32530.00
32760.00
32630.00
32520.00
32380.00
32220.00
32150.00
32360.00
32500.00
32660.00
32870.00
32940.00
32940.00
33030.00
33170.00
33590.00
34300.00
35040.00
35580.00
36080.00
36320.00
36130.00
35670.00
35370.00
35020.00
34550.00
34220.00
34260.00
34590.00
34660.00
34810.00
34880.00
34840.00
34670.00
34780.00
34890.00
35010.00
35070.00
34830.00
34480.00
34150.00
33920.00
33710.00
33490.00
33350.00
33090.00
32810.00
32560.00
32520.00
32550.00
32760.00
32970.00
33190.00
33280.00
33320.00
33270.00
33390.00
33650.00
34000.00
34200.00
34190.00
34110.00
33960.00
33720.00
33890.00
34360.00
34720.00
35030.00
35350.00
35410.00
35490.00
35610.00
35760.00
35840.00
35940.00
36010.00
36090.00
36100.00
36170.00
36260.00
36220.00
36120.00
36060.00
36070.00
36020.00
36110.00
36260.00
