34010.00
34150.00
33980.00
33530.00
33110.00
32890.00
32810.00
32600.00
32160.00
32020.00
31690.00
31430.00
31230.00
31360.00
31280.00
31240.00
31100.00
31170.00
31070.00
31160.00
31330.00
31550.00
31610.00
31960.00
32140.00
32260.00
32420.00
32660.00
32690.00
32870.00
33070.00
33090.00
33150.00
33350.00
33280.00
33280.00
33450.00
33500.00
33470.00
33380.00
33260.00
32950.00
32760.00
32560.00
32810.00
33280.00
33730.00
34120.00
34250.00
34290.00
34120.00
34030.00
33970.00
34130.00
34220.00
34410.00
34470.00
34440.00
34460.00
34320.00
33940.00
33620.00
33180.00
32670.00
32160.00
31740.00
31390.00
31230.00
31130.00
31070.00
31020.00
30950.00
30940.00
30890.00
30800.00
30760.00
30750.00
30800.00
30820.00
30820.00
30880.00
30840.00
30730.00
30640.00
30660.00
30520.00
30420.00
30250.00
30140.00
29970.00
30230.00
30560.00
30870.00
31110.00
31360.00
31090.00
30670.00
30380.00
30290.00
30320.00
30540.00
30870.00
31410.00
31790.00
32020.00
32290.00
32470.00
32370.00
32430.00
32420.00
32210.00
32230.00
32330.00
32210.00
32150.00
32260.00
32430.00
32350.00
32440.00
32600.00
32750.00
32610.00
32420.00
32030.00
31620.00
31150.00
30940.00
31030.00
31290.00
31600.00
32050.00
32370.00
32630.00
32910.00
33160.00
33070.00
32990.00
32780.00
32440.00
32200.00
31990.00
31590.00
31190.00
30810.00
30120.00
29720.00
29660.00
29810.00
31010.00
32630.00
34190.00
35790.00
37330.00
37960.00
38140.00
38400.00
38440.00
38500.00
38540.00
38790.00
38870.00
38940.00
39290.00
39960.00
40430.00
41190.00
41880.00
42300.00
42240.00
42210.00
41990.00
41830.00
41770.00
41710.00
41910.00
42150.00
42290.00
42410.00
42220.00
42210.00
42190.00
42210.00
42200.00
42110.00
42140.00
42070.00
41850.00
41610.00
41770.00
41570.00
41460.00
41530.00
41340.00
41180.00
40890.00
40510.00
40110.00
39950.00
39640.00
39200.00
38780.00
38210.00
37780.00
37460.00
37530.00
37390.00
37370.00
37080.00
37150.00
37120.00
37350.00
37790.00
38420.00
38580.00
38700.00
38930.00
38980.00
39030.00
39290.00
39310.00
39120.00
38900.00
38560.00
38200.00
38170.00
38060.00
37870.00
37730.00
37550.00
37300.00
37120.00
36920.00
36700.00
36340.00
35920.00
35590.00
35370.00
35090.00
34910.00
34880.00
34820.00
