2853.00
2857.00
2846.00
2841.00
2832.00
2830.00
2834.00
2838.00
2838.00
2856.00
2869.00
2880.00
2893.00
2899.00
2879.00
2857.00
2830.00
2812.00
2808.00
2811.00
2816.00
2816.00
2812.00
2808.00
2794.00
2785.00
2783.00
2776.00
2762.00
2760.00
2760.00
2739.00
2713.00
2702.00
2680.00
2660.00
2659.00
2670.00
2669.00
2669.00
2653.00
2633.00
2608.00
2594.00
2605.00
2616.00
2632.00
2631.00
2634.00
2624.00
2630.00
2672.00
2738.00
2770.00
2782.00
2794.00
2770.00
2812.00
2841.00
2895.00
3039.00
3156.00
3172.00
3239.00
3290.00
3254.00
3440.00
3666.00
3813.00
3954.00
4085.00
4116.00
4190.00
4238.00
4443.00
4833.00
5113.00
5375.00
5720.00
5826.00
5894.00
5810.00
5608.00
5269.00
5013.00
4609.00
4346.00
4138.00
4096.00
4020.00
3943.00
3883.00
3853.00
3790.00
3796.00
3777.00
3787.00
3833.00
3902.00
3923.00
3976.00
4014.00
4016.00
4021.00
4036.00
4079.00
4078.00
4066.00
4056.00
4063.00
4055.00
4099.00
4110.00
4087.00
4093.00
4066.00
3994.00
3943.00
3900.00
3818.00
3747.00
3743.00
3706.00
3672.00
3652.00
3656.00
3611.00
3617.00
3609.00
3567.00
3504.00
3460.00
3415.00
3364.00
3324.00
3257.00
3169.00
3047.00
2958.00
2882.00
2846.00
2827.00
2749.00
2647.00
2568.00
2484.00
2418.00
2445.00
2463.00
2469.00
2449.00
2421.00
2428.00
2481.00
2533.00
2616.00
2646.00
2658.00
2645.00
2618.00
2587.00
2597.00
2598.00
2701.00
2771.00
2861.00
2930.00
2995.00
2952.00
2958.00
2923.00
2916.00
2910.00
2930.00
2926.00
2951.00
2955.00
2964.00
2953.00
2962.00
2964.00
2980.00
2984.00
2991.00
2996.00
2990.00
2988.00
2994.00
2995.00
2996.00
2999.00
2998.00
2987.00
2964.00
2900.00
2835.00
2746.00
2725.00
2706.00
2753.00
2802.00
2882.00
2878.00
2894.00
2896.00
2894.00
2897.00
2933.00
2967.00
2967.00
2965.00
2911.00
2849.00
2777.00
2714.00
2659.00
2647.00
2644.00
2646.00
2657.00
2659.00
2647.00
2625.00
2586.00
2549.00
2538.00
2541.00
2548.00
2576.00
2612.00
2630.00
2649.00
2663.00
2691.00
2748.00
2772.00
2764.00
2736.00
2686.00
2615.00
2578.00
