3625.00
3651.00
3671.00
3689.00
3692.00
3710.00
3799.00
3889.00
3978.00
4040.00
4119.00
4092.00
4056.00
4022.00
3987.00
3929.00
3907.00
3870.00
3846.00
3840.00
3853.00
3898.00
3949.00
4005.00
4045.00
4070.00
4056.00
4071.00
4085.00
4087.00
4115.00
4146.00
4151.00
4183.00
4183.00
4277.00
4362.00
4479.00
4494.00
4566.00
4539.00
4496.00
4422.00
4432.00
4429.00
4397.00
4411.00
4443.00
4440.00
4490.00
4542.00
4643.00
4726.00
4770.00
4728.00
4693.00
4601.00
4511.00
4466.00
4450.00
4415.00
4352.00
4298.00
4275.00
4258.00
4254.00
4242.00
4228.00
4188.00
4145.00
4115.00
4111.00
4109.00
4088.00
4053.00
4015.00
3977.00
3961.00
3970.00
3976.00
3974.00
3916.00
3831.00
3738.00
3680.00
3658.00
3679.00
3689.00
3705.00
3691.00
3655.00
3613.00
3558.00
3506.00
3481.00
3429.00
3391.00
3384.00
3395.00
3389.00
3424.00
3461.00
3498.00
3536.00
3573.00
3592.00
3601.00
3605.00
3579.00
3565.00
3564.00
3559.00
3542.00
3524.00
3484.00
3427.00
3386.00
3350.00
3335.00
3329.00
3309.00
3308.00
3274.00
3221.00
3171.00
3164.00
3143.00
3171.00
3208.00
3228.00
3239.00
3252.00
3255.00
3266.00
3271.00
3255.00
3209.00
3154.00
3095.00
3061.00
3101.00
3157.00
3309.00
3685.00
3969.00
4108.00
4238.00
4307.00
4144.00
4118.00
4136.00
4122.00
4071.00
4026.00
3891.00
3810.00
3772.00
3762.00
3720.00
3705.00
3672.00
3644.00
3602.00
3581.00
3570.00
3568.00
3556.00
3543.00
3548.00
3578.00
3609.00
3644.00
3700.00
3735.00
3752.00
3776.00
3777.00
3758.00
3780.00
3802.00
3810.00
3849.00
3874.00
3873.00
3899.00
3905.00
3918.00
3956.00
4014.00
4040.00
4085.00
4126.00
4154.00
4139.00
4125.00
4131.00
4121.00
4099.00
4133.00
4152.00
4181.00
4198.00
4222.00
4205.00
4207.00
4165.00
4150.00
4112.00
4082.00
4050.00
4025.00
3991.00
3964.00
3922.00
3872.00
3825.00
3800.00
3796.00
3795.00
3790.00
3782.00
3749.00
3709.00
3673.00
3631.00
3607.00
3617.00
3625.00
3640.00
3672.00
3692.00
3686.00
3685.00
3678.00
3666.00
3651.00
3628.00
3595.00
3578.00
3578.00
3581.00
