16000.00
15950.00
15970.00
16080.00
16110.00
16180.00
16210.00
16200.00
16180.00
16190.00
16140.00
16190.00
16340.00
16560.00
16820.00
17190.00
17630.00
18010.00
18370.00
18610.00
18680.00
18580.00
18570.00
18550.00
18570.00
18660.00
18850.00
18950.00
19000.00
19030.00
19070.00
19150.00
19400.00
19710.00
19940.00
20290.00
20430.00
20360.00
20150.00
20040.00
19700.00
19420.00
19170.00
19010.00
19030.00
19320.00
19650.00
20060.00
20230.00
20180.00
19900.00
19570.00
19210.00
19040.00
18980.00
19100.00
19200.00
19380.00
19500.00
19650.00
19610.00
19540.00
19430.00
19330.00
19130.00
19050.00
18950.00
18820.00
18630.00
18500.00
18320.00
18150.00
17940.00
17780.00
17640.00
17550.00
17420.00
17290.00
17160.00
16960.00
16690.00
16430.00
16220.00
15980.00
15820.00
15740.00
15740.00
15740.00
15810.00
15800.00
15740.00
15710.00
15670.00
15630.00
15700.00
15700.00
15610.00
15480.00
15420.00
15380.00
15380.00
15420.00
15600.00
15750.00
15830.00
15890.00
15920.00
15810.00
15720.00
15680.00
15680.00
15670.00
15680.00
15670.00
15540.00
15390.00
15300.00
15280.00
15230.00
15170.00
15070.00
14930.00
14640.00
14290.00
13990.00
13800.00
13720.00
13630.00
13660.00
13650.00
13540.00
13410.00
13350.00
13280.00
13250.00
13170.00
13040.00
12870.00
12690.00
12550.00
12560.00
12520.00
12460.00
12440.00
12360.00
12390.00
12420.00
12560.00
12570.00
12590.00
12420.00
12380.00
12340.00
12430.00
12520.00
12600.00
12550.00
12460.00
12330.00
12230.00
12260.00
12380.00
12470.00
12510.00
12600.00
12560.00
12480.00
12550.00
12630.00
12760.00
12900.00
13020.00
13050.00
13140.00
13100.00
13080.00
13030.00
13020.00
12970.00
12940.00
12930.00
12920.00
12790.00
12620.00
12450.00
12210.00
12010.00
12000.00
12040.00
12090.00
12190.00
12310.00
12290.00
12260.00
12170.00
12090.00
12000.00
11990.00
11980.00
11980.00
11970.00
11920.00
11900.00
11960.00
12080.00
12240.00
12280.00
12180.00
12180.00
12040.00
11740.00
11620.00
11640.00
11480.00
11470.00
11560.00
11680.00
11730.00
11790.00
11790.00
11760.00
11660.00
11490.00
11320.00
11180.00
11100.00
11030.00
10970.00
10820.00
10700.00
10620.00
10570.00
10590.00
10700.00
10790.00
10850.00
10870.00
10870.00
10910.00
10940.00
10960.00
