1888.00
1908.00
1889.00
1875.00
1884.00
1918.00
1948.00
1990.00
2025.00
2040.00
2045.00
2068.00
2084.00
2091.00
2103.00
2162.00
2232.00
2292.00
2334.00
2356.00
2366.00
2304.00
2225.00
2151.00
2110.00
2022.00
1983.00
1985.00
1986.00
1967.00
1949.00
1933.00
1914.00
1905.00
1881.00
1873.00
1864.00
1853.00
1829.00
1829.00
1815.00
1809.00
1802.00
1822.00
1829.00
1849.00
1851.00
1854.00
1831.00
1812.00
1783.00
1766.00
1740.00
1717.00
1706.00
1712.00
1719.00
1731.00
1752.00
1769.00
1772.00
1783.00
1789.00
1795.00
1804.00
1817.00
1810.00
1805.00
1793.00
1779.00
1780.00
1798.00
1804.00
1810.00
1808.00
1794.00
1769.00
1764.00
1765.00
1772.00
1791.00
1804.00
1811.00
1810.00
1802.00
1783.00
1796.00
1800.00
1836.00
1868.00
1890.00
1888.00
1880.00
1843.00
1839.00
1838.00
1862.00
1890.00
1935.00
1941.00
1949.00
1938.00
1946.00
1947.00
1970.00
1992.00
1998.00
2001.00
1987.00
1977.00
1977.00
1959.00
1939.00
1924.00
1901.00
1865.00
1859.00
1859.00
1870.00
1892.00
1908.00
1932.00
1911.00
1881.00
1844.00
1833.00
1815.00
1820.00
1846.00
1852.00
1846.00
1846.00
1858.00
1866.00
1881.00
1881.00
1862.00
1800.00
1739.00
1691.00
1647.00
1621.00
1602.00
1557.00
1513.00
1499.00
1477.00
1497.00
1543.00
1580.00
1597.00
1612.00
1629.00
1639.00
1652.00
1659.00
1647.00
1642.00
1638.00
1633.00
1642.00
1671.00
1693.00
1714.00
1738.00
1754.00
1790.00
1808.00
1854.00
1890.00
1917.00
1923.00
1941.00
1933.00
1938.00
1952.00
1949.00
1940.00
1933.00
1917.00
1912.00
1934.00
1941.00
1937.00
1937.00
1929.00
1909.00
1926.00
1936.00
1949.00
1963.00
1984.00
1988.00
2002.00
1996.00
1976.00
1944.00
1918.00
1903.00
1904.00
1915.00
1937.00
1959.00
1971.00
1987.00
1995.00
2003.00
2068.00
2101.00
2132.00
2153.00
2181.00
2140.00
2158.00
2150.00
2141.00
2123.00
2128.00
2093.00
2081.00
2074.00
2060.00
2024.00
1990.00
1955.00
1950.00
1997.00
2054.00
2103.00
2132.00
2136.00
2089.00
2043.00
2017.00
2005.00
2006.00
1996.00
1980.00
1961.00
1957.00
1952.00
