1462.00
1509.00
1544.00
1604.00
1662.00
1683.00
1717.00
1760.00
1781.00
1783.00
1802.00
1804.00
1800.00
1778.00
1773.00
1744.00
1736.00
1754.00
1793.00
1903.00
2044.00
2153.00
2213.00
2268.00
2224.00
2179.00
2158.00
2166.00
2145.00
2125.00
2096.00
2027.00
1986.00
1967.00
1898.00
1806.00
1754.00
1654.00
1540.00
1506.00
1473.00
1452.00
1434.00
1438.00
1412.00
1412.00
1400.00
1402.00
1391.00
1407.00
1414.00
1410.00
1398.00
1390.00
1410.00
1432.00
1455.00
1486.00
1517.00
1526.00
1535.00
1544.00
1551.00
1569.00
1566.00
1554.00
1548.00
1532.00
1510.00
1494.00
1482.00
1469.00
1448.00
1427.00
1415.00
1402.00
1387.00
1387.00
1389.00
1378.00
1370.00
1355.00
1334.00
1302.00
1277.00
1258.00
1248.00
1258.00
1264.00
1273.00
1279.00
1280.00
1261.00
1253.00
1256.00
1252.00
1250.00
1255.00
1259.00
1258.00
1263.00
1271.00
1280.00
1307.00
1329.00
1355.00
1384.00
1399.00
1402.00
1439.00
1466.00
1476.00
1524.00
1561.00
1552.00
1529.00
1528.00
1515.00
1502.00
1482.00
1478.00
1471.00
1432.00
1394.00
1377.00
1384.00
1379.00
1392.00
1414.00
1419.00
1402.00
1392.00
1376.00
1359.00
1343.00
1322.00
1293.00
1250.00
1209.00
1185.00
1160.00
1140.00
1122.00
1087.40
1059.40
1048.40
1040.40
1062.40
1107.00
1142.00
1154.00
1176.00
1190.00
1205.00
1221.00
1234.00
1224.00
1216.00
1199.00
1190.00
1201.00
1213.00
1221.00
1227.00
1233.00
1235.00
1240.00
1266.00
1295.00
1343.00
1389.00
1463.00
1524.00
1583.00
1607.00
1627.00
1609.00
1583.00
1558.00
1523.00
1487.00
1477.00
1462.00
1409.00
1373.00
1344.00
1294.00
1273.00
1285.00
1293.00
1295.00
1314.00
1299.00
1295.00
1284.00
1287.00
1276.00
1275.00
1270.00
1268.00
1259.00
1254.00
1255.00
1260.00
1281.00
1292.00
1311.00
1320.00
1322.00
1313.00
1313.00
1324.00
1333.00
1333.00
1327.00
1321.00
1306.00
1300.00
1298.00
1301.00
1301.00
1292.00
1284.00
1273.00
1257.00
1248.00
1239.00
1223.00
1217.00
1257.00
1296.00
1333.00
1357.00
1387.00
1372.00
1357.00
1336.00
1320.00
1306.00
1298.00
1281.00
