21160.00
21210.00
21280.00
21370.00
21440.00
21430.00
21660.00
21990.00
22330.00
22560.00
22750.00
22800.00
22750.00
22900.00
23280.00
23610.00
24260.00
24850.00
25240.00
25510.00
25800.00
25700.00
25780.00
25940.00
25970.00
25970.00
25940.00
25790.00
25570.00
25370.00
25160.00
25010.00
24880.00
24760.00
24690.00
24720.00
24710.00
24610.00
24460.00
24180.00
23890.00
23640.00
23430.00
23410.00
23380.00
23470.00
23560.00
23640.00
23470.00
23460.00
23390.00
23360.00
23290.00
23380.00
23580.00
23870.00
24180.00
24570.00
24750.00
24810.00
24810.00
24700.00
24620.00
24700.00
24740.00
24720.00
24870.00
24970.00
24990.00
25020.00
24950.00
24750.00
24400.00
24230.00
24130.00
24180.00
24350.00
24710.00
24930.00
25100.00
25170.00
25090.00
25000.00
24900.00
24860.00
24910.00
25000.00
25070.00
25170.00
25230.00
25270.00
25240.00
25220.00
25450.00
25910.00
26300.00
26700.00
27070.00
27220.00
27110.00
27170.00
27170.00
27070.00
27190.00
27450.00
27640.00
27830.00
28080.00
28160.00
28010.00
27910.00
27830.00
27810.00
27770.00
27820.00
27770.00
27790.00
27890.00
27870.00
27800.00
27740.00
27650.00
27420.00
27180.00
27000.00
26920.00
26850.00
26800.00
26810.00
26720.00
26530.00
26430.00
26370.00
26330.00
26400.00
26480.00
26490.00
26370.00
26210.00
26010.00
25740.00
25260.00
24530.00
23900.00
23390.00
22990.00
22810.00
23010.00
23130.00
23200.00
23180.00
23180.00
23240.00
23320.00
23320.00
23270.00
23140.00
22920.00
22720.00
22540.00
22540.00
22580.00
22640.00
22680.00
22750.00
22700.00
22610.00
22640.00
22690.00
22900.00
23110.00
23330.00
23430.00
23580.00
23570.00
23520.00
23440.00
23270.00
23030.00
22730.00
22570.00
22430.00
22390.00
22320.00
22210.00
22030.00
21900.00
21820.00
21710.00
21810.00
21810.00
21910.00
21880.00
21930.00
21850.00
21900.00
21850.00
21880.00
21830.00
21820.00
21770.00
21730.00
21710.00
21800.00
21930.00
22170.00
22370.00
22500.00
22650.00
22630.00
22420.00
22240.00
22230.00
22000.00
21740.00
21530.00
21330.00
21010.00
20840.00
20780.00
20730.00
20650.00
20550.00
20340.00
20120.00
19810.00
19510.00
19260.00
19050.00
18950.00
19060.00
19230.00
19380.00
19520.00
19610.00
19600.00
19560.00
19480.00
19590.00
19710.00
19860.00
