8856.00
8932.00
9068.00
9074.00
9102.00
9094.00
9140.00
9210.00
9504.00
9974.00
10182.00
10328.00
10404.00
10316.00
10026.00
9992.00
9822.00
9606.00
9414.00
9168.00
8930.00
8824.00
8758.00
8678.00
8588.00
8540.00
8462.00
8460.00
8436.00
8470.00
8442.00
8538.00
8552.00
8604.00
8570.00
8658.00
8694.00
8768.00
8764.00
8796.00
8634.00
8418.00
8160.00
8006.00
7830.00
7784.00
7760.00
7804.00
7738.00
7676.00
7598.00
7542.00
7432.00
7448.00
7546.00
7706.00
7848.00
8066.00
8210.00
8342.00
8356.00
8386.00
8362.00
8372.00
8356.00
8360.00
8344.00
8372.00
8356.00
8398.00
8452.00
8474.00
8402.00
8302.00
8118.00
7988.00
7872.00
7818.00
7796.00
7762.00
7716.00
7622.00
7530.00
7376.00
7304.00
7238.00
7236.00
7276.00
7352.00
7424.00
7452.00
7434.00
7344.00
7294.00
7290.00
7304.00
7338.00
7352.00
7372.00
7330.00
7298.00
7388.00
7532.00
7660.00
7730.00
7794.00
7680.00
7666.00
7598.00
7566.00
7522.00
7530.00
7406.00
7344.00
7266.00
7192.00
7132.00
7064.00
7022.00
6978.00
6904.00
6858.00
6748.00
6548.00
6410.00
6300.00
6196.00
6148.00
6140.00
6078.00
6066.00
6044.00
6004.00
5958.00
5904.00
5768.00
5636.00
5476.00
5362.00
5290.00
5242.00
5188.00
5095.00
4939.00
4813.00
4739.00
4680.00
4765.00
4909.00
5025.00
5069.00
5100.00
5120.00
5140.00
5144.00
5154.00
5118.00
5057.00
5013.00
4944.00
4966.00
5038.00
5121.00
5179.00
5280.00
5294.00
5308.00
5308.00
5330.00
5356.00
5400.00
5428.00
5462.00
5470.00
5450.00
5474.00
5444.00
5408.00
5356.00
5306.00
5214.00
5186.00
5140.00
5104.00
5084.00
5054.00
5058.00
5076.00
5130.00
5174.00
5238.00
5260.00
5300.00
5304.00
5286.00
5264.00
5236.00
5202.00
5188.00
5170.00
5160.00
5160.00
5162.00
5166.00
5206.00
5220.00
5238.00
5244.00
5234.00
5242.00
5268.00
5266.00
5225.00
5152.00
5028.00
4903.00
4815.00
4783.00
4788.00
4814.00
4826.00
4831.00
4823.00
4805.00
4773.00
4792.00
4802.00
4809.00
4821.00
4850.00
4838.00
4835.00
4832.00
4836.00
4837.00
4837.00
4831.00
4818.00
4794.00
4772.00
4787.00
