1263.00
1258.00
1253.00
1221.00
1230.00
1241.00
1279.00
1320.00
1377.00
1392.00
1433.00
1451.00
1461.00
1476.00
1496.00
1499.00
1505.00
1499.00
1482.00
1453.00
1436.00
1431.00
1444.00
1456.00
1461.00
1453.00
1430.00
1405.00
1390.00
1375.00
1354.00
1336.00
1318.00
1292.00
1260.00
1252.00
1244.00
1243.00
1229.00
1235.00
1236.00
1236.00
1225.00
1231.00
1233.00
1232.00
1233.00
1240.00
1243.00
1237.00
1225.00
1216.00
1201.00
1184.00
1192.00
1208.00
1219.00
1237.00
1256.00
1256.00
1248.00
1240.00
1234.00
1228.00
1233.00
1245.00
1262.00
1270.00
1272.00
1270.00
1270.00
1265.00
1270.00
1275.00
1281.00
1283.00
1282.00
1276.00
1272.00
1277.00
1281.00
1281.00
1282.00
1289.00
1289.00
1293.00
1314.00
1317.00
1322.00
1338.00
1345.00
1334.00
1334.00
1328.00
1310.00
1296.00
1292.00
1291.00
1293.00
1292.00
1290.00
1287.00
1298.00
1314.00
1326.00
1353.00
1365.00
1368.00
1357.00
1352.00
1339.00
1339.00
1337.00
1351.00
1355.00
1363.00
1362.00
1362.00
1357.00
1354.00
1332.00
1321.00
1290.00
1250.00
1215.00
1196.00
1181.00
1180.00
1180.00
1169.00
1158.00
1148.00
1144.00
1141.00
1147.00
1147.00
1142.00
1115.00
1108.00
1102.00
1094.00
1092.00
1098.00
1082.00
1077.00
1091.00
1097.00
1120.00
1152.00
1174.00
1180.00
1185.00
1188.00
1190.00
1189.00
1185.00
1174.00
1166.00
1158.00
1150.00
1151.00
1167.00
1178.00
1184.00
1192.00
1200.00
1196.00
1196.00
1199.00
1202.00
1201.00
1209.00
1213.00
1223.00
1229.00
1235.00
1226.00
1217.00
1192.00
1168.00
1141.00
1127.00
1107.00
1090.00
1080.00
1072.00
1066.00
1077.00
1090.00
1101.00
1114.00
1124.00
1118.00
1117.00
1107.00
1099.00
1088.00
1080.00
1072.00
1072.00
1069.00
1070.00
1076.00
1084.00
1094.00
1101.00
1106.00
1117.00
1122.00
1124.00
1127.00
1132.00
1135.00
1132.00
1140.00
1139.00
1140.00
1135.00
1142.00
1138.00
1137.00
1127.00
1119.00
1101.00
1083.00
1074.00
1075.00
1071.00
1072.00
1074.00
1076.00
1074.00
1073.00
1076.00
1077.00
1079.00
1087.00
1093.00
1097.00
1103.00
1107.00
