3642.00
3636.00
3636.00
3648.00
3660.00
3692.00
3705.00
3725.00
3740.00
3754.00
3754.00
3771.00
3786.00
3802.00
3812.00
3824.00
3828.00
3836.00
3841.00
3847.00
3855.00
3868.00
3878.00
3893.00
3910.00
3929.00
3936.00
3946.00
3950.00
3958.00
3964.00
3967.00
3966.00
3960.00
3941.00
3936.00
3942.00
3950.00
3954.00
3955.00
3949.00
3936.00
3924.00
3926.00
3938.00
3942.00
3945.00
3941.00
3929.00
3920.00
3913.00
3898.00
3886.00
3871.00
3851.00
3833.00
3828.00
3826.00
3837.00
3847.00
3851.00
3844.00
3841.00
3837.00
3835.00
3825.00
3822.00
3822.00
3815.00
3843.00
3885.00
3921.00
3949.00
3982.00
3981.00
3974.00
3980.00
3990.00
3992.00
3995.00
4004.00
3992.00
3990.00
3980.00
3970.00
3976.00
4003.00
4026.00
4051.00
4069.00
4069.00
4047.00
4009.00
3980.00
3971.00
3950.00
3937.00
3940.00
3943.00
3940.00
3954.00
3972.00
3981.00
3993.00
4001.00
4003.00
4003.00
4003.00
3998.00
3993.00
3990.00
3987.00
3984.00
3970.00
3951.00
3930.00
3915.00
3903.00
3905.00
3903.00
3909.00
3914.00
3890.00
3864.00
3844.00
3830.00
3815.00
3820.00
3825.00
3819.00
3806.00
3810.00
3817.00
3825.00
3835.00
3832.00
3788.00
3737.00
3683.00
3641.00
3610.00
3602.00
3584.00
3547.00
3494.00
3445.00
3399.00
3381.00
3386.00
3413.00
3435.00
3453.00
3467.00
3473.00
3456.00
3434.00
3381.00
3331.00
3295.00
3273.00
3273.00
3309.00
3341.00
3367.00
3394.00
3406.00
3408.00
3403.00
3398.00
3394.00
3391.00
3393.00
3402.00
3420.00
3432.00
3437.00
3436.00
3433.00
3417.00
3400.00
3394.00
3388.00
3377.00
3368.00
3371.00
3365.00
3369.00
3377.00
3389.00
3399.00
3408.00
3422.00
3433.00
3442.00
3435.00
3428.00
3418.00
3407.00
3400.00
3406.00
3413.00
3417.00
3429.00
3432.00
3443.00
3458.00
3475.00
3490.00
3511.00
3517.00
3511.00
3509.00
3494.00
3477.00
3459.00
3479.00
3490.00
3507.00
3515.00
3529.00
3511.00
3490.00
3472.00
3456.00
3434.00
3412.00
3394.00
3378.00
3367.00
3362.00
3369.00
3380.00
3390.00
3405.00
3419.00
3426.00
3424.00
3428.00
3436.00
3451.00
3460.00
