2596.00
2620.00
2644.00
2693.00
2775.00
2857.00
2941.00
3009.00
3062.00
3056.00
3049.00
3051.00
3077.00
3085.00
3115.00
3156.00
3154.00
3143.00
3149.00
3158.00
3153.00
3153.00
3168.00
3181.00
3177.00
3180.00
3199.00
3200.00
3190.00
3183.00
3161.00
3133.00
3102.00
3083.00
3031.00
2990.00
2958.00
2960.00
2936.00
2934.00
2931.00
2926.00
2889.00
2882.00
2884.00
2896.00
2896.00
2899.00
2889.00
2894.00
2878.00
2874.00
2882.00
2879.00
2874.00
2882.00
2902.00
2926.00
2962.00
3030.00
3090.00
3124.00
3153.00
3194.00
3210.00
3224.00
3235.00
3232.00
3243.00
3249.00
3276.00
3307.00
3347.00
3331.00
3294.00
3239.00
3186.00
3118.00
3086.00
3073.00
3079.00
3074.00
3074.00
3062.00
3050.00
3031.00
3012.00
2994.00
2960.00
2928.00
2898.00
2878.00
2850.00
2847.00
2848.00
2823.00
2810.00
2909.00
3075.00
3362.00
3639.00
4157.00
4578.00
4907.00
5157.00
5512.00
5530.00
5383.00
5226.00
4999.00
4679.00
4475.00
4310.00
4168.00
4065.00
3952.00
3799.00
3795.00
3814.00
3815.00
3823.00
3880.00
3853.00
3811.00
3808.00
3845.00
3856.00
3891.00
3952.00
3986.00
3979.00
3971.00
3954.00
3912.00
3804.00
3717.00
3607.00
3502.00
3415.00
3415.00
3387.00
3386.00
3374.00
3327.00
3269.00
3260.00
3374.00
3531.00
3735.00
3854.00
3926.00
3878.00
3850.00
3798.00
3769.00
3769.00
3735.00
3690.00
3628.00
3638.00
3629.00
3655.00
3669.00
3691.00
3669.00
3666.00
3657.00
3654.00
3667.00
3720.00
3997.00
4562.00
4973.00
5635.00
6162.00
6572.00
6650.00
6786.00
6592.00
6364.00
5984.00
5692.00
5424.00
5160.00
5013.00
4891.00
4741.00
4682.00
4662.00
4711.00
4741.00
4767.00
4744.00
4702.00
4618.00
4578.00
4504.00
4456.00
4454.00
4451.00
4407.00
4387.00
4390.00
4396.00
4421.00
4449.00
4487.00
4475.00
4483.00
4482.00
4494.00
4491.00
4502.00
4432.00
4346.00
4284.00
4229.00
4210.00
4238.00
4280.00
4290.00
4291.00
4249.00
4222.00
4152.00
4159.00
4184.00
4224.00
4266.00
4357.00
4400.00
4397.00
4417.00
4419.00
4407.00
4394.00
4369.00
4323.00
4296.00
4276.00
4262.00
