3211.00
3213.00
3230.00
3243.00
3257.00
3275.00
3295.00
3313.00
3330.00
3343.00
3375.00
3378.00
3374.00
3380.00
3383.00
3363.00
3386.00
3411.00
3422.00
3455.00
3497.00
3513.00
3522.00
3534.00
3521.00
3510.00
3512.00
3526.00
3543.00
3567.00
3600.00
3623.00
3625.00
3618.00
3585.00
3537.00
3486.00
3453.00
3427.00
3448.00
3471.00
3511.00
3547.00
3613.00
3626.00
3634.00
3626.00
3613.00
3559.00
3541.00
3528.00
3525.00
3520.00
3516.00
3516.00
3514.00
3502.00
3509.00
3525.00
3535.00
3542.00
3549.00
3547.00
3567.00
3600.00
3627.00
3668.00
3705.00
3708.00
3719.00
3759.00
3806.00
3849.00
3873.00
3880.00
3857.00
3817.00
3787.00
3810.00
3811.00
3812.00
3786.00
3756.00
3697.00
3656.00
3630.00
3609.00
3579.00
3546.00
3512.00
3463.00
3428.00
3402.00
3387.00
3384.00
3385.00
3392.00
3396.00
3401.00
3406.00
3416.00
3428.00
3450.00
3482.00
3505.00
3527.00
3544.00
3563.00
3574.00
3598.00
3609.00
3612.00
3621.00
3616.00
3594.00
3589.00
3590.00
3582.00
3606.00
3622.00
3647.00
3664.00
3637.00
3593.00
3557.00
3509.00
3485.00
3499.00
3503.00
3499.00
3499.00
3496.00
3493.00
3493.00
3503.00
3493.00
3472.00
3429.00
3406.00
3384.00
3380.00
3378.00
3374.00
3349.00
3331.00
3324.00
3320.00
3344.00
3366.00
3384.00
3378.00
3370.00
3366.00
3372.00
3373.00
3380.00
3372.00
3360.00
3347.00
3335.00
3331.00
3349.00
3364.00
3378.00
3393.00
3406.00
3409.00
3420.00
3432.00
3533.00
3590.00
3612.00
3625.00
3628.00
3546.00
3506.00
3493.00
3477.00
3462.00
3437.00
3412.00
3391.00
3372.00
3360.00
3355.00
3353.00
3379.00
3394.00
3410.00
3420.00
3424.00
3410.00
3401.00
3393.00
3385.00
3385.00
3378.00
3379.00
3380.00
3387.00
3389.00
3395.00
3407.00
3416.00
3429.00
3442.00
3454.00
3459.00
3470.00
3482.00
3490.00
3495.00
3496.00
3480.00
3460.00
3442.00
3428.00
3419.00
3421.00
3419.00
3417.00
3414.00
3409.00
3397.00
3388.00
3390.00
3392.00
3395.00
3411.00
3425.00
3463.00
3491.00
3524.00
3546.00
3569.00
3559.00
3558.00
3563.00
3574.00
3558.00
3536.00
