75700.00
76220.00
77240.00
78240.00
78800.00
79360.00
79840.00
79860.00
80160.00
80580.00
80920.00
81000.00
81280.00
81320.00
82120.00
83080.00
84160.00
85020.00
85520.00
85460.00
84920.00
84640.00
85020.00
86120.00
87240.00
88300.00
89120.00
89980.00
90080.00
89660.00
89760.00
89980.00
89880.00
89720.00
89940.00
89820.00
88840.00
88100.00
87720.00
87120.00
86940.00
87380.00
87400.00
87440.00
87420.00
86940.00
86000.00
85040.00
83980.00
82760.00
81860.00
81700.00
82220.00
82440.00
82760.00
83120.00
83060.00
82920.00
82940.00
83080.00
82940.00
83860.00
84180.00
84600.00
84900.00
85400.00
84560.00
84480.00
84300.00
84880.00
85160.00
85540.00
85220.00
85200.00
84400.00
84340.00
84500.00
84680.00
84900.00
85220.00
84940.00
84340.00
83900.00
83060.00
82400.00
82420.00
83100.00
83720.00
84580.00
85740.00
85900.00
85620.00
85300.00
85260.00
84500.00
83980.00
83580.00
83300.00
82600.00
82060.00
81860.00
81440.00
80920.00
80780.00
80680.00
80560.00
80420.00
80200.00
79820.00
79360.00
78980.00
79360.00
79780.00
80120.00
80420.00
80560.00
80140.00
79840.00
79840.00
80560.00
81700.00
82560.00
82740.00
82620.00
82000.00
81060.00
80560.00
80820.00
81760.00
82440.00
83480.00
84120.00
84520.00
84280.00
84280.00
83600.00
82860.00
82120.00
81300.00
80800.00
80120.00
79580.00
79060.00
78460.00
77620.00
77560.00
77520.00
77660.00
78280.00
78940.00
79140.00
79960.00
80840.00
81280.00
81380.00
81460.00
80860.00
80120.00
79820.00
79520.00
79200.00
79060.00
78960.00
78680.00
78560.00
79180.00
79320.00
79400.00
79500.00
79620.00
79180.00
79180.00
79440.00
79680.00
79860.00
80180.00
80400.00
80600.00
80580.00
80460.00
80560.00
80740.00
80780.00
80960.00
81540.00
81580.00
82400.00
83460.00
84760.00
85800.00
87580.00
88400.00
89200.00
90260.00
91320.00
92040.00
93220.00
94320.00
94620.00
94820.00
94720.00
94360.00
93940.00
93500.00
93100.00
92760.00
92320.00
91860.00
92120.00
92180.00
93020.00
93780.00
95100.00
95600.00
96460.00
96600.00
97000.00
96640.00
96760.00
97300.00
98100.00
98440.00
98780.00
98820.00
98320.00
97740.00
97080.00
96580.00
96760.00
97220.00
97800.00
98560.00
100040.00
101440.00
102520.00
103220.00
104400.00
105100.00
105300.00
105900.00
106200.00
