6290.00
6294.00
6306.00
6326.00
6352.00
6378.00
6392.00
6408.00
6422.00
6498.00
6590.00
6698.00
6790.00
6868.00
6884.00
6856.00
6806.00
6798.00
6792.00
6774.00
6734.00
6690.00
6636.00
6602.00
6590.00
6676.00
6758.00
6818.00
6856.00
6886.00
6836.00
6802.00
6734.00
6658.00
6554.00
6500.00
6436.00
6416.00
6406.00
6420.00
6400.00
6410.00
6418.00
6438.00
6468.00
6506.00
6524.00
6526.00
6526.00
6508.00
6456.00
6402.00
6352.00
6288.00
6248.00
6256.00
6266.00
6284.00
6302.00
6300.00
6282.00
6266.00
6250.00
6250.00
6282.00
6314.00
6358.00
6392.00
6438.00
6458.00
6500.00
6540.00
6604.00
6618.00
6608.00
6594.00
6568.00
6524.00
6522.00
6526.00
6498.00
6446.00
6396.00
6316.00
6258.00
6222.00
6210.00
6186.00
6200.00
6194.00
6180.00
6168.00
6134.00
6090.00
6070.00
6028.00
5982.00
6000.00
6024.00
6034.00
6080.00
6140.00
6168.00
6194.00
6222.00
6248.00
6278.00
6314.00
6332.00
6364.00
6388.00
6402.00
6400.00
6402.00
6390.00
6372.00
6342.00
6308.00
6282.00
6258.00
6244.00
6230.00
6196.00
6170.00
6152.00
6130.00
6114.00
6112.00
6102.00
6074.00
6044.00
6014.00
6004.00
5988.00
5974.00
5942.00
5910.00
5826.00
5768.00
5708.00
5640.00
5568.00
5480.00
5430.00
5380.00
5340.00
5300.00
5318.00
5262.00
5266.00
5320.00
5420.00
5492.00
5588.00
5596.00
5538.00
5416.00
5334.00
5262.00
5222.00
5226.00
5262.00
5294.00
5312.00
5344.00
5354.00
5340.00
5344.00
5338.00
5344.00
5408.00
5478.00
5522.00
5616.00
5660.00
5668.00
5716.00
5788.00
5788.00
5788.00
5776.00
5728.00
5650.00
5578.00
5524.00
5472.00
5418.00
5394.00
5388.00
5400.00
5414.00
5434.00
5488.00
5514.00
5526.00
5520.00
5520.00
5488.00
5482.00
5496.00
5514.00
5528.00
5536.00
5540.00
5548.00
5558.00
5572.00
5606.00
5638.00
5698.00
5740.00
5772.00
5758.00
5710.00
5598.00
5508.00
5436.00
5378.00
5350.00
5352.00
5348.00
5314.00
5290.00
5276.00
5234.00
5208.00
5198.00
5172.00
5142.00
5152.00
5172.00
5190.00
5226.00
5262.00
5276.00
5288.00
5302.00
5294.00
5296.00
5296.00
5286.00
