4194.00
4232.00
4258.00
4315.00
4464.00
4623.00
4776.00
4938.00
5078.00
5106.00
5108.00
5136.00
5178.00
5228.00
5276.00
5272.00
5258.00
5222.00
5222.00
5252.00
5332.00
5358.00
5376.00
5308.00
5218.00
5121.00
5071.00
5053.00
5047.00
5024.00
5022.00
4996.00
4970.00
4974.00
4893.00
4752.00
4624.00
4465.00
4279.00
4197.00
4161.00
4131.00
4114.00
4137.00
4141.00
4153.00
4159.00
4157.00
4125.00
4114.00
4072.00
4032.00
4005.00
3990.00
3991.00
4016.00
4032.00
4051.00
4070.00
4085.00
4094.00
4095.00
4097.00
4108.00
4129.00
4140.00
4152.00
4156.00
4140.00
4102.00
4079.00
4070.00
4065.00
4059.00
4060.00
4062.00
4057.00
4048.00
4045.00
4041.00
4033.00
3990.00
3952.00
3895.00
3838.00
3795.00
3783.00
3767.00
3765.00
3755.00
3732.00
3693.00
3644.00
3584.00
3559.00
3526.00
3520.00
3527.00
3565.00
3591.00
3615.00
3636.00
3670.00
3714.00
3741.00
3793.00
3838.00
3847.00
3833.00
3831.00
3815.00
3797.00
3829.00
3851.00
3852.00
3836.00
3821.00
3802.00
3805.00
3796.00
3794.00
3796.00
3734.00
3644.00
3577.00
3542.00
3509.00
3505.00
3521.00
3513.00
3482.00
3456.00
3441.00
3422.00
3418.00
3389.00
3352.00
3297.00
3246.00
3198.00
3167.00
3128.00
3035.00
2925.00
2834.00
2786.00
2753.00
2814.00
2883.00
2926.00
2925.00
2937.00
2936.00
2951.00
2972.00
2993.00
2974.00
2939.00
2908.00
2883.00
2883.00
2895.00
2923.00
2949.00
2978.00
2982.00
2991.00
3018.00
3117.00
3252.00
3367.00
3483.00
3565.00
3576.00
3547.00
3539.00
3515.00
3498.00
3455.00
3408.00
3372.00
3360.00
3353.00
3325.00
3284.00
3246.00
3197.00
3155.00
3130.00
3122.00
3102.00
3098.00
3079.00
3083.00
3070.00
3066.00
3043.00
3026.00
3004.00
2997.00
3021.00
3047.00
3080.00
3120.00
3169.00
3183.00
3208.00
3224.00
3226.00
3213.00
3202.00
3201.00
3197.00
3180.00
3148.00
3115.00
3072.00
3037.00
3028.00
3032.00
3036.00
3030.00
3020.00
2996.00
2973.00
2951.00
2936.00
2927.00
2922.00
2928.00
2942.00
2958.00
2962.00
2970.00
2971.00
2961.00
2945.00
2935.00
2929.00
2929.00
2941.00
