28720.00
29270.00
29600.00
29760.00
29610.00
29360.00
29060.00
28740.00
28510.00
28450.00
28480.00
28650.00
28920.00
29230.00
29420.00
29510.00
29490.00
29540.00
29420.00
29340.00
29380.00
29480.00
29560.00
29730.00
30050.00
30280.00
30420.00
30530.00
30570.00
30460.00
30400.00
30360.00
30250.00
30210.00
30140.00
30110.00
30080.00
29980.00
29640.00
29330.00
29010.00
28660.00
28520.00
28760.00
28980.00
29300.00
29720.00
30030.00
30140.00
30920.00
31520.00
32000.00
32600.00
33530.00
33960.00
34300.00
34770.00
35010.00
34680.00
34280.00
34110.00
33730.00
33450.00
33570.00
33600.00
33520.00
33400.00
33400.00
34450.00
35090.00
36060.00
36900.00
37420.00
36620.00
36330.00
35860.00
35600.00
35580.00
35590.00
35410.00
35040.00
34610.00
34220.00
33900.00
34080.00
34460.00
34970.00
35430.00
35740.00
35850.00
35780.00
35720.00
35480.00
35830.00
36220.00
36590.00
36760.00
37150.00
37200.00
36960.00
36950.00
37530.00
38070.00
38550.00
39170.00
39830.00
39910.00
39950.00
39870.00
39900.00
40100.00
40230.00
40590.00
41100.00
41690.00
42120.00
42630.00
43000.00
43470.00
43830.00
43820.00
44020.00
43850.00
43650.00
43430.00
43460.00
43160.00
43350.00
43320.00
42990.00
42460.00
42170.00
41600.00
40970.00
40560.00
40490.00
39990.00
39360.00
38840.00
38420.00
37600.00
37170.00
36660.00
35980.00
35380.00
35020.00
34790.00
34820.00
35010.00
34990.00
34890.00
34750.00
34800.00
34910.00
34960.00
34900.00
34890.00
34930.00
35470.00
36130.00
36980.00
37810.00
38470.00
38790.00
39000.00
39110.00
39300.00
39620.00
39720.00
39940.00
40190.00
40140.00
39920.00
39860.00
39770.00
39700.00
39490.00
39310.00
39020.00
38910.00
38730.00
38820.00
38720.00
38460.00
37990.00
37370.00
36650.00
36340.00
36070.00
35910.00
35940.00
35980.00
35690.00
35370.00
35060.00
34680.00
34690.00
34690.00
34850.00
34860.00
34900.00
34600.00
34310.00
33710.00
33160.00
32640.00
32270.00
31890.00
31860.00
31720.00
31490.00
31160.00
31030.00
30690.00
30280.00
30080.00
29960.00
29840.00
29830.00
29970.00
29890.00
29870.00
29720.00
29520.00
29200.00
29090.00
28880.00
28630.00
28510.00
28620.00
28740.00
28900.00
29150.00
29320.00
29390.00
29340.00
29260.00
29150.00
29190.00
29250.00
29310.00
