3212.00
3471.00
3562.00
3596.00
3609.00
3632.00
3609.00
3629.00
3697.00
3796.00
3871.00
3948.00
4003.00
4079.00
4086.00
4041.00
4015.00
3980.00
3927.00
3916.00
3960.00
3953.00
3933.00
3869.00
3689.00
3515.00
3360.00
3210.00
3047.00
2978.00
2926.00
2867.00
2832.00
2834.00
2767.00
2654.00
2582.00
2490.00
2360.00
2336.00
2330.00
2312.00
2299.00
2333.00
2313.00
2322.00
2330.00
2338.00
2299.00
2298.00
2276.00
2242.00
2206.00
2186.00
2227.00
2271.00
2312.00
2368.00
2423.00
2443.00
2445.00
2455.00
2460.00
2485.00
2465.00
2449.00
2419.00
2377.00
2316.00
2282.00
2258.00
2247.00
2241.00
2233.00
2228.00
2207.00
2180.00
2160.00
2148.00
2128.00
2125.00
2111.00
2086.00
2060.00
2035.00
2008.00
1997.00
2066.00
2179.00
2292.00
2397.00
2470.00
2501.00
2463.00
2427.00
2397.00
2399.00
2383.00
2391.00
2414.00
2443.00
2484.00
2516.00
2565.00
2589.00
2609.00
2649.00
2658.00
2634.00
2653.00
2665.00
2630.00
2661.00
2694.00
2690.00
2687.00
2686.00
2729.00
2823.00
2928.00
3007.00
3119.00
3097.00
3012.00
2929.00
3040.00
3124.00
3269.00
3460.00
3584.00
3505.00
3479.00
3447.00
3386.00
3347.00
3318.00
3246.00
3117.00
3024.00
3007.00
3002.00
3006.00
3023.00
2974.00
2905.00
2896.00
2897.00
2992.00
3132.00
3281.00
3371.00
3460.00
3482.00
3495.00
3460.00
3419.00
3322.00
3239.00
3174.00
3151.00
3151.00
3149.00
3136.00
3104.00
3071.00
3031.00
3030.00
3117.00
3233.00
3363.00
3482.00
3617.00
3671.00
3717.00
3728.00
3728.00
3679.00
3634.00
3567.00
3481.00
3422.00
3443.00
3468.00
3373.00
3302.00
3229.00
3112.00
3014.00
3040.00
3064.00
3069.00
3072.00
3023.00
3002.00
2942.00
2922.00
2888.00
2878.00
2857.00
2850.00
2831.00
2834.00
2851.00
2858.00
2907.00
2926.00
2947.00
2942.00
2932.00
2909.00
2920.00
2939.00
2958.00
2950.00
2907.00
2856.00
2788.00
2740.00
2704.00
2650.00
2601.00
2544.00
2505.00
2449.00
2434.00
2425.00
2428.00
2400.00
2417.00
2460.00
2479.00
2481.00
2470.00
2463.00
2429.00
2414.00
2381.00
2371.00
2363.00
2361.00
2346.00
