623.20
622.40
622.20
627.00
637.00
647.20
657.00
665.80
671.60
676.00
679.40
684.00
689.20
693.40
695.00
695.20
693.40
692.20
691.40
689.80
691.80
694.00
696.80
698.20
701.60
704.60
708.60
711.80
714.40
713.80
714.00
713.60
712.00
711.00
708.20
706.40
704.40
701.80
698.00
698.20
697.80
693.00
690.60
690.60
688.00
684.40
684.80
682.60
682.60
683.60
682.40
681.60
681.40
680.00
680.40
682.40
684.80
688.20
691.20
696.80
702.20
706.60
712.00
717.20
720.60
730.80
739.20
747.60
748.20
747.20
738.00
728.80
720.40
717.20
714.40
712.20
711.20
709.00
708.60
706.20
703.00
700.40
695.80
689.60
684.80
682.00
679.80
679.60
676.00
673.60
673.40
673.40
669.20
670.80
671.40
668.40
662.80
660.60
661.00
661.60
664.00
669.00
675.60
678.80
683.20
686.80
689.00
690.00
690.60
691.40
692.40
695.00
695.40
695.20
690.80
686.00
681.60
679.40
675.40
673.20
672.20
671.80
667.80
665.40
665.20
663.40
661.00
659.40
656.00
649.60
641.40
635.60
632.40
631.40
631.40
632.00
623.40
609.80
595.40
582.60
570.40
559.60
550.00
538.80
532.40
533.00
542.20
563.60
580.40
584.60
580.60
572.00
558.60
553.80
558.40
568.80
576.60
580.40
583.40
583.60
580.00
580.60
581.20
580.80
579.80
580.00
579.00
579.60
581.40
583.40
584.80
587.00
588.20
589.80
592.00
595.00
598.80
603.40
607.60
610.80
612.00
612.00
609.00
600.20
591.60
588.20
581.00
576.00
579.00
585.60
588.40
590.20
594.00
596.20
593.80
590.80
592.40
586.80
581.00
577.20
573.40
570.40
572.60
574.00
576.20
577.00
578.00
579.60
589.80
596.40
598.20
601.20
605.00
597.40
592.40
595.80
598.00
598.40
600.80
603.00
602.80
600.20
596.60
594.00
591.20
590.80
592.60
595.00
597.40
599.80
600.40
600.60
601.00
601.80
603.80
612.60
617.80
637.40
650.60
669.80
682.40
