401.80
405.20
411.20
411.40
410.40
411.20
412.00
411.00
409.60
409.80
410.20
410.40
413.40
417.60
421.40
422.40
424.20
424.60
424.00
422.40
422.20
419.60
416.60
417.20
432.60
459.20
489.20
517.00
540.40
551.00
546.40
539.80
531.80
525.00
513.80
509.00
502.20
509.40
513.20
517.60
525.00
533.60
528.80
526.20
523.20
516.80
515.00
516.80
516.60
521.40
521.60
518.40
513.80
511.00
506.80
506.00
504.60
506.20
511.00
523.60
532.00
538.80
543.00
544.20
539.80
538.60
537.80
539.60
539.00
536.40
535.40
536.20
535.80
541.00
544.40
549.80
559.40
565.20
568.40
568.40
564.40
550.80
542.00
533.20
528.20
527.20
527.40
523.00
519.20
515.40
508.80
501.00
493.00
484.00
476.00
463.60
453.80
448.00
442.40
435.80
435.20
440.00
444.80
451.20
458.80
464.40
466.20
468.00
468.80
469.60
473.60
478.40
481.40
484.20
484.60
479.20
472.60
468.80
465.20
463.40
461.00
460.20
451.80
438.60
427.40
422.60
416.20
415.00
417.40
414.40
409.60
408.20
407.20
406.80
408.40
405.20
400.40
392.00
384.00
377.20
374.00
369.80
363.60
355.00
347.60
344.20
344.60
350.20
356.20
362.00
364.00
362.20
362.60
365.60
371.60
374.80
376.80
377.20
376.00
371.00
370.80
372.80
374.00
375.80
379.00
381.40
380.40
381.40
382.60
382.40
381.80
383.60
383.60
382.00
380.40
378.60
375.80
373.20
370.80
367.20
362.60
357.80
352.60
346.40
343.80
341.20
339.80
339.60
342.60
344.20
346.60
349.20
350.80
350.60
348.80
344.80
341.00
337.80
334.40
332.40
332.60
332.60
332.40
333.00
333.20
335.60
337.20
340.00
348.20
361.40
363.20
367.60
371.60
367.20
358.00
360.20
367.00
373.40
380.00
384.80
387.40
380.40
371.00
365.80
359.40
353.60
349.60
346.40
342.40
341.60
342.00
343.80
345.40
347.20
348.40
347.80
345.00
342.40
339.80
337.00
337.60
