37570.00
37640.00
37710.00
37780.00
37830.00
37890.00
37990.00
38250.00
38550.00
38790.00
39080.00
39310.00
39440.00
39510.00
39610.00
39660.00
39680.00
39620.00
39600.00
39610.00
39580.00
39630.00
39660.00
39710.00
39670.00
39690.00
39690.00
39710.00
39670.00
39760.00
39800.00
40070.00
40380.00
40720.00
40820.00
40880.00
40730.00
40530.00
40320.00
40300.00
40360.00
40500.00
40790.00
41060.00
41380.00
41790.00
42060.00
42230.00
42420.00
42560.00
42470.00
42450.00
42180.00
41550.00
40950.00
40480.00
40000.00
39730.00
39790.00
39810.00
39590.00
39350.00
39150.00
38900.00
38660.00
38590.00
38560.00
38480.00
38400.00
38350.00
38340.00
38380.00
38410.00
38560.00
38610.00
38730.00
38760.00
38820.00
38790.00
38760.00
38780.00
38790.00
38760.00
38670.00
38640.00
38500.00
38370.00
38210.00
38140.00
38090.00
38020.00
37980.00
37970.00
37850.00
37720.00
37630.00
37570.00
37400.00
37270.00
37170.00
37070.00
37070.00
37130.00
37310.00
37460.00
37520.00
37450.00
37450.00
37450.00
37450.00
37530.00
37600.00
37680.00
37660.00
37630.00
37650.00
37670.00
37630.00
37640.00
37650.00
37600.00
37550.00
37480.00
37420.00
37420.00
37420.00
37410.00
37440.00
37450.00
37390.00
37310.00
37240.00
37220.00
37160.00
37110.00
37100.00
36970.00
36820.00
36730.00
36630.00
36530.00
36540.00
36440.00
36010.00
35500.00
35020.00
34550.00
34340.00
34240.00
34320.00
34300.00
34290.00
34190.00
34320.00
34380.00
34500.00
34640.00
34770.00
34910.00
35040.00
35180.00
35240.00
35260.00
35270.00
35230.00
35190.00
35210.00
35200.00
35230.00
35330.00
35470.00
35600.00
35750.00
35820.00
35870.00
35860.00
35800.00
35750.00
35680.00
35610.00
35560.00
35530.00
35550.00
35570.00
35570.00
35530.00
35550.00
35530.00
35530.00
35610.00
35730.00
35840.00
35970.00
36070.00
36080.00
36050.00
36010.00
35980.00
35970.00
36000.00
36090.00
36160.00
36170.00
36220.00
36320.00
36380.00
36570.00
36800.00
37000.00
37050.00
37080.00
36990.00
36870.00
36710.00
36600.00
36470.00
36310.00
36150.00
36070.00
36010.00
35950.00
35900.00
35850.00
35730.00
35610.00
35630.00
35680.00
35630.00
35630.00
35730.00
35690.00
35650.00
35780.00
35900.00
35880.00
35900.00
35910.00
35880.00
35830.00
35810.00
35790.00
