6848.00
6780.00
6810.00
6834.00
6856.00
6878.00
6880.00
6880.00
6874.00
6858.00
6850.00
6844.00
6852.00
6902.00
6968.00
7052.00
7128.00
7194.00
7220.00
7256.00
7290.00
7350.00
7364.00
7374.00
7366.00
7346.00
7284.00
7248.00
7196.00
7136.00
7068.00
7022.00
6980.00
6968.00
6946.00
6930.00
6906.00
6876.00
6834.00
6808.00
6786.00
6738.00
6720.00
6698.00
6674.00
6630.00
6630.00
6602.00
6530.00
6460.00
6410.00
6340.00
6372.00
6422.00
6438.00
6476.00
6536.00
6510.00
6514.00
6554.00
6554.00
6546.00
6510.00
6496.00
6498.00
6504.00
6512.00
6578.00
6622.00
6636.00
6638.00
6652.00
6624.00
6574.00
6506.00
6438.00
6374.00
6516.00
6636.00
6774.00
6902.00
7012.00
6928.00
6944.00
7052.00
7224.00
7298.00
7314.00
7202.00
6982.00
6706.00
6516.00
6386.00
6308.00
6294.00
6336.00
6582.00
6762.00
6938.00
7042.00
7194.00
7090.00
7064.00
7060.00
7088.00
7032.00
7038.00
6972.00
6980.00
6998.00
7052.00
7072.00
7142.00
7126.00
7092.00
6992.00
7018.00
7060.00
7104.00
7140.00
7210.00
7168.00
7082.00
6992.00
6924.00
6792.00
6694.00
6618.00
6560.00
6500.00
6510.00
6502.00
6512.00
6522.00
6530.00
6534.00
6536.00
6532.00
6448.00
6402.00
6430.00
6520.00
6592.00
6744.00
6880.00
7012.00
7084.00
7178.00
7244.00
7302.00
7370.00
7468.00
7678.00
8048.00
8552.00
8904.00
9138.00
9214.00
9128.00
8748.00
8420.00
8164.00
7928.00
7714.00
7650.00
7574.00
7468.00
7330.00
7228.00
7256.00
7320.00
7430.00
7498.00
7416.00
7244.00
7040.00
6810.00
6688.00
6688.00
6654.00
6638.00
6660.00
6724.00
6768.00
6754.00
6738.00
6682.00
6604.00
6560.00
6600.00
6724.00
6874.00
6948.00
6958.00
6936.00
6852.00
6798.00
6792.00
6812.00
6820.00
7066.00
7378.00
7688.00
8020.00
8180.00
7950.00
7610.00
7178.00
6786.00
6530.00
6422.00
6336.00
6388.00
6444.00
6536.00
6608.00
6680.00
6696.00
6668.00
6604.00
6528.00
6418.00
6316.00
6216.00
6158.00
6272.00
6300.00
6282.00
6262.00
6246.00
6080.00
5992.00
5924.00
5838.00
5754.00
5644.00
5570.00
5560.00
5542.00
5496.00
5452.00
