34540.00
34440.00
34370.00
34450.00
34570.00
34440.00
34610.00
34620.00
34450.00
34020.00
33590.00
33280.00
32940.00
32780.00
32830.00
32890.00
32960.00
33300.00
33470.00
33610.00
33750.00
33980.00
33890.00
33910.00
33970.00
33940.00
33680.00
33470.00
33350.00
33250.00
33420.00
33610.00
33970.00
34280.00
34590.00
34880.00
35210.00
35300.00
35240.00
35200.00
35040.00
35010.00
34980.00
35140.00
35290.00
35180.00
34770.00
34230.00
33520.00
32830.00
32270.00
31890.00
31680.00
31430.00
31020.00
30760.00
30500.00
30290.00
30190.00
30050.00
29860.00
29560.00
29430.00
29240.00
29220.00
29170.00
29280.00
29130.00
29060.00
29010.00
28960.00
28840.00
28690.00
28490.00
28300.00
28260.00
28180.00
28160.00
28150.00
28160.00
27970.00
27720.00
27570.00
27440.00
27220.00
26930.00
26670.00
26300.00
25950.00
25590.00
25350.00
25240.00
25250.00
25170.00
25180.00
25100.00
25050.00
25150.00
25480.00
25660.00
25860.00
26010.00
25880.00
25790.00
25850.00
25930.00
25890.00
25890.00
25730.00
25590.00
25540.00
25680.00
25820.00
25880.00
25920.00
25880.00
25750.00
25610.00
25520.00
25540.00
25550.00
25640.00
25760.00
25810.00
25680.00
25600.00
25490.00
25390.00
25400.00
25440.00
25480.00
25560.00
25670.00
26010.00
26260.00
26620.00
26970.00
27360.00
27430.00
27670.00
27540.00
27440.00
27210.00
26950.00
26650.00
26410.00
26030.00
25730.00
25460.00
25200.00
25050.00
25150.00
25230.00
25390.00
25560.00
25740.00
25640.00
25530.00
25450.00
25340.00
25330.00
25380.00
25390.00
25370.00
25280.00
25160.00
25060.00
25070.00
25130.00
25230.00
25360.00
25430.00
25460.00
25460.00
25640.00
25870.00
26130.00
26290.00
26330.00
26240.00
26100.00
25850.00
25640.00
25530.00
25440.00
25350.00
25340.00
25420.00
25540.00
25660.00
25800.00
25920.00
25950.00
25940.00
25830.00
25650.00
25580.00
25490.00
25360.00
25430.00
25440.00
25400.00
25410.00
25440.00
25630.00
25930.00
26260.00
26660.00
27090.00
27180.00
27400.00
27570.00
27730.00
27880.00
28010.00
28000.00
28000.00
27940.00
27790.00
27710.00
27690.00
27770.00
27910.00
28280.00
28520.00
28710.00
28780.00
28710.00
28560.00
28350.00
28110.00
27880.00
27760.00
27680.00
27830.00
27900.00
27990.00
28060.00
27970.00
27840.00
27800.00
