2285.00
2304.00
2334.00
2358.00
2357.00
2361.00
2357.00
2360.00
2378.00
2409.00
2441.00
2452.00
2468.00
2475.00
2474.00
2465.00
2483.00
2485.00
2497.00
2514.00
2531.00
2511.00
2493.00
2462.00
2447.00
2469.00
2526.00
2580.00
2648.00
2686.00
2686.00
2682.00
2689.00
2684.00
2682.00
2690.00
2682.00
2656.00
2617.00
2597.00
2586.00
2579.00
2586.00
2619.00
2625.00
2621.00
2621.00
2605.00
2571.00
2539.00
2492.00
2458.00
2448.00
2426.00
2426.00
2435.00
2437.00
2434.00
2473.00
2510.00
2549.00
2584.00
2625.00
2641.00
2659.00
2680.00
2684.00
2680.00
2661.00
2648.00
2646.00
2665.00
2677.00
2696.00
2690.00
2678.00
2661.00
2648.00
2651.00
2671.00
2677.00
2663.00
2652.00
2623.00
2599.00
2587.00
2585.00
2570.00
2557.00
2544.00
2528.00
2497.00
2472.00
2449.00
2435.00
2406.00
2393.00
2389.00
2391.00
2379.00
2381.00
2394.00
2402.00
2420.00
2441.00
2460.00
2486.00
2517.00
2531.00
2538.00
2545.00
2543.00
2544.00
2551.00
2555.00
2564.00
2566.00
2557.00
2541.00
2523.00
2510.00
2512.00
2506.00
2512.00
2535.00
2569.00
2593.00
2615.00
2636.00
2668.00
2651.00
2658.00
2686.00
2683.00
2645.00
2616.00
2567.00
2501.00
2477.00
2467.00
2466.00
2470.00
2466.00
2454.00
2432.00
2428.00
2412.00
2414.00
2401.00
2406.00
2402.00
2406.00
2414.00
2435.00
2456.00
2487.00
2496.00
2507.00
2510.00
2510.00
2493.00
2502.00
2500.00
2499.00
2491.00
2486.00
2467.00
2452.00
2441.00
2438.00
2434.00
2439.00
2444.00
2443.00
2430.00
2424.00
2412.00
2403.00
2409.00
2407.00
2405.00
2403.00
2399.00
2385.00
2389.00
2388.00
2387.00
2387.00
2386.00
2378.00
2367.00
2364.00
2359.00
2360.00
2360.00
2365.00
2366.00
2374.00
2399.00
2425.00
2457.00
2491.00
2523.00
2530.00
2538.00
2537.00
2535.00
2521.00
2518.00
2516.00
2513.00
2498.00
2490.00
2470.00
2440.00
2421.00
2422.00
2420.00
2417.00
2424.00
2421.00
2403.00
2389.00
2374.00
2373.00
2384.00
2399.00
2416.00
2435.00
2444.00
2446.00
2451.00
2458.00
2459.00
2458.00
2456.00
2457.00
2454.00
2472.00
2487.00
2496.00
