7978.00
8104.00
8186.00
8250.00
8232.00
8170.00
8116.00
8092.00
8092.00
8156.00
8224.00
8306.00
8374.00
8392.00
8372.00
8340.00
8274.00
8214.00
8194.00
8218.00
8216.00
8218.00
8246.00
8304.00
8410.00
8524.00
8730.00
8890.00
9028.00
9082.00
9158.00
9184.00
9164.00
9108.00
9038.00
9016.00
8958.00
8956.00
8940.00
8916.00
8826.00
8796.00
8792.00
8822.00
8872.00
8946.00
8990.00
9022.00
9024.00
8982.00
8940.00
8920.00
8918.00
8932.00
9040.00
9148.00
9200.00
9296.00
9432.00
9516.00
9616.00
9730.00
9790.00
9866.00
9986.00
10104.00
10180.00
10200.00
10136.00
10066.00
9960.00
9820.00
9674.00
9662.00
9572.00
9508.00
9538.00
9622.00
9604.00
9616.00
9626.00
9604.00
9556.00
9508.00
9478.00
9454.00
9342.00
9214.00
9076.00
8966.00
8798.00
8710.00
8622.00
8538.00
8438.00
8374.00
8338.00
8338.00
8370.00
8376.00
8450.00
8510.00
8580.00
8648.00
8726.00
8754.00
8740.00
8612.00
8484.00
8400.00
8314.00
8290.00
8378.00
8452.00
8480.00
8514.00
8494.00
8474.00
8478.00
8466.00
8454.00
8442.00
8384.00
8244.00
8174.00
8138.00
8116.00
8118.00
8188.00
8172.00
8102.00
8072.00
8056.00
8000.00
7928.00
7860.00
7790.00
7698.00
7662.00
7656.00
7658.00
7652.00
7602.00
7522.00
7458.00
7384.00
7320.00
7336.00
7422.00
7488.00
7494.00
7488.00
7472.00
7384.00
7324.00
7304.00
7264.00
7218.00
7168.00
7122.00
7106.00
7146.00
7186.00
7234.00
7258.00
7290.00
7318.00
7316.00
7336.00
7384.00
7418.00
7402.00
7406.00
7386.00
7358.00
7338.00
7314.00
7288.00
7282.00
7286.00
7294.00
7306.00
7338.00
7364.00
7398.00
7402.00
7412.00
7436.00
7472.00
7508.00
7566.00
7634.00
7696.00
7730.00
7732.00
7752.00
7762.00
7746.00
7752.00
7764.00
7736.00
7724.00
7738.00
7702.00
7678.00
7656.00
7646.00
7636.00
7644.00
7640.00
7696.00
7686.00
7670.00
7644.00
7622.00
7542.00
7512.00
7440.00
7406.00
7360.00
7342.00
7364.00
7404.00
7406.00
7406.00
7408.00
7344.00
7300.00
7290.00
7288.00
7282.00
7304.00
7320.00
7330.00
7336.00
7330.00
7296.00
7284.00
7280.00
7296.00
7312.00
