18730.00
18760.00
18860.00
18840.00
18840.00
18790.00
18660.00
18530.00
18500.00
18530.00
18590.00
18680.00
18820.00
18950.00
18980.00
19000.00
18980.00
19030.00
19060.00
19070.00
19110.00
19240.00
19190.00
19150.00
19170.00
19100.00
19010.00
18950.00
18930.00
18910.00
18900.00
18810.00
18750.00
18690.00
18630.00
18710.00
18890.00
19060.00
19130.00
19100.00
18970.00
18930.00
18960.00
19070.00
19350.00
19530.00
19520.00
19400.00
19270.00
19070.00
18880.00
18740.00
18680.00
18550.00
18370.00
18300.00
18230.00
18190.00
18220.00
18300.00
18360.00
18460.00
18480.00
18610.00
18750.00
18900.00
18950.00
19100.00
19060.00
19040.00
19000.00
18970.00
18880.00
18880.00
18760.00
18820.00
18930.00
19050.00
19080.00
19260.00
19200.00
19090.00
19060.00
19050.00
19030.00
19160.00
19350.00
19380.00
19380.00
19310.00
19130.00
18930.00
18760.00
18630.00
18540.00
18420.00
18300.00
18240.00
18240.00
18240.00
18260.00
18290.00
18330.00
18390.00
18450.00
18560.00
18650.00
18690.00
18780.00
18710.00
18610.00
18370.00
18190.00
17890.00
17820.00
17680.00
17700.00
17650.00
17660.00
17560.00
17520.00
17490.00
17430.00
17290.00
17170.00
17130.00
17090.00
17040.00
17080.00
17090.00
17070.00
17080.00
17150.00
17100.00
17060.00
16960.00
16740.00
16480.00
16370.00
16300.00
16220.00
16220.00
16060.00
15800.00
15510.00
15280.00
15130.00
15200.00
15350.00
15380.00
15370.00
15310.00
15270.00
15190.00
15240.00
15310.00
15260.00
15170.00
15150.00
15170.00
15120.00
15160.00
15180.00
15200.00
15170.00
15190.00
15260.00
15340.00
15440.00
15590.00
15810.00
15960.00
16060.00
16020.00
15970.00
15870.00
15740.00
15620.00
15570.00
15570.00
15620.00
15690.00
15800.00
15940.00
16040.00
16060.00
16130.00
16250.00
16330.00
16380.00
16560.00
16610.00
16630.00
16670.00
16750.00
16660.00
16670.00
16580.00
16490.00
16360.00
16320.00
16290.00
16280.00
16290.00
16330.00
16290.00
16210.00
16240.00
16220.00
16100.00
16070.00
16100.00
16120.00
16150.00
16240.00
16290.00
16360.00
16390.00
16410.00
16440.00
16450.00
16430.00
16410.00
16390.00
16300.00
16240.00
16150.00
16080.00
16030.00
16030.00
16030.00
16040.00
16020.00
15970.00
15940.00
15910.00
15870.00
15780.00
15710.00
15610.00
15520.00
