56100.00
56780.00
58420.00
60260.00
61260.00
61860.00
62420.00
62540.00
62560.00
62580.00
62700.00
62680.00
63540.00
64300.00
65220.00
66080.00
66780.00
66980.00
67120.00
67120.00
66880.00
66740.00
66500.00
66800.00
66700.00
66860.00
66820.00
67160.00
67980.00
69020.00
69880.00
72020.00
73760.00
74860.00
75200.00
76020.00
75600.00
75260.00
74520.00
74920.00
75340.00
75920.00
76900.00
78500.00
80160.00
81860.00
83700.00
85260.00
86060.00
86340.00
85480.00
84880.00
84340.00
84400.00
84760.00
86180.00
86920.00
86800.00
86760.00
86620.00
86680.00
86880.00
87360.00
86840.00
86760.00
87340.00
87760.00
88600.00
89460.00
89560.00
88460.00
87120.00
85960.00
84900.00
84160.00
83860.00
83620.00
83200.00
83020.00
83280.00
82880.00
82460.00
81760.00
81020.00
80820.00
81420.00
82300.00
82560.00
84160.00
84020.00
83140.00
82200.00
82080.00
80560.00
80120.00
79640.00
79220.00
78880.00
78880.00
78680.00
78900.00
79240.00
79920.00
81220.00
82140.00
82740.00
83380.00
83420.00
82960.00
82800.00
82780.00
82500.00
82260.00
82080.00
82000.00
81760.00
81880.00
81900.00
81500.00
80720.00
80240.00
79600.00
78660.00
78220.00
78120.00
77780.00
77420.00
77540.00
77380.00
77020.00
76600.00
76440.00
76080.00
75780.00
75540.00
74700.00
73440.00
72160.00
70980.00
69800.00
69000.00
68440.00
67500.00
66160.00
65140.00
65040.00
65080.00
66320.00
68260.00
70180.00
70740.00
71020.00
70980.00
70560.00
69500.00
69220.00
68560.00
67760.00
67800.00
68740.00
69660.00
71380.00
72780.00
72860.00
72480.00
72080.00
71060.00
70180.00
69740.00
69500.00
69400.00
69800.00
70080.00
70200.00
69980.00
69440.00
68440.00
67780.00
67020.00
66220.00
65960.00
65720.00
65080.00
64520.00
64260.00
63460.00
63300.00
63900.00
64620.00
65140.00
65840.00
66080.00
65740.00
65680.00
65300.00
64960.00
64640.00
64460.00
63900.00
63640.00
63340.00
63120.00
62980.00
62980.00
62940.00
62940.00
63620.00
64160.00
64660.00
65360.00
65140.00
64040.00
62780.00
61160.00
59620.00
59300.00
59120.00
59120.00
59440.00
59440.00
59020.00
58660.00
58260.00
57660.00
57200.00
57060.00
57200.00
57440.00
57740.00
58060.00
58240.00
58220.00
58340.00
58820.00
59140.00
59600.00
59860.00
59780.00
59780.00
59880.00
59680.00
