2904.00
2930.00
2974.00
3006.00
3031.00
3049.00
3077.00
3079.00
3104.00
3137.00
3156.00
3170.00
3193.00
3201.00
3197.00
3206.00
3222.00
3232.00
3222.00
3214.00
3207.00
3195.00
3181.00
3188.00
3196.00
3190.00
3186.00
3186.00
3220.00
3242.00
3266.00
3284.00
3300.00
3289.00
3266.00
3255.00
3236.00
3212.00
3160.00
3131.00
3095.00
3071.00
3058.00
3092.00
3129.00
3170.00
3211.00
3244.00
3346.00
3450.00
3505.00
3568.00
3617.00
3545.00
3479.00
3467.00
3441.00
3439.00
3455.00
3486.00
3507.00
3534.00
3576.00
3620.00
3679.00
3752.00
3799.00
3857.00
3933.00
3958.00
3964.00
3989.00
3958.00
3892.00
3817.00
3793.00
3746.00
3719.00
3714.00
3747.00
3729.00
3703.00
3677.00
3625.00
3562.00
3506.00
3483.00
3456.00
3437.00
3410.00
3376.00
3330.00
3295.00
3263.00
3249.00
3222.00
3209.00
3192.00
3181.00
3165.00
3184.00
3214.00
3272.00
3335.00
3384.00
3423.00
3472.00
3493.00
3501.00
3520.00
3525.00
3510.00
3495.00
3490.00
3469.00
3458.00
3456.00
3456.00
3483.00
3503.00
3535.00
3547.00
3542.00
3530.00
3550.00
3510.00
3461.00
3414.00
3340.00
3255.00
3225.00
3210.00
3221.00
3239.00
3241.00
3229.00
3230.00
3190.00
3160.00
3141.00
3116.00
3078.00
3046.00
2980.00
2920.00
2904.00
2890.00
2909.00
2967.00
3020.00
3020.00
3016.00
3010.00
2996.00
2970.00
2955.00
2932.00
2912.00
2904.00
2894.00
2905.00
2955.00
2991.00
3026.00
3086.00
3128.00
3154.00
3193.00
3222.00
3253.00
3288.00
3318.00
3342.00
3350.00
3348.00
3362.00
3348.00
3334.00
3325.00
3346.00
3349.00
3349.00
3331.00
3319.00
3278.00
3245.00
3242.00
3265.00
3286.00
3293.00
3309.00
3329.00
3328.00
3340.00
3345.00
3347.00
3337.00
3347.00
3349.00
3368.00
3373.00
3381.00
3382.00
3387.00
3407.00
3433.00
3463.00
3482.00
3500.00
3504.00
3484.00
3454.00
3426.00
3385.00
3326.00
3286.00
3266.00
3256.00
3246.00
3249.00
3244.00
3248.00
3226.00
3216.00
3209.00
3224.00
3200.00
3206.00
3207.00
3200.00
3190.00
3200.00
3203.00
3201.00
3207.00
3204.00
3183.00
3168.00
3159.00
3147.00
3138.00
