6230.00
6216.00
6224.00
6210.00
6202.00
6200.00
6200.00
6204.00
6214.00
6260.00
6298.00
6332.00
6364.00
6390.00
6398.00
6408.00
6430.00
6448.00
6470.00
6486.00
6510.00
6516.00
6520.00
6530.00
6526.00
6518.00
6514.00
6520.00
6516.00
6524.00
6542.00
6566.00
6570.00
6590.00
6618.00
6660.00
6698.00
6760.00
6824.00
6874.00
6884.00
6860.00
6834.00
6796.00
6758.00
6756.00
6780.00
6766.00
6762.00
6756.00
6696.00
6654.00
6670.00
6660.00
6676.00
6760.00
6872.00
6970.00
7080.00
7186.00
7272.00
7322.00
7356.00
7404.00
7448.00
7484.00
7536.00
7628.00
7670.00
7714.00
7754.00
7832.00
7852.00
7882.00
7892.00
7916.00
7906.00
7902.00
7926.00
7960.00
7982.00
7974.00
7952.00
7918.00
7900.00
7890.00
7880.00
7910.00
7932.00
7922.00
7900.00
7888.00
7858.00
7846.00
7858.00
7866.00
7874.00
7894.00
7896.00
7890.00
7914.00
7928.00
7926.00
7952.00
8032.00
8094.00
8168.00
8242.00
8294.00
8260.00
8246.00
8230.00
8212.00
8198.00
8168.00
8128.00
8078.00
8006.00
7964.00
7972.00
7932.00
7928.00
7938.00
7918.00
7872.00
7858.00
7810.00
7780.00
7768.00
7766.00
7728.00
7686.00
7724.00
7710.00
7712.00
7742.00
7786.00
7736.00
7726.00
7728.00
7736.00
7688.00
7668.00
7648.00
7622.00
7620.00
7678.00
7712.00
7794.00
7786.00
7770.00
7726.00
7720.00
7668.00
7664.00
7666.00
7690.00
7694.00
7668.00
7670.00
7660.00
7642.00
7584.00
7566.00
7566.00
7578.00
7592.00
7600.00
7620.00
7636.00
7646.00
7678.00
7746.00
7798.00
7862.00
7874.00
7856.00
7830.00
7814.00
7772.00
7750.00
7746.00
7732.00
7716.00
7668.00
7654.00
7648.00
7644.00
7656.00
7722.00
7748.00
7782.00
7798.00
7786.00
7776.00
7800.00
7804.00
7842.00
7874.00
7858.00
7844.00
7854.00
7872.00
7892.00
7916.00
7922.00
7898.00
7872.00
7842.00
7828.00
7836.00
7824.00
7804.00
7796.00
7796.00
7776.00
7812.00
7824.00
7848.00
7836.00
7846.00
7832.00
7850.00
7848.00
7884.00
7904.00
7914.00
7906.00
7898.00
7868.00
7836.00
7856.00
7902.00
7946.00
8006.00
8080.00
8108.00
8186.00
8236.00
8266.00
8304.00
