2129.00
2142.00
2164.00
2186.00
2209.00
2248.00
2277.00
2290.00
2313.00
2318.00
2310.00
2305.00
2312.00
2313.00
2315.00
2315.00
2317.00
2324.00
2326.00
2330.00
2338.00
2341.00
2334.00
2327.00
2324.00
2338.00
2370.00
2394.00
2417.00
2429.00
2417.00
2387.00
2368.00
2361.00
2348.00
2341.00
2323.00
2307.00
2331.00
2375.00
2454.00
2538.00
2624.00
2660.00
2663.00
2640.00
2621.00
2603.00
2567.00
2543.00
2485.00
2446.00
2400.00
2362.00
2344.00
2356.00
2352.00
2356.00
2369.00
2371.00
2367.00
2361.00
2343.00
2326.00
2315.00
2310.00
2311.00
2320.00
2322.00
2322.00
2314.00
2298.00
2278.00
2262.00
2246.00
2237.00
2233.00
2240.00
2253.00
2265.00
2270.00
2252.00
2230.00
2201.00
2170.00
2145.00
2143.00
2134.00
2128.00
2125.00
2116.00
2100.00
2083.00
2070.00
2075.00
2071.00
2071.00
2080.00
2076.00
2060.00
2066.00
2077.00
2080.00
2102.00
2133.00
2183.00
2224.00
2256.00
2278.00
2286.00
2274.00
2270.00
2271.00
2300.00
2326.00
2273.00
2197.00
2062.00
1905.00
1741.00
1632.00
1551.00
1525.00
1481.00
1460.00
1465.00
1470.00
1486.00
1509.00
1515.00
1512.00
1507.00
1504.00
1505.00
1511.00
1506.00
1492.00
1464.00
1445.00
1432.00
1428.00
1418.00
1396.00
1367.00
1334.00
1307.00
1288.00
1302.00
1316.00
1324.00
1318.00
1312.00
1298.00
1284.00
1278.00
1277.00
1274.00
1266.00
1259.00
1250.00
1261.00
1277.00
1292.00
1306.00
1318.00
1316.00
1310.00
1305.00
1312.00
1319.00
1322.00
1329.00
1332.00
1323.00
1316.00
1311.00
1303.00
1300.00
1299.00
1291.00
1287.00
1283.00
1283.00
1268.00
1249.00
1200.00
1216.00
1311.00
1417.00
1530.00
1658.00
1710.00
1679.00
1651.00
1608.00
1581.00
1562.00
1546.00
1522.00
1519.00
1521.00
1519.00
1515.00
1518.00
1519.00
1515.00
1541.00
1560.00
1571.00
1563.00
1557.00
1530.00
1518.00
1500.00
1492.00
1470.00
1453.00
1436.00
1427.00
1420.00
1415.00
1403.00
1388.00
1372.00
1360.00
1354.00
1350.00
1338.00
1342.00
1351.00
1360.00
1366.00
1374.00
1374.00
1372.00
1368.00
1356.00
1345.00
1332.00
1316.00
1352.00
