2741.00
2824.00
2863.00
2928.00
2982.00
3022.00
3041.00
3060.00
3063.00
3054.00
3053.00
3053.00
3067.00
3072.00
3083.00
3063.00
3054.00
3041.00
3056.00
3108.00
3188.00
3239.00
3287.00
3308.00
3291.00
3261.00
3256.00
3259.00
3244.00
3215.00
3198.00
3160.00
3131.00
3120.00
3041.00
2940.00
2858.00
2753.00
2632.00
2599.00
2575.00
2548.00
2525.00
2526.00
2502.00
2504.00
2502.00
2502.00
2488.00
2498.00
2489.00
2477.00
2469.00
2463.00
2474.00
2492.00
2508.00
2532.00
2556.00
2577.00
2588.00
2600.00
2607.00
2622.00
2613.00
2606.00
2600.00
2590.00
2575.00
2574.00
2576.00
2573.00
2567.00
2551.00
2531.00
2500.00
2481.00
2477.00
2484.00
2479.00
2483.00
2465.00
2426.00
2382.00
2349.00
2326.00
2324.00
2350.00
2380.00
2407.00
2428.00
2451.00
2448.00
2440.00
2444.00
2437.00
2413.00
2404.00
2398.00
2392.00
2404.00
2428.00
2451.00
2485.00
2514.00
2537.00
2558.00
2568.00
2569.00
2581.00
2587.00
2584.00
2602.00
2603.00
2594.00
2578.00
2563.00
2551.00
2560.00
2545.00
2541.00
2550.00
2509.00
2456.00
2429.00
2416.00
2397.00
2407.00
2421.00
2419.00
2393.00
2374.00
2364.00
2354.00
2349.00
2335.00
2308.00
2274.00
2233.00
2201.00
2172.00
2148.00
2079.00
1993.00
1920.00
1880.00
1856.00
1891.00
1953.00
2008.00
2035.00
2057.00
2072.00
2087.00
2086.00
2086.00
2066.00
2050.00
2041.00
2037.00
2050.00
2074.00
2090.00
2101.00
2113.00
2114.00
2109.00
2138.00
2172.00
2229.00
2288.00
2369.00
2411.00
2457.00
2480.00
2490.00
2458.00
2454.00
2434.00
2416.00
2410.00
2438.00
2439.00
2380.00
2328.00
2301.00
2272.00
2255.00
2301.00
2340.00
2344.00
2334.00
2318.00
2317.00
2295.00
2293.00
2289.00
2279.00
2259.00
2249.00
2223.00
2208.00
2209.00
2209.00
2227.00
2247.00
2268.00
2271.00
2278.00
2276.00
2279.00
2284.00
2292.00
2279.00
2254.00
2228.00
2199.00
2176.00
2165.00
2167.00
2170.00
2170.00
2162.00
2158.00
2157.00
2157.00
2152.00
2151.00
2153.00
2159.00
2167.00
2181.00
2199.00
2218.00
2227.00
2239.00
2251.00
2259.00
2271.00
2288.00
2290.00
