85040.00
84780.00
84460.00
84620.00
84480.00
84520.00
84600.00
84560.00
84480.00
84420.00
84200.00
84220.00
84360.00
84180.00
84180.00
84220.00
84040.00
83840.00
83780.00
83720.00
83660.00
83600.00
83380.00
83280.00
83320.00
83360.00
83400.00
83540.00
83620.00
83560.00
83440.00
83340.00
83380.00
83640.00
83560.00
83400.00
83620.00
84200.00
84180.00
84640.00
85320.00
85580.00
85520.00
85680.00
85480.00
85240.00
84980.00
84460.00
83980.00
83720.00
83500.00
83440.00
83580.00
83800.00
83960.00
84000.00
83800.00
83740.00
83420.00
83140.00
82940.00
82860.00
82560.00
82540.00
82500.00
82500.00
82600.00
82660.00
82560.00
82520.00
82620.00
82640.00
82720.00
82900.00
82940.00
82640.00
82440.00
82440.00
82420.00
82460.00
82860.00
83320.00
83700.00
83580.00
84360.00
84840.00
85160.00
85360.00
85840.00
85440.00
85000.00
84700.00
84440.00
84020.00
83640.00
82760.00
81220.00
79480.00
78300.00
77340.00
77080.00
77320.00
77860.00
78180.00
78440.00
78340.00
78240.00
78040.00
78080.00
77860.00
78020.00
78140.00
78060.00
77760.00
77500.00
77280.00
77100.00
77160.00
77260.00
77160.00
76840.00
76540.00
76140.00
75740.00
75540.00
75420.00
75320.00
75420.00
75420.00
75580.00
75500.00
75440.00
75340.00
75340.00
75300.00
75500.00
75660.00
75700.00
75460.00
75120.00
74940.00
74820.00
73640.00
72820.00
72040.00
71560.00
70980.00
72020.00
72060.00
72320.00
72000.00
71740.00
71000.00
71480.00
71700.00
71840.00
71760.00
71620.00
71180.00
70780.00
70480.00
70420.00
70360.00
70220.00
69980.00
69600.00
69180.00
68680.00
68240.00
68160.00
68420.00
68620.00
68800.00
68920.00
68840.00
68660.00
68460.00
68440.00
68380.00
68100.00
68060.00
68140.00
68040.00
67940.00
67980.00
67940.00
67960.00
68100.00
68440.00
68820.00
68920.00
68940.00
68900.00
68960.00
68760.00
68460.00
68440.00
68260.00
67900.00
67800.00
67920.00
67920.00
68080.00
68380.00
68740.00
69200.00
69560.00
70040.00
70280.00
70640.00
70660.00
70840.00
71060.00
71620.00
71780.00
71880.00
71760.00
71280.00
70560.00
70180.00
70400.00
70540.00
70900.00
70800.00
71040.00
71080.00
71200.00
71100.00
71420.00
71520.00
71800.00
71800.00
71840.00
71940.00
71940.00
71840.00
72000.00
72020.00
72040.00
71920.00
71460.00
