1733.00
1770.00
1780.00
1812.00
1836.00
1861.00
1889.00
1918.00
1925.00
1928.00
1953.00
1967.00
1984.00
1999.00
2018.00
2003.00
1998.00
1982.00
1970.00
1957.00
1957.00
1964.00
1991.00
2016.00
2031.00
2039.00
2037.00
2028.00
2017.00
2017.00
2017.00
2004.00
1987.00
1971.00
1909.00
1845.00
1799.00
1748.00
1688.00
1668.00
1653.00
1636.00
1616.00
1615.00
1606.00
1601.00
1600.00
1607.00
1599.00
1605.00
1601.00
1593.00
1583.00
1571.00
1568.00
1574.00
1584.00
1602.00
1623.00
1633.00
1641.00
1647.00
1648.00
1657.00
1661.00
1664.00
1662.00
1659.00
1651.00
1647.00
1648.00
1653.00
1655.00
1654.00
1709.00
1708.00
1697.00
1691.00
1686.00
1621.00
1606.00
1598.00
1589.00
1592.00
1600.00
1608.00
1614.00
1622.00
1622.00
1630.00
1650.00
1662.00
1659.00
1657.00
1662.00
1654.00
1653.00
1676.00
1696.00
1700.00
1701.00
1712.00
1727.00
1743.00
1756.00
1784.00
1797.00
1796.00
1795.00
1799.00
1791.00
1786.00
1790.00
1787.00
1778.00
1763.00
1754.00
1737.00
1729.00
1716.00
1706.00
1696.00
1669.00
1636.00
1613.00
1602.00
1597.00
1603.00
1609.00
1606.00
1596.00
1583.00
1577.00
1572.00
1567.00
1552.00
1519.00
1466.00
1427.00
1402.00
1382.00
1376.00
1363.00
1325.00
1295.00
1284.00
1276.00
1296.00
1328.00
1348.00
1357.00
1373.00
1385.00
1398.00
1406.00
1405.00
1387.00
1372.00
1360.00
1350.00
1351.00
1367.00
1380.00
1394.00
1412.00
1420.00
1420.00
1424.00
1441.00
1469.00
1504.00
1539.00
1575.00
1593.00
1605.00
1607.00
1600.00
1594.00
1582.00
1563.00
1554.00
1554.00
1549.00
1524.00
1498.00
1472.00
1452.00
1436.00
1448.00
1461.00
1472.00
1476.00
1466.00
1465.00
1455.00
1444.00
1434.00
1433.00
1423.00
1440.00
1472.00
1499.00
1535.00
1571.00
1584.00
1608.00
1639.00
1660.00
1673.00
1688.00
1671.00
1652.00
1627.00
1604.00
1576.00
1555.00
1540.00
1535.00
1535.00
1537.00
1535.00
1524.00
1514.00
1504.00
1492.00
1502.00
1504.00
1497.00
1525.00
1570.00
1603.00
1670.00
1815.00
1899.00
1996.00
2079.00
2133.00
2099.00
2149.00
2248.00
2327.00
