276000.00
275400.00
274500.00
271300.00
269400.00
267900.00
267500.00
267000.00
268200.00
267500.00
266600.00
266900.00
267400.00
267300.00
269100.00
269800.00
267700.00
265100.00
263300.00
260700.00
259400.00
259900.00
260200.00
260100.00
260200.00
259000.00
258700.00
258800.00
258900.00
258700.00
259900.00
260000.00
259900.00
260500.00
260800.00
260800.00
261000.00
260700.00
258900.00
257200.00
254800.00
252200.00
249700.00
248200.00
248500.00
249100.00
250100.00
251200.00
251800.00
251500.00
251700.00
251200.00
251600.00
252000.00
251900.00
252200.00
252300.00
250300.00
249100.00
248100.00
246300.00
244900.00
245600.00
245500.00
245200.00
245300.00
246000.00
246200.00
246100.00
245800.00
245500.00
244700.00
244400.00
245100.00
245700.00
246300.00
247100.00
248200.00
249800.00
251800.00
254800.00
258000.00
260200.00
260900.00
261500.00
260600.00
259500.00
258500.00
258700.00
258400.00
257400.00
256000.00
255100.00
254300.00
253400.00
253200.00
253000.00
252500.00
251200.00
251300.00
252400.00
253400.00
254000.00
254700.00
255300.00
255700.00
256500.00
258100.00
260200.00
261400.00
261600.00
262200.00
261900.00
260900.00
260100.00
259500.00
258900.00
258300.00
258600.00
258400.00
259300.00
260000.00
260700.00
259600.00
258900.00
257400.00
256900.00
256900.00
257800.00
258700.00
259700.00
259400.00
258700.00
258300.00
257500.00
255300.00
252700.00
250500.00
248300.00
247000.00
246100.00
247400.00
248700.00
248900.00
248100.00
247400.00
245400.00
243100.00
240800.00
239700.00
237900.00
236000.00
234600.00
235000.00
234700.00
235800.00
236400.00
237000.00
237000.00
237500.00
238000.00
238700.00
239100.00
239300.00
238600.00
238100.00
237700.00
237900.00
237700.00
238200.00
238700.00
239000.00
238600.00
238700.00
239100.00
239300.00
239600.00
239900.00
240100.00
240200.00
239900.00
238900.00
237900.00
236600.00
235300.00
234100.00
234400.00
234800.00
235800.00
236200.00
237400.00
237800.00
238200.00
238200.00
238000.00
237900.00
237300.00
237000.00
236400.00
236000.00
235700.00
235800.00
235600.00
236200.00
236900.00
238100.00
239300.00
240600.00
241900.00
242800.00
242900.00
243400.00
244000.00
244000.00
243900.00
244100.00
244400.00
244100.00
244200.00
245200.00
245500.00
244700.00
244400.00
243200.00
241500.00
240000.00
239400.00
238900.00
239300.00
239600.00
240000.00
240500.00
240600.00
240800.00
241500.00
242100.00
242600.00
243000.00
243500.00
242400.00
241300.00
