108600.00
110300.00
110700.00
111500.00
113500.00
115200.00
116600.00
117800.00
117900.00
116500.00
114900.00
113900.00
113300.00
113500.00
113900.00
113300.00
112800.00
112500.00
113000.00
114600.00
117200.00
118900.00
120500.00
120700.00
119800.00
119800.00
120200.00
121500.00
122100.00
121900.00
121500.00
119600.00
117500.00
116400.00
111960.00
106000.00
101600.00
95860.00
89120.00
86520.00
84920.00
83640.00
83120.00
83280.00
82480.00
82540.00
82260.00
81780.00
81120.00
81660.00
81680.00
81480.00
81400.00
81420.00
83100.00
84640.00
86900.00
89520.00
91960.00
93280.00
93740.00
93640.00
93320.00
93500.00
92480.00
92320.00
92140.00
91580.00
90380.00
89660.00
88940.00
88480.00
88040.00
87640.00
87780.00
87340.00
86680.00
86400.00
86260.00
85180.00
84660.00
83640.00
82280.00
80880.00
79860.00
79020.00
78760.00
79500.00
79980.00
80520.00
80900.00
80840.00
79860.00
79440.00
79460.00
79180.00
79220.00
79640.00
79820.00
80040.00
80340.00
81180.00
82740.00
84540.00
86160.00
88040.00
89460.00
89860.00
90040.00
90800.00
91020.00
91000.00
91880.00
92240.00
92060.00
91880.00
91880.00
92700.00
93700.00
93480.00
93780.00
94280.00
91900.00
89240.00
87600.00
86980.00
86060.00
86420.00
87500.00
87920.00
87040.00
86620.00
86220.00
85720.00
85480.00
85120.00
84160.00
82480.00
81140.00
80380.00
79460.00
78620.00
77180.00
75060.00
73200.00
72240.00
71600.00
72680.00
74280.00
75740.00
76360.00
77500.00
78320.00
78960.00
79100.00
79340.00
78400.00
77580.00
77020.00
76700.00
76860.00
77340.00
77840.00
78340.00
78760.00
78900.00
79060.00
80380.00
82020.00
84440.00
86600.00
89140.00
90400.00
91580.00
92120.00
92680.00
91980.00
91680.00
90980.00
90000.00
89240.00
89920.00
89500.00
87140.00
85120.00
82880.00
80300.00
78820.00
79260.00
79760.00
80180.00
80580.00
80040.00
80040.00
78580.00
77860.00
76840.00
76100.00
75200.00
75060.00
74500.00
74280.00
74460.00
74680.00
75440.00
75980.00
76800.00
77020.00
76680.00
76340.00
76420.00
76440.00
76540.00
76460.00
75880.00
75160.00
74280.00
73740.00
73320.00
73040.00
72600.00
71760.00
71120.00
70420.00
69680.00
69360.00
69060.00
68380.00
68200.00
68780.00
69040.00
69540.00
69740.00
69980.00
69600.00
69380.00
68940.00
68820.00
68500.00
68460.00
68200.00
