54220.00
54020.00
54080.00
54140.00
54180.00
54340.00
54640.00
55120.00
55960.00
57040.00
58040.00
59040.00
59880.00
60360.00
60480.00
60420.00
60360.00
60420.00
60400.00
60160.00
59960.00
59980.00
59880.00
59700.00
59740.00
59620.00
59220.00
58880.00
58640.00
58520.00
58500.00
58480.00
58420.00
58480.00
58380.00
58340.00
58340.00
58360.00
58320.00
58380.00
58520.00
59220.00
61880.00
63920.00
65680.00
67260.00
68420.00
67220.00
66380.00
66200.00
65900.00
65480.00
65480.00
65440.00
65020.00
64780.00
64580.00
64560.00
64640.00
64500.00
64500.00
64420.00
64300.00
64480.00
64700.00
64800.00
64940.00
64860.00
64480.00
64580.00
64680.00
64540.00
64420.00
64500.00
64140.00
63980.00
64020.00
63980.00
63620.00
63420.00
63020.00
62780.00
62340.00
62020.00
61560.00
61280.00
60620.00
60080.00
59640.00
59180.00
58480.00
57840.00
57260.00
56660.00
56120.00
55940.00
55960.00
56360.00
56780.00
57380.00
57660.00
57720.00
57320.00
57140.00
56960.00
56800.00
57460.00
58360.00
58800.00
59120.00
59480.00
59200.00
58880.00
58640.00
58340.00
58160.00
58020.00
58000.00
58200.00
58280.00
58240.00
58160.00
57760.00
57280.00
56940.00
56660.00
56360.00
56160.00
56180.00
56140.00
56240.00
56420.00
56660.00
56680.00
56760.00
56580.00
56220.00
55440.00
54920.00
54380.00
53880.00
53420.00
53040.00
52120.00
51380.00
50860.00
50280.00
50100.00
50080.00
49900.00
49340.00
48940.00
48650.00
48560.00
48560.00
48760.00
48800.00
48630.00
48480.00
48250.00
48040.00
47950.00
47960.00
47960.00
48010.00
48070.00
48010.00
48020.00
48290.00
48790.00
49280.00
49890.00
50430.00
50720.00
50580.00
50420.00
50160.00
50000.00
49740.00
49620.00
49640.00
49660.00
49520.00
49460.00
49430.00
49270.00
49210.00
49320.00
49360.00
49430.00
49530.00
49450.00
49220.00
49130.00
48980.00
48910.00
49010.00
49180.00
49160.00
49110.00
49000.00
48860.00
48900.00
49070.00
49250.00
49380.00
49600.00
49640.00
49670.00
49740.00
49810.00
49790.00
49750.00
49640.00
49480.00
49280.00
49140.00
48810.00
48580.00
48370.00
48260.00
48080.00
48050.00
48020.00
48000.00
47970.00
47980.00
48010.00
47980.00
48070.00
47950.00
47850.00
48030.00
48180.00
48230.00
48430.00
48690.00
48670.00
48810.00
48730.00
48690.00
