2214.00
2272.00
2277.00
2285.00
2295.00
2289.00
2276.00
2269.00
2260.00
2269.00
2266.00
2270.00
2293.00
2314.00
2315.00
2315.00
2311.00
2300.00
2285.00
2278.00
2272.00
2270.00
2272.00
2293.00
2321.00
2337.00
2365.00
2383.00
2388.00
2376.00
2379.00
2371.00
2361.00
2348.00
2327.00
2320.00
2306.00
2295.00
2282.00
2284.00
2274.00
2279.00
2289.00
2301.00
2317.00
2441.00
2559.00
2641.00
2734.00
2830.00
2785.00
2749.00
2720.00
2673.00
2610.00
2601.00
2581.00
2580.00
2607.00
2635.00
2658.00
2670.00
2689.00
2699.00
2714.00
2695.00
2674.00
2665.00
2647.00
2642.00
2657.00
2688.00
2699.00
2705.00
2716.00
2734.00
2738.00
2755.00
2775.00
2775.00
2755.00
2723.00
2680.00
2634.00
2600.00
2587.00
2594.00
2592.00
2569.00
2551.00
2519.00
2483.00
2442.00
2431.00
2419.00
2397.00
2379.00
2392.00
2400.00
2419.00
2453.00
2480.00
2503.00
2524.00
2531.00
2539.00
2544.00
2546.00
2556.00
2580.00
2604.00
2635.00
2666.00
2676.00
2673.00
2669.00
2667.00
2652.00
2657.00
2653.00
2630.00
2608.00
2561.00
2491.00
2431.00
2390.00
2337.00
2305.00
2290.00
2247.00
2211.00
2184.00
2170.00
2160.00
2169.00
2155.00
2140.00
2093.00
2058.00
2025.00
2007.00
1992.00
1981.00
1954.00
1930.00
1923.00
1924.00
1957.00
2003.00
2044.00
2058.00
2069.00
2081.00
2089.00
2094.00
2117.00
2122.00
2121.00
2109.00
2098.00
2088.00
2095.00
2105.00
2123.00
2151.00
2170.00
2191.00
2201.00
2204.00
2190.00
2178.00
2165.00
2164.00
2170.00
2185.00
2203.00
2209.00
2214.00
2213.00
2209.00
2207.00
2203.00
2196.00
2190.00
2194.00
2186.00
2181.00
2183.00
2194.00
2202.00
2221.00
2246.00
2263.00
2264.00
2251.00
2224.00
2200.00
2176.00
2153.00
2130.00
2118.00
2107.00
2101.00
2105.00
2120.00
2132.00
2137.00
2136.00
2132.00
2132.00
2143.00
2157.00
2167.00
2170.00
2149.00
2118.00
2087.00
2068.00
2057.00
2062.00
2064.00
2064.00
2055.00
2040.00
2027.00
2020.00
2015.00
2011.00
2016.00
2028.00
2038.00
2049.00
2066.00
2080.00
2092.00
2107.00
2120.00
2126.00
2136.00
2139.00
2141.00
