718.80
724.80
736.40
749.20
765.40
783.20
799.60
807.20
818.20
830.80
842.40
851.20
862.80
869.40
868.80
868.20
868.00
868.20
867.60
868.20
873.20
878.80
884.40
889.80
893.60
892.40
896.00
897.60
899.60
902.40
903.20
900.00
895.60
890.60
879.40
870.60
861.80
855.40
848.60
848.60
847.60
846.80
844.00
842.40
838.00
833.60
827.00
821.80
815.40
810.40
802.60
797.00
789.80
777.40
762.40
761.00
761.00
783.20
807.80
837.20
858.00
871.80
865.00
866.60
867.20
863.60
863.80
868.60
869.00
869.60
873.00
879.60
882.20
882.40
879.00
875.80
870.60
866.40
865.00
868.60
872.60
872.00
872.80
871.80
867.60
864.80
867.20
867.20
867.20
867.60
866.00
863.40
857.60
853.60
853.00
852.20
847.80
842.00
831.80
820.80
809.80
805.20
808.60
815.20
823.60
829.80
833.60
836.80
845.20
848.80
849.00
855.20
857.00
852.40
840.00
844.20
841.80
842.80
853.80
867.00
870.40
875.00
875.80
863.40
859.40
855.00
855.40
858.20
865.80
869.20
871.80
870.20
868.80
867.40
867.20
865.00
861.40
854.20
846.60
838.20
829.00
821.20
805.60
785.60
767.80
762.20
759.60
772.40
790.40
808.40
815.60
818.00
816.40
817.80
817.80
820.40
824.20
825.80
824.60
826.80
832.80
839.00
847.20
855.20
861.20
862.80
866.20
870.20
878.40
883.60
890.20
893.80
896.80
896.40
898.00
897.80
895.40
892.20
888.80
885.80
884.60
887.80
890.00
891.40
892.40
889.60
883.80
877.20
871.00
866.40
864.00
864.20
863.60
862.00
857.60
854.80
850.80
849.60
850.00
848.40
847.40
847.40
849.20
850.40
855.00
857.00
859.20
862.40
876.20
887.60
890.40
894.40
895.80
886.60
876.20
875.60
873.80
873.40
872.40
872.80
871.60
870.40
869.60
870.60
871.40
872.00
873.60
873.80
868.60
869.40
871.80
872.80
873.00
876.80
876.00
875.20
875.20
875.60
876.20
878.20
879.00
