69742.56
70396.04
71465.34
72495.04
73287.12
74158.40
74673.24
75049.48
76039.58
76851.46
77920.78
79188.10
80455.44
80693.06
80970.30
80990.10
80673.28
80673.28
80950.52
80673.28
80356.44
80752.48
80455.44
80158.40
80237.62
80415.84
80356.44
80495.06
80871.30
81504.96
81742.58
81762.38
81841.58
81762.38
81108.92
81227.74
81247.54
81623.78
82079.22
82891.10
83287.14
84336.64
86356.44
87940.60
89702.96
90990.08
91683.14
91267.30
90891.06
90891.06
91089.08
91188.10
91445.52
91386.12
90990.08
90633.66
90376.24
89881.20
90000.00
89901.00
90158.42
90534.66
90910.90
91306.94
91564.36
91643.56
91603.94
91425.72
90752.46
90237.62
89901.00
89168.34
88613.88
88039.62
87326.74
86336.64
85801.98
85089.12
84772.30
84435.66
84594.06
84514.86
84356.44
84000.00
84039.62
83683.20
83188.14
82633.68
82099.02
81148.52
80099.00
79069.30
78059.40
77326.72
76712.86
76693.06
77207.92
77782.18
78237.64
78752.48
78673.28
78217.82
78019.80
78099.00
78158.42
78396.04
78732.68
78831.68
78693.06
78415.82
78178.20
77881.18
77762.38
77544.56
77425.76
77603.98
77623.78
77742.58
77920.80
78257.42
78198.00
78792.06
78811.86
78831.66
78811.86
78772.26
78178.20
78019.80
78118.82
78039.62
78019.82
78019.82
77940.60
77603.96
77346.54
76732.68
76178.22
75643.58
75603.98
75623.78
76039.62
76554.46
76772.28
76554.46
76316.84
75861.40
75148.54
74574.28
73881.20
73207.92
72396.04
72039.60
72277.22
72693.06
73207.92
73881.18
73980.20
74138.62
74178.24
74396.06
74712.90
75069.32
74891.10
75009.90
74871.28
74772.26
74534.64
74574.24
74732.66
75366.32
75841.58
76613.86
77148.52
77148.52
76673.28
76217.82
75683.16
75188.10
74752.46
74297.02
74118.80
73960.40
73742.58
73564.36
73386.14
72910.90
72930.70
73564.36
74138.62
74831.68
75584.16
75900.98
75287.12
75148.50
75029.70
76257.42
78000.00
80079.22
81603.98
83148.52
83386.14
83306.94
83425.74
83742.56
83940.58
84138.60
84277.20
84396.02
84514.84
84356.44
84653.48
84792.10
84950.52
85029.72
85148.52
84891.08
84811.88
84435.64
84237.62
84316.84
84475.26
84554.46
84712.88
85029.72
85207.92
85326.74
85524.76
85801.98
85742.58
85861.40
85465.36
84831.70
84594.08
84356.44
83960.40
84316.84
84930.70
85247.52
85861.40
86089.52
85900.60
