2385.00
2403.00
2429.00
2446.00
2444.00
2456.00
2452.00
2460.00
2513.00
2587.00
2643.00
2709.00
2741.00
2731.00
2695.00
2672.00
2677.00
2691.00
2711.00
2733.00
2757.00
2748.00
2748.00
2751.00
2753.00
2743.00
2712.00
2692.00
2670.00
2665.00
2689.00
2743.00
2790.00
2838.00
2854.00
2897.00
2917.00
2937.00
2939.00
2904.00
2795.00
2699.00
2579.00
2480.00
2424.00
2408.00
2390.00
2401.00
2409.00
2416.00
2412.00
2408.00
2413.00
2409.00
2407.00
2409.00
2417.00
2413.00
2415.00
2446.00
2494.00
2540.00
2578.00
2616.00
2647.00
2679.00
2704.00
2728.00
2757.00
2789.00
2793.00
2795.00
2788.00
2771.00
2741.00
2725.00
2714.00
2710.00
2694.00
2679.00
2656.00
2626.00
2602.00
2590.00
2571.00
2572.00
2598.00
2722.00
2872.00
3025.00
3176.00
3286.00
3288.00
3256.00
3269.00
3262.00
3258.00
3240.00
3305.00
3368.00
3450.00
3552.00
3790.00
3947.00
4081.00
4163.00
4229.00
4182.00
4113.00
4057.00
4000.00
3938.00
3855.00
3812.00
3720.00
3669.00
3641.00
3646.00
3662.00
3698.00
3737.00
3767.00
3740.00
3701.00
3693.00
3753.00
3849.00
3955.00
4044.00
4045.00
3977.00
3923.00
3925.00
3911.00
3918.00
3921.00
3897.00
3827.00
3808.00
3841.00
3859.00
3847.00
3788.00
3699.00
3616.00
3584.00
3629.00
3750.00
3865.00
3945.00
4033.00
4056.00
4070.00
4069.00
4061.00
4010.00
3948.00
3924.00
3906.00
3892.00
3910.00
4038.00
4124.00
4226.00
4321.00
4389.00
4393.00
4401.00
4410.00
4438.00
4453.00
4442.00
4443.00
4465.00
4556.00
4647.00
4658.00
4701.00
4718.00
4651.00
4593.00
4563.00
4478.00
4394.00
4356.00
4328.00
4374.00
4406.00
4434.00
4447.00
4417.00
4350.00
4301.00
4255.00
4165.00
4091.00
4037.00
3998.00
3982.00
3989.00
4006.00
4017.00
4018.00
3960.00
3961.00
3955.00
3939.00
3921.00
3967.00
3950.00
3917.00
3892.00
3863.00
3788.00
3717.00
3675.00
3642.00
3654.00
3669.00
3665.00
3650.00
3614.00
3550.00
3489.00
3453.00
3444.00
3447.00
3442.00
3460.00
3480.00
3494.00
3491.00
3487.00
3478.00
3482.00
3500.00
3516.00
3537.00
3570.00
3586.00
3592.00
