14550.00
14560.00
14560.00
14640.00
14640.00
14720.00
14720.00
14730.00
14780.00
14860.00
14930.00
15000.00
15060.00
15090.00
15100.00
15020.00
14980.00
14990.00
14960.00
14970.00
15020.00
15050.00
15060.00
15100.00
15090.00
15080.00
15040.00
14910.00
14760.00
14660.00
14700.00
14750.00
14880.00
15120.00
15260.00
15380.00
15480.00
15570.00
15510.00
15580.00
15560.00
15580.00
15620.00
15750.00
15860.00
15900.00
15900.00
15860.00
15810.00
15730.00
15640.00
15610.00
15610.00
15540.00
15470.00
15500.00
15490.00
15540.00
15630.00
15730.00
15760.00
15760.00
15730.00
15710.00
15710.00
15740.00
15800.00
15880.00
16000.00
16070.00
16120.00
16190.00
16170.00
16100.00
15980.00
15910.00
15820.00
15770.00
15700.00
15670.00
15640.00
15560.00
15450.00
15280.00
15120.00
14980.00
14880.00
14820.00
14850.00
14900.00
14910.00
14930.00
14890.00
14850.00
14840.00
14810.00
14790.00
14830.00
14860.00
14850.00
14860.00
14880.00
14880.00
14900.00
14910.00
14920.00
14900.00
14900.00
14880.00
14860.00
14840.00
14850.00
14830.00
14810.00
14820.00
14830.00
14820.00
14810.00
14780.00
14710.00
14640.00
14590.00
14530.00
14400.00
14340.00
14320.00
14290.00
14210.00
14240.00
14200.00
14100.00
14070.00
14100.00
14110.00
14180.00
14240.00
14200.00
14070.00
13940.00
13810.00
13660.00
13540.00
13360.00
13180.00
12960.00
12830.00
12700.00
12740.00
12770.00
12820.00
12820.00
12840.00
12850.00
12880.00
12920.00
12990.00
13020.00
13040.00
13060.00
13080.00
13120.00
13200.00
13290.00
13370.00
13450.00
13490.00
13510.00
13550.00
13610.00
13660.00
13720.00
13780.00
13800.00
13810.00
13820.00
13810.00
13760.00
13730.00
13680.00
13610.00
13550.00
13540.00
13520.00
13500.00
13480.00
13460.00
13420.00
13400.00
13390.00
13400.00
13410.00
13430.00
13440.00
13460.00
13430.00
13400.00
13370.00
13360.00
13350.00
13370.00
13380.00
13410.00
13450.00
13480.00
13510.00
13550.00
13580.00
13580.00
13590.00
13630.00
13660.00
13700.00
13740.00
13750.00
13720.00
13730.00
13710.00
13680.00
13660.00
13660.00
13660.00
13660.00
13670.00
13680.00
13700.00
13680.00
13680.00
13700.00
13740.00
13780.00
13820.00
13870.00
13880.00
13900.00
13910.00
13930.00
13950.00
14030.00
14110.00
14040.00
13940.00
