36060.00
36620.00
37530.00
38280.00
38650.00
38330.00
37830.00
37320.00
36990.00
36900.00
36820.00
36890.00
36840.00
37010.00
37020.00
37050.00
37010.00
37080.00
36940.00
36880.00
36880.00
36970.00
36680.00
36700.00
36730.00
36780.00
36750.00
36900.00
36760.00
36530.00
36300.00
35970.00
35850.00
35690.00
35840.00
36310.00
36840.00
37370.00
37930.00
38370.00
38420.00
38680.00
38910.00
39220.00
39950.00
40960.00
41720.00
42290.00
42650.00
42300.00
42070.00
42390.00
42970.00
43510.00
44250.00
44610.00
44250.00
43860.00
43760.00
43580.00
43650.00
43940.00
44270.00
44370.00
44870.00
45700.00
46060.00
45720.00
45540.00
44920.00
43770.00
43210.00
43030.00
42790.00
42360.00
42390.00
42270.00
42310.00
42050.00
42330.00
42070.00
41810.00
42160.00
43030.00
43330.00
43720.00
44180.00
43970.00
43740.00
43660.00
43740.00
43590.00
43550.00
43460.00
43440.00
43040.00
42530.00
42120.00
41560.00
41020.00
40660.00
40610.00
40500.00
40440.00
40390.00
40530.00
40510.00
40240.00
39990.00
39740.00
39480.00
39340.00
39390.00
39240.00
38880.00
38290.00
37800.00
37200.00
36790.00
36590.00
36570.00
36530.00
36570.00
36530.00
36520.00
36490.00
36390.00
36250.00
36130.00
35940.00
35820.00
35910.00
36010.00
36110.00
36390.00
36540.00
36470.00
36440.00
36580.00
36670.00
36790.00
36740.00
36200.00
35460.00
34630.00
33630.00
32580.00
32050.00
31660.00
31210.00
30720.00
30680.00
30600.00
30430.00
30330.00
30340.00
30030.00
29690.00
29530.00
29350.00
29280.00
29450.00
29690.00
29730.00
29820.00
29790.00
29700.00
29710.00
29730.00
29780.00
30060.00
30220.00
30310.00
30430.00
30520.00
30330.00
30110.00
29880.00
29610.00
29350.00
29310.00
29200.00
28880.00
28640.00
28710.00
28460.00
28390.00
28660.00
28830.00
28760.00
29150.00
29450.00
29560.00
29730.00
29770.00
29680.00
29670.00
29670.00
29680.00
29650.00
29530.00
29390.00
29380.00
29340.00
29780.00
30170.00
30650.00
31290.00
32100.00
32340.00
32580.00
32630.00
32410.00
31880.00
31590.00
31460.00
31460.00
31480.00
31770.00
31920.00
31920.00
31840.00
31660.00
31220.00
30990.00
30840.00
30680.00
30700.00
31020.00
31250.00
31360.00
31550.00
31480.00
31170.00
30910.00
30800.00
30680.00
30690.00
30870.00
30890.00
31010.00
