38630.00
38730.00
39160.00
39610.00
39480.00
39790.00
39870.00
39450.00
39070.00
38780.00
38350.00
37960.00
38070.00
38780.00
39620.00
40240.00
40670.00
41080.00
41050.00
41370.00
41710.00
42130.00
42610.00
42930.00
43020.00
42970.00
43200.00
43510.00
43640.00
43640.00
43510.00
43270.00
42680.00
42340.00
41730.00
41510.00
40870.00
40460.00
39790.00
39480.00
39150.00
39170.00
39160.00
39530.00
39710.00
39790.00
39800.00
39740.00
40000.00
40140.00
39980.00
39880.00
39830.00
38910.00
38170.00
37870.00
37540.00
37400.00
37600.00
37680.00
37810.00
38020.00
37970.00
38060.00
38380.00
38560.00
38630.00
38760.00
38790.00
38800.00
38800.00
38850.00
38740.00
38500.00
38060.00
37790.00
37450.00
37440.00
37650.00
37750.00
37480.00
36700.00
35750.00
34570.00
33700.00
33320.00
33310.00
33120.00
32870.00
32610.00
32150.00
31870.00
31820.00
32150.00
32380.00
32390.00
32970.00
33510.00
34250.00
35050.00
35930.00
36350.00
36720.00
36640.00
36340.00
36370.00
36140.00
35940.00
35910.00
36010.00
36000.00
36120.00
36160.00
36380.00
36460.00
36510.00
36700.00
37350.00
37750.00
38510.00
39220.00
39580.00
39470.00
39190.00
38740.00
38440.00
38690.00
39190.00
39670.00
40150.00
40450.00
40470.00
40310.00
40210.00
40120.00
39670.00
39160.00
38450.00
37840.00
37390.00
37090.00
36840.00
36630.00
36170.00
35780.00
36010.00
36260.00
36960.00
37750.00
38560.00
39210.00
39720.00
40080.00
40440.00
40720.00
41030.00
41370.00
41760.00
42420.00
42930.00
42940.00
42990.00
42780.00
42540.00
42160.00
42020.00
41540.00
41120.00
40700.00
40690.00
40500.00
40720.00
40930.00
41020.00
40670.00
40490.00
39730.00
39080.00
38510.00
38000.00
37540.00
37480.00
37140.00
36790.00
36680.00
36420.00
36300.00
36490.00
36520.00
36640.00
36650.00
36600.00
36520.00
36550.00
36230.00
36190.00
36140.00
36550.00
36940.00
37430.00
38020.00
38640.00
38880.00
39230.00
39470.00
39340.00
39770.00
40160.00
40290.00
40420.00
40430.00
39840.00
39490.00
39100.00
38720.00
38680.00
38910.00
38960.00
39200.00
39450.00
39610.00
39740.00
39650.00
39060.00
38540.00
38240.00
37810.00
37490.00
37880.00
38320.00
38720.00
39070.00
39580.00
39780.00
39850.00
39820.00
39740.00
39520.00
39610.00
40060.00
40680.00
