1062.00
1066.00
1074.00
1087.00
1096.00
1106.00
1114.00
1120.00
1128.00
1140.00
1150.00
1155.00
1163.00
1166.00
1166.00
1163.00
1164.00
1166.00
1170.00
1178.00
1189.00
1203.00
1212.00
1215.00
1215.00
1212.00
1204.00
1202.00
1207.00
1211.00
1218.00
1221.00
1219.00
1212.00
1198.00
1190.00
1180.00
1174.00
1171.00
1171.00
1164.00
1164.00
1163.00
1164.00
1173.00
1183.00
1192.00
1197.00
1194.00
1188.00
1177.00
1163.00
1151.00
1140.00
1128.00
1127.00
1132.00
1142.00
1152.00
1165.00
1173.00
1176.00
1172.00
1172.00
1170.00
1170.00
1172.00
1177.00
1183.00
1189.00
1195.00
1199.00
1203.00
1204.00
1258.00
1256.00
1254.00
1250.00
1245.00
1184.00
1175.00
1181.00
1256.00
1276.00
1316.00
1365.00
1391.00
1345.00
1352.00
1348.00
1348.00
1342.00
1327.00
1310.00
1287.00
1252.00
1236.00
1236.00
1244.00
1249.00
1260.00
1270.00
1284.00
1295.00
1303.00
1312.00
1314.00
1319.00
1326.00
1337.00
1342.00
1347.00
1342.00
1334.00
1321.00
1301.00
1289.00
1272.00
1261.00
1259.00
1269.00
1280.00
1283.00
1280.00
1279.00
1279.00
1281.00
1293.00
1323.00
1353.00
1362.00
1360.00
1361.00
1342.00
1308.00
1298.00
1279.00
1237.00
1203.00
1177.00
1135.00
1107.00
1087.00
1060.00
1042.00
1039.00
1036.00
1047.00
1072.00
1089.00
1094.00
1103.00
1115.00
1113.00
1114.00
1115.00
1108.00
1101.00
1098.00
1087.00
1087.00
1097.00
1105.00
1110.00
1126.00
1133.00
1134.00
1135.00
1140.00
1143.00
1153.00
1160.00
1166.00
1175.00
1182.00
1183.00
1179.00
1177.00
1167.00
1155.00
1142.00
1135.00
1122.00
1106.00
1096.00
1087.00
1079.00
1084.00
1094.00
1102.00
1111.00
1118.00
1112.00
1111.00
1105.00
1100.00
1095.00
1096.00
1095.00
1098.00
1099.00
1108.00
1123.00
1132.00
1140.00
1150.00
1157.00
1156.00
1156.00
1177.00
1211.00
1270.00
1340.00
1402.00
1471.00
1517.00
1543.00
1559.00
1599.00
1618.00
1622.00
1686.00
1786.00
1877.00
1942.00
2077.00
2110.00
2099.00
2114.00
2113.00
2065.00
2032.00
2121.00
2186.00
2333.00
2483.00
2653.00
2667.00
2704.00
2720.00
2734.00
