75020.00
75360.00
75440.00
75380.00
75920.00
76260.00
76260.00
76820.00
77260.00
77860.00
78520.00
79720.00
80340.00
80600.00
81200.00
81880.00
82360.00
82800.00
83280.00
83500.00
83420.00
83240.00
83200.00
83440.00
83960.00
85160.00
86060.00
86820.00
87860.00
88900.00
89720.00
90340.00
91240.00
92080.00
92660.00
92440.00
92680.00
93160.00
93320.00
92560.00
92760.00
92820.00
92540.00
92300.00
93360.00
94140.00
94720.00
95540.00
96360.00
96520.00
96180.00
96120.00
96000.00
95500.00
95020.00
95160.00
94680.00
94320.00
94360.00
94380.00
94240.00
93980.00
93740.00
93280.00
93000.00
92580.00
92760.00
92900.00
92420.00
92040.00
91660.00
90960.00
89760.00
89160.00
88200.00
87600.00
87360.00
86100.00
84860.00
83440.00
82140.00
79980.00
79480.00
78980.00
78080.00
77120.00
77160.00
76700.00
76640.00
77240.00
77480.00
77480.00
77720.00
77860.00
78180.00
77980.00
78480.00
78940.00
79200.00
79300.00
79880.00
79920.00
80160.00
80340.00
80480.00
80320.00
79980.00
79540.00
79700.00
79560.00
80220.00
80940.00
81340.00
81160.00
81420.00
81780.00
80900.00
80080.00
79360.00
78780.00
77520.00
77820.00
78000.00
78040.00
77980.00
78560.00
79000.00
80540.00
81440.00
82380.00
82880.00
83640.00
83100.00
83320.00
83540.00
83680.00
83620.00
83740.00
83540.00
83540.00
84620.00
84900.00
85380.00
85980.00
85500.00
84200.00
83600.00
83560.00
83500.00
83820.00
83680.00
83580.00
82860.00
82300.00
81780.00
81560.00
81120.00
80620.00
80280.00
80640.00
81320.00
82160.00
83180.00
84180.00
84680.00
84540.00
84280.00
83520.00
82640.00
81820.00
81480.00
80940.00
80660.00
80820.00
80960.00
80840.00
81200.00
81940.00
82360.00
83000.00
83980.00
84760.00
85340.00
85580.00
84800.00
83880.00
82920.00
82140.00
82180.00
82900.00
83980.00
84980.00
86260.00
87080.00
88100.00
88680.00
89660.00
89860.00
90080.00
90300.00
90700.00
90580.00
91140.00
91900.00
92200.00
92420.00
92600.00
92520.00
92280.00
91620.00
91460.00
91380.00
91220.00
91040.00
91920.00
92040.00
93100.00
94080.00
94540.00
94500.00
93880.00
92840.00
91680.00
91400.00
91380.00
92020.00
91840.00
91960.00
91180.00
90500.00
89720.00
89500.00
89300.00
90060.00
90900.00
91480.00
92260.00
92540.00
92400.00
92060.00
92320.00
