5540.00
5664.00
5744.00
5852.00
5908.00
5966.00
6230.00
6472.00
6658.00
6794.00
6920.00
6816.00
6724.00
6686.00
6746.00
6758.00
6780.00
6814.00
6842.00
6834.00
6856.00
6890.00
6918.00
6884.00
6782.00
6698.00
6634.00
6584.00
6554.00
6542.00
6536.00
6492.00
6466.00
6450.00
6286.00
6076.00
5884.00
5680.00
5418.00
5328.00
5286.00
5238.00
5176.00
5190.00
5164.00
5162.00
5158.00
5154.00
5112.00
5122.00
5098.00
5072.00
5048.00
5031.00
5041.00
5067.00
5085.00
5129.00
5172.00
5212.00
5234.00
5242.00
5234.00
5244.00
5222.00
5202.00
5194.00
5192.00
5142.00
5108.00
5074.00
5032.00
4977.00
4953.00
4922.00
4879.00
4840.00
4819.00
4795.00
4753.00
4724.00
4677.00
4614.00
4572.00
4536.00
4506.00
4508.00
4535.00
4489.00
4467.00
4439.00
4397.00
4313.00
4288.00
4279.00
4264.00
4241.00
4244.00
4234.00
4200.00
4185.00
4190.00
4215.00
4292.00
4369.00
4440.00
4498.00
4524.00
4528.00
4562.00
4587.00
4621.00
4687.00
4736.00
4741.00
4750.00
4733.00
4726.00
4746.00
4725.00
4699.00
4707.00
4647.00
4526.00
4465.00
4419.00
4369.00
4344.00
4353.00
4341.00
4312.00
4284.00
4267.00
4223.00
4198.00
4166.00
4116.00
4033.00
3976.00
3918.00
3859.00
3817.00
3758.00
3677.00
3621.00
3614.00
3625.00
3688.00
3777.00
3840.00
3884.00
3925.00
3950.00
3977.00
3989.00
3982.00
3928.00
3899.00
3862.00
3827.00
3808.00
3810.00
3803.00
3805.00
3843.00
3873.00
3883.00
3955.00
4024.00
4104.00
4171.00
4275.00
4337.00
4400.00
4425.00
4444.00
4409.00
4368.00
4334.00
4297.00
4271.00
4289.00
4284.00
4220.00
4165.00
4105.00
4038.00
3985.00
4000.00
3999.00
3999.00
4012.00
4011.00
3990.00
3972.00
3955.00
3926.00
3909.00
3892.00
3879.00
3872.00
3881.00
3891.00
3908.00
3932.00
3951.00
4000.00
4040.00
4084.00
4121.00
4163.00
4165.00
4167.00
4141.00
4093.00
4044.00
3995.00
3964.00
3954.00
3972.00
4002.00
4016.00
4019.00
4000.00
3965.00
3933.00
3925.00
3908.00
3915.00
3939.00
3952.00
3957.00
3963.00
3968.00
3980.00
3986.00
3986.00
3980.00
3973.00
3952.00
3936.00
