19040.00
19110.00
19230.00
19230.00
19210.00
19240.00
19290.00
19370.00
19520.00
19580.00
19600.00
19550.00
19910.00
20140.00
20410.00
20620.00
20830.00
20770.00
20780.00
20820.00
20910.00
21100.00
21230.00
21420.00
21550.00
21680.00
21700.00
21730.00
21750.00
21940.00
22090.00
22290.00
22410.00
22550.00
22430.00
22460.00
22320.00
22220.00
22060.00
22040.00
21940.00
21910.00
21870.00
21840.00
21990.00
22090.00
22210.00
22320.00
22550.00
22520.00
22320.00
22110.00
21900.00
21500.00
21230.00
21280.00
21360.00
21560.00
22100.00
22590.00
22970.00
23300.00
23440.00
23300.00
23240.00
23160.00
23130.00
23200.00
23130.00
23020.00
22930.00
22820.00
22600.00
22640.00
22490.00
22420.00
22330.00
22300.00
22160.00
22130.00
22080.00
22010.00
21910.00
21710.00
21500.00
21340.00
21390.00
21550.00
22000.00
22520.00
22890.00
23420.00
23810.00
23180.00
22540.00
21940.00
21010.00
20240.00
20510.00
20760.00
20950.00
21160.00
21270.00
21200.00
21120.00
21020.00
20980.00
21060.00
21270.00
21420.00
21590.00
21750.00
21710.00
21590.00
21560.00
21540.00
21540.00
21640.00
21770.00
21750.00
21820.00
21830.00
21660.00
21420.00
21320.00
21190.00
21030.00
20970.00
21130.00
21110.00
21040.00
21020.00
21090.00
20930.00
20910.00
20830.00
20740.00
20550.00
20350.00
20260.00
20350.00
20240.00
20110.00
19910.00
19740.00
19570.00
19570.00
19650.00
19790.00
19890.00
19720.00
19700.00
19700.00
19760.00
19780.00
19980.00
19940.00
19840.00
19710.00
19610.00
19480.00
19450.00
19450.00
19440.00
19420.00
19360.00
19400.00
19600.00
19780.00
19910.00
20120.00
20250.00
20300.00
20310.00
20280.00
20300.00
20230.00
20110.00
19950.00
19920.00
19830.00
19730.00
19520.00
19420.00
19290.00
19110.00
19070.00
19230.00
19310.00
19240.00
19230.00
19160.00
18900.00
18730.00
18690.00
18590.00
18490.00
18480.00
18400.00
18290.00
18220.00
18180.00
18240.00
18360.00
18430.00
18580.00
18720.00
18770.00
18810.00
18840.00
18870.00
18830.00
18810.00
18860.00
18910.00
18870.00
18910.00
18930.00
18870.00
18910.00
18920.00
18920.00
18890.00
18760.00
18660.00
18610.00
18570.00
18530.00
18560.00
18530.00
18570.00
18670.00
18780.00
18910.00
19060.00
19150.00
19140.00
19140.00
19150.00
19110.00
19060.00
