202000.00
202100.00
202900.00
203700.00
204300.00
205400.00
204800.00
202500.00
200400.00
198100.00
195600.00
194400.00
194200.00
194300.00
194300.00
194500.00
194700.00
195200.00
195000.00
194800.00
194700.00
193900.00
193400.00
193100.00
193000.00
192100.00
191800.00
191100.00
190800.00
190600.00
190800.00
191000.00
191300.00
191300.00
191000.00
191000.00
191000.00
190500.00
190000.00
189600.00
189100.00
188600.00
188100.00
188000.00
188500.00
189600.00
190800.00
192100.00
192700.00
192000.00
190200.00
188000.00
185500.00
182900.00
180900.00
179600.00
179000.00
179000.00
179300.00
179600.00
179600.00
179400.00
179200.00
178900.00
178700.00
179600.00
180200.00
180800.00
181000.00
181400.00
181000.00
180800.00
180300.00
180100.00
179500.00
179100.00
178500.00
178400.00
178500.00
177900.00
177000.00
175400.00
173000.00
170300.00
168800.00
167100.00
166300.00
165100.00
164600.00
163600.00
162800.00
161600.00
160700.00
160300.00
159900.00
159300.00
158900.00
159500.00
159300.00
159500.00
159900.00
160100.00
160300.00
161200.00
161700.00
162000.00
162400.00
162400.00
161500.00
161200.00
161200.00
161200.00
160900.00
161100.00
160700.00
160300.00
160200.00
161400.00
162000.00
162000.00
162000.00
162200.00
160600.00
158100.00
155700.00
153300.00
150400.00
146900.00
145500.00
144600.00
143500.00
142900.00
143900.00
143800.00
143500.00
143000.00
142900.00
141800.00
140700.00
139500.00
138400.00
136300.00
133900.00
131100.00
128400.00
126300.00
125300.00
124600.00
124900.00
125300.00
124500.00
124100.00
124900.00
125600.00
126900.00
129400.00
130600.00
131400.00
133100.00
134200.00
134800.00
135400.00
135800.00
136000.00
136000.00
136100.00
136500.00
136900.00
137200.00
137700.00
137900.00
138000.00
138000.00
136800.00
136000.00
135500.00
135500.00
135600.00
134700.00
133500.00
132400.00
130300.00
127700.00
127100.00
126500.00
125400.00
124900.00
125200.00
125100.00
125900.00
126800.00
127100.00
127300.00
127800.00
127000.00
126300.00
126500.00
126400.00
126100.00
125600.00
125500.00
124600.00
125500.00
126200.00
128800.00
131300.00
133400.00
134200.00
134800.00
134000.00
133600.00
134100.00
134000.00
133300.00
132300.00
131000.00
130300.00
129300.00
129200.00
130800.00
131600.00
131800.00
132100.00
131600.00
129400.00
128300.00
126900.00
126400.00
126900.00
128000.00
129500.00
131300.00
133000.00
134500.00
135700.00
136300.00
136800.00
137000.00
136900.00
136500.00
136100.00
