1552.00
1565.00
1574.00
1587.00
1600.00
1622.00
1636.00
1656.00
1670.00
1683.00
1678.00
1674.00
1675.00
1677.00
1687.00
1706.00
1721.00
1722.00
1730.00
1725.00
1715.00
1704.00
1703.00
1699.00
1701.00
1705.00
1722.00
1736.00
1741.00
1747.00
1758.00
1768.00
1778.00
1820.00
1840.00
1860.00
1878.00
1899.00
1885.00
1879.00
1860.00
1845.00
1829.00
1824.00
1814.00
1814.00
1809.00
1793.00
1772.00
1764.00
1750.00
1736.00
1723.00
1690.00
1664.00
1653.00
1637.00
1636.00
1663.00
1683.00
1693.00
1695.00
1682.00
1671.00
1677.00
1685.00
1707.00
1738.00
1746.00
1745.00
1747.00
1767.00
1796.00
1821.00
1860.00
1888.00
1894.00
1899.00
1925.00
1924.00
1913.00
1882.00
1850.00
1802.00
1754.00
1738.00
1741.00
1723.00
1704.00
1687.00
1665.00
1639.00
1623.00
1614.00
1622.00
1606.00
1593.00
1580.00
1580.00
1568.00
1577.00
1588.00
1601.00
1609.00
1622.00
1621.00
1622.00
1620.00
1619.00
1615.00
1619.00
1623.00
1640.00
1661.00
1679.00
1695.00
1697.00
1691.00
1686.00
1681.00
1663.00
1670.00
1659.00
1624.00
1571.00
1549.00
1517.00
1488.00
1483.00
1492.00
1480.00
1470.00
1470.00
1461.00
1448.00
1440.00
1415.00
1371.00
1333.00
1314.00
1286.00
1273.00
1244.00
1196.00
1199.00
1219.00
1223.00
1259.00
1315.00
1315.00
1310.00
1318.00
1334.00
1348.00
1363.00
1377.00
1388.00
1388.00
1391.00
1387.00
1385.00
1380.00
1448.00
1503.00
1569.00
1614.00
1655.00
1630.00
1614.00
1589.00
1582.00
1575.00
1578.00
1574.00
1571.00
1564.00
1566.00
1551.00
1549.00
1540.00
1534.00
1524.00
1519.00
1512.00
1510.00
1506.00
1506.00
1508.00
1513.00
1520.00
1529.00
1546.00
1562.00
1564.00
1570.00
1569.00
1564.00
1568.00
1576.00
1574.00
1576.00
1577.00
1576.00
1578.00
1582.00
1589.00
1592.00
1591.00
1592.00
1593.00
1588.00
1589.00
1586.00
1569.00
1557.00
1540.00
1527.00
1520.00
1513.00
1505.00
1502.00
1483.00
1460.00
1444.00
1416.00
1395.00
1384.00
1381.00
1379.00
1390.00
1404.00
1421.00
1428.00
1431.00
1430.00
1440.00
1439.00
1428.00
1430.00
1428.00
1418.00
