13460.00
13480.00
13460.00
13520.00
13540.00
13590.00
13640.00
13700.00
13720.00
13780.00
13760.00
13710.00
13710.00
13740.00
13770.00
13840.00
13940.00
14020.00
14110.00
14240.00
14260.00
14210.00
14140.00
14080.00
14000.00
13990.00
14060.00
14090.00
14090.00
14090.00
14090.00
14070.00
14060.00
14060.00
14030.00
14000.00
13970.00
13960.00
13940.00
13910.00
13930.00
13960.00
14010.00
14060.00
14220.00
14360.00
14470.00
14530.00
14560.00
14480.00
14380.00
14230.00
14150.00
14070.00
14040.00
14080.00
14200.00
14290.00
14430.00
14540.00
14570.00
14550.00
14550.00
14510.00
14530.00
14550.00
14590.00
14610.00
14610.00
14560.00
14530.00
14510.00
14420.00
14390.00
14320.00
14310.00
14230.00
14280.00
14260.00
14300.00
14270.00
14220.00
14130.00
14070.00
13990.00
13930.00
13950.00
13940.00
13920.00
13940.00
13940.00
13920.00
13910.00
13930.00
13880.00
13820.00
13840.00
13830.00
13830.00
13870.00
13910.00
13880.00
13900.00
13910.00
13920.00
13940.00
13960.00
13950.00
13970.00
13980.00
13980.00
13970.00
13980.00
13960.00
13960.00
13980.00
14010.00
14040.00
14060.00
14010.00
13980.00
13940.00
13870.00
13790.00
13740.00
13680.00
13660.00
13690.00
13720.00
13770.00
13790.00
13800.00
13770.00
13780.00
13800.00
13800.00
13750.00
13660.00
13530.00
13380.00
13250.00
13070.00
12930.00
12800.00
12690.00
12560.00
12570.00
12540.00
12460.00
12360.00
12300.00
12230.00
12190.00
12210.00
12230.00
12240.00
12160.00
12070.00
12020.00
11990.00
12040.00
12130.00
12230.00
12300.00
12370.00
12390.00
12450.00
12590.00
12780.00
12980.00
13140.00
13270.00
13310.00
13340.00
13360.00
13360.00
13350.00
13390.00
13270.00
13210.00
13190.00
13120.00
12990.00
12980.00
12850.00
12670.00
12570.00
12570.00
12540.00
12560.00
12650.00
12680.00
12670.00
12710.00
12700.00
12690.00
12710.00
12590.00
12430.00
12270.00
12090.00
11930.00
11930.00
11960.00
12020.00
12110.00
12180.00
12210.00
12230.00
12240.00
12240.00
12240.00
12210.00
12170.00
12120.00
12050.00
12000.00
11960.00
11930.00
11930.00
11900.00
11870.00
11840.00
11800.00
11770.00
11800.00
11810.00
11830.00
11850.00
11920.00
12020.00
12090.00
12170.00
12280.00
12330.00
12310.00
12350.00
12380.00
12400.00
12310.00
12210.00
