29240.00
29200.00
29280.00
29240.00
29250.00
29320.00
29300.00
29150.00
29070.00
28840.00
28620.00
28670.00
28920.00
29240.00
29670.00
30140.00
30440.00
30660.00
30890.00
31000.00
30870.00
30650.00
30460.00
30190.00
30540.00
31400.00
32580.00
33830.00
35230.00
36030.00
36590.00
37120.00
37480.00
37700.00
37660.00
37920.00
37800.00
37790.00
37760.00
38100.00
37970.00
37960.00
38110.00
38370.00
38440.00
38870.00
39380.00
39500.00
39230.00
38910.00
38210.00
37720.00
37390.00
37350.00
37650.00
37900.00
37730.00
37490.00
37350.00
36880.00
36560.00
36560.00
36660.00
36660.00
37160.00
37780.00
38030.00
38380.00
38560.00
38590.00
38460.00
38400.00
38090.00
37840.00
37400.00
36880.00
36550.00
36440.00
36380.00
36260.00
36230.00
35860.00
35350.00
34630.00
33950.00
33570.00
33560.00
33420.00
33270.00
33080.00
32670.00
32000.00
31360.00
30860.00
30910.00
30680.00
30530.00
30650.00
30740.00
30290.00
30090.00
30080.00
29900.00
30020.00
30160.00
30290.00
30310.00
30190.00
29820.00
29540.00
29270.00
28900.00
28690.00
28640.00
28500.00
28290.00
28270.00
28340.00
28290.00
28210.00
28150.00
28100.00
27840.00
27580.00
27380.00
27220.00
27050.00
26840.00
26760.00
26500.00
26100.00
25710.00
25550.00
25300.00
24990.00
24710.00
24320.00
23730.00
23450.00
23390.00
23260.00
23220.00
23140.00
22690.00
22220.00
22070.00
21490.00
21130.00
20840.00
20480.00
20330.00
20670.00
21030.00
21330.00
21690.00
21560.00
21120.00
20700.00
20390.00
20120.00
20030.00
20160.00
20400.00
20620.00
20900.00
21040.00
21180.00
21240.00
21260.00
21310.00
21460.00
21570.00
21630.00
21670.00
21600.00
21540.00
21370.00
21180.00
21070.00
20970.00
20900.00
20880.00
20690.00
20490.00
20420.00
20230.00
20160.00
20360.00
20630.00
20790.00
20970.00
21090.00
21040.00
20970.00
20850.00
20730.00
20560.00
20530.00
20450.00
20570.00
20850.00
21160.00
21620.00
22070.00
22600.00
22960.00
23300.00
23380.00
23440.00
23160.00
22890.00
22620.00
22330.00
22010.00
21730.00
21480.00
21410.00
21560.00
21650.00
21830.00
22010.00
22050.00
21890.00
21740.00
21400.00
21100.00
20780.00
20560.00
20450.00
20520.00
20620.00
20760.00
20850.00
20940.00
21030.00
21170.00
21280.00
21340.00
21420.00
21620.00
21790.00
