1837.00
1846.00
1824.00
1828.00
1826.00
1821.00
1825.00
1841.00
1846.00
1860.00
1873.00
1874.00
1878.00
1880.00
1861.00
1839.00
1836.00
1830.00
1825.00
1835.00
1857.00
1872.00
1887.00
1916.00
1946.00
1951.00
1962.00
1972.00
1967.00
1952.00
1949.00
1951.00
1945.00
1932.00
1899.00
1869.00
1830.00
1804.00
1779.00
1768.00
1752.00
1742.00
1729.00
1722.00
1717.00
1723.00
1724.00
1724.00
1736.00
1749.00
1743.00
1738.00
1733.00
1715.00
1705.00
1709.00
1708.00
1713.00
1722.00
1731.00
1759.00
1787.00
1811.00
1832.00
1847.00
1837.00
1827.00
1819.00
1807.00
1796.00
1784.00
1779.00
1784.00
1793.00
1797.00
1805.00
1802.00
1788.00
1774.00
1759.00
1744.00
1731.00
1714.00
1703.00
1708.00
1717.00
1741.00
1776.00
1795.00
1804.00
1843.00
1855.00
1848.00
1840.00
1843.00
1811.00
1802.00
1804.00
1816.00
1817.00
1815.00
1828.00
1841.00
1856.00
1873.00
1892.00
1886.00
1881.00
1868.00
1856.00
1853.00
1850.00
1841.00
1836.00
1828.00
1809.00
1788.00
1775.00
1763.00
1757.00
1755.00
1757.00
1735.00
1709.00
1680.00
1660.00
1647.00
1649.00
1654.00
1655.00
1638.00
1618.00
1609.00
1600.00
1584.00
1572.00
1549.00
1504.00
1464.00
1433.00
1407.00
1385.00
1360.00
1320.00
1294.00
1287.00
1292.00
1320.00
1357.00
1388.00
1386.00
1379.00
1381.00
1385.00
1383.00
1391.00
1391.00
1381.00
1375.00
1370.00
1377.00
1391.00
1403.00
1416.00
1428.00
1435.00
1445.00
1455.00
1466.00
1483.00
1496.00
1505.00
1515.00
1516.00
1510.00
1517.00
1512.00
1506.00
1493.00
1474.00
1445.00
1429.00
1409.00
1400.00
1394.00
1389.00
1387.00
1389.00
1391.00
1398.00
1401.00
1401.00
1401.00
1402.00
1397.00
1394.00
1387.00
1381.00
1377.00
1376.00
1378.00
1381.00
1385.00
1385.00
1388.00
1404.00
1424.00
1437.00
1449.00
1463.00
1463.00
1460.00
1463.00
1462.00
1443.00
1425.00
1416.00
1408.00
1405.00
1411.00
1419.00
1422.00
1420.00
1415.00
1412.00
1408.00
1400.00
1395.00
1400.00
1410.00
1417.00
1423.00
1425.00
1420.00
1415.00
1410.00
1403.00
1400.00
1398.00
1398.00
1400.00
