39560.00
39420.00
39290.00
39040.00
38680.00
38210.00
37660.00
37360.00
37550.00
37780.00
37990.00
38430.00
38620.00
39070.00
39690.00
40170.00
40630.00
41380.00
41560.00
41600.00
41760.00
42240.00
43210.00
44560.00
46310.00
48030.00
49250.00
49920.00
50250.00
50130.00
50220.00
51040.00
52500.00
54080.00
55280.00
56320.00
56680.00
56840.00
56840.00
56920.00
57320.00
58000.00
58200.00
58600.00
60140.00
61440.00
62080.00
63380.00
63620.00
63080.00
62420.00
62180.00
61440.00
61280.00
61300.00
61300.00
61220.00
61020.00
61420.00
61320.00
61200.00
61760.00
62200.00
62920.00
64080.00
65120.00
65180.00
65300.00
65220.00
64820.00
64400.00
63600.00
62900.00
61720.00
60400.00
59780.00
59420.00
59120.00
58560.00
58100.00
57660.00
57240.00
56820.00
56800.00
56980.00
57540.00
59040.00
60760.00
61900.00
63420.00
64520.00
64780.00
65080.00
65380.00
65520.00
65160.00
65120.00
64580.00
64620.00
64360.00
64320.00
64080.00
64440.00
64760.00
65600.00
66280.00
67540.00
68060.00
68320.00
68220.00
68120.00
67540.00
67440.00
67240.00
67040.00
67200.00
67280.00
66940.00
67300.00
67500.00
67680.00
67900.00
67820.00
67240.00
66980.00
66140.00
65540.00
65260.00
65060.00
64780.00
64320.00
63940.00
63280.00
62680.00
62200.00
62440.00
62780.00
63460.00
64600.00
65440.00
66020.00
65900.00
66140.00
65940.00
65240.00
64880.00
64660.00
63480.00
62340.00
61980.00
58980.00
56120.00
53650.00
51160.00
48620.00
48240.00
47420.00
46880.00
46390.00
45670.00
45420.00
45700.00
46160.00
46510.00
46880.00
46810.00
46540.00
46240.00
45980.00
45970.00
46060.00
46500.00
46680.00
46910.00
46920.00
46930.00
46770.00
46680.00
46470.00
46360.00
46290.00
46080.00
45600.00
45070.00
44560.00
43900.00
43380.00
43290.00
43560.00
44010.00
44860.00
46070.00
47070.00
47940.00
48190.00
48120.00
47720.00
47520.00
47080.00
46840.00
46670.00
46480.00
46300.00
46380.00
46560.00
46630.00
46730.00
46220.00
45870.00
45270.00
44890.00
44420.00
44060.00
43450.00
42960.00
42210.00
41650.00
41600.00
41450.00
41360.00
41390.00
41240.00
41270.00
41500.00
41830.00
42210.00
42420.00
42360.00
42240.00
42470.00
42630.00
43160.00
43600.00
43870.00
43870.00
43830.00
43430.00
43000.00
42640.00
42330.00
42190.00
