1366.00
1385.00
1398.00
1421.00
1447.00
1472.00
1509.00
1536.00
1560.00
1570.00
1572.00
1563.00
1574.00
1578.00
1585.00
1585.00
1591.00
1588.00
1599.00
1610.00
1631.00
1634.00
1642.00
1638.00
1628.00
1615.00
1611.00
1605.00
1590.00
1580.00
1585.00
1585.00
1583.00
1590.00
1569.00
1535.00
1507.00
1480.00
1446.00
1435.00
1426.00
1421.00
1411.00
1415.00
1416.00
1417.00
1420.00
1423.00
1416.00
1418.00
1413.00
1413.00
1411.00
1412.00
1418.00
1428.00
1433.00
1444.00
1455.00
1463.00
1468.00
1465.00
1468.00
1474.00
1474.00
1478.00
1491.00
1495.00
1492.00
1495.00
1496.00
1491.00
1485.00
1483.00
1478.00
1473.00
1469.00
1472.00
1482.00
1488.00
1496.00
1493.00
1484.00
1462.00
1446.00
1437.00
1433.00
1432.00
1432.00
1427.00
1413.00
1400.00
1375.00
1353.00
1341.00
1325.00
1311.00
1312.00
1313.00
1311.00
1316.00
1328.00
1340.00
1360.00
1376.00
1392.00
1401.00
1411.00
1410.00
1413.00
1413.00
1417.00
1420.00
1424.00
1422.00
1422.00
1418.00
1415.00
1416.00
1415.00
1410.00
1411.00
1396.00
1379.00
1367.00
1361.00
1351.00
1350.00
1346.00
1336.00
1320.00
1311.00
1305.00
1301.00
1301.00
1297.00
1277.00
1247.00
1225.00
1205.00
1187.00
1177.00
1161.00
1133.00
1109.00
1099.00
1098.00
1118.00
1147.00
1174.00
1191.00
1203.00
1212.00
1219.00
1217.00
1215.00
1203.00
1190.00
1182.00
1178.00
1183.00
1195.00
1205.00
1211.00
1220.00
1219.00
1214.00
1214.00
1217.00
1229.00
1240.00
1255.00
1280.00
1300.00
1309.00
1317.00
1319.00
1309.00
1300.00
1290.00
1281.00
1275.00
1265.00
1247.00
1231.00
1216.00
1202.00
1199.00
1203.00
1211.00
1219.00
1228.00
1223.00
1219.00
1207.00
1197.00
1185.00
1182.00
1177.00
1175.00
1176.00
1181.00
1185.00
1190.00
1197.00
1200.00
1202.00
1201.00
1202.00
1201.00
1201.00
1202.00
1199.00
1191.00
1174.00
1162.00
1148.00
1140.00
1135.00
1140.00
1136.00
1131.00
1122.00
1108.00
1089.00
1080.00
1075.00
1069.00
1069.00
1077.00
1086.00
1094.00
1104.00
1110.00
1114.00
1113.00
1107.00
1100.00
1100.00
1097.00
1093.00
