11470.00
11680.00
11840.00
12230.00
12820.00
13190.00
13580.00
13920.00
14130.00
14100.00
14090.00
14010.00
14020.00
13960.00
13900.00
13850.00
13870.00
13870.00
14010.00
14200.00
14460.00
14510.00
14480.00
14360.00
14220.00
14000.00
13860.00
13860.00
13790.00
13700.00
13710.00
13680.00
13670.00
13730.00
13450.00
13030.00
12760.00
12380.00
11890.00
11700.00
11560.00
11400.00
11250.00
11240.00
11170.00
11200.00
11200.00
11180.00
11070.00
11070.00
10990.00
10880.00
10800.00
10750.00
10810.00
10940.00
11080.00
11260.00
11420.00
11520.00
11550.00
11570.00
11580.00
11670.00
11630.00
11600.00
11570.00
11480.00
11280.00
11210.00
11120.00
11050.00
10990.00
10970.00
10910.00
10870.00
10810.00
10790.00
10790.00
10760.00
10860.00
10960.00
10950.00
10890.00
10840.00
10690.00
10560.00
10610.00
10650.00
10670.00
10660.00
10590.00
10410.00
10280.00
10210.00
10110.00
10014.00
9956.00
9888.00
9816.00
9794.00
9870.00
9968.00
10146.00
10298.00
10470.00
10590.00
10700.00
10740.00
10870.00
10940.00
10970.00
11050.00
11090.00
11050.00
11000.00
10980.00
10970.00
11010.00
11000.00
11020.00
11030.00
10840.00
10600.00
10420.00
10320.00
10220.00
10200.00
10230.00
10204.00
10076.00
9990.00
9934.00
9880.00
9856.00
9784.00
9624.00
9388.00
9174.00
9028.00
8910.00
8858.00
8806.00
8672.00
8486.00
8390.00
8314.00
8366.00
8460.00
8590.00
8648.00
8750.00
8818.00
8902.00
8940.00
8968.00
8900.00
8832.00
8772.00
8728.00
8734.00
8768.00
8800.00
8814.00
8856.00
8878.00
8876.00
8942.00
9026.00
9166.00
9298.00
9480.00
9568.00
9646.00
9660.00
9668.00
9572.00
9488.00
9398.00
9262.00
9156.00
9134.00
9114.00
9010.00
8944.00
8850.00
8756.00
8702.00
8740.00
8778.00
8826.00
8866.00
8840.00
8820.00
8750.00
8670.00
8584.00
8526.00
8468.00
8416.00
8378.00
8352.00
8370.00
8398.00
8464.00
8556.00
8660.00
8700.00
8692.00
8656.00
8640.00
8636.00
8616.00
8598.00
8568.00
8480.00
8386.00
8374.00
8344.00
8324.00
8310.00
8258.00
8168.00
8106.00
8046.00
8006.00
7972.00
7932.00
7916.00
7962.00
7998.00
8058.00
8116.00
8166.00
8188.00
8218.00
8210.00
8198.00
8212.00
8192.00
8164.00
