18000.00
18150.00
18340.00
18470.00
18660.00
18670.00
18780.00
18880.00
18920.00
18960.00
19040.00
19120.00
19220.00
19320.00
19360.00
19420.00
19430.00
19390.00
19290.00
19230.00
19170.00
19080.00
19020.00
19070.00
19130.00
19120.00
19130.00
19120.00
19020.00
18870.00
18790.00
18750.00
18740.00
19190.00
19400.00
19710.00
20070.00
20510.00
20560.00
20820.00
20990.00
21030.00
20980.00
21110.00
21110.00
21070.00
21050.00
20910.00
20440.00
20120.00
19890.00
19720.00
19660.00
19740.00
19790.00
19940.00
20120.00
20250.00
20330.00
20420.00
20310.00
20110.00
20000.00
19930.00
19880.00
20010.00
20200.00
20330.00
20370.00
20430.00
20320.00
20160.00
19970.00
19830.00
19640.00
19570.00
19500.00
19550.00
19650.00
19720.00
19700.00
19580.00
19650.00
19700.00
19850.00
19980.00
20190.00
20150.00
20120.00
20060.00
20040.00
20020.00
20060.00
20080.00
20160.00
20010.00
19880.00
19630.00
19300.00
18890.00
18740.00
18640.00
18640.00
18760.00
18900.00
19060.00
19160.00
19250.00
19280.00
19290.00
19290.00
19300.00
19230.00
19160.00
19140.00
19120.00
19110.00
19120.00
19100.00
19030.00
18910.00
18790.00
18620.00
18440.00
18330.00
18250.00
18120.00
18080.00
18100.00
18070.00
18010.00
18050.00
18100.00
18190.00
18290.00
18360.00
18350.00
18220.00
18040.00
17910.00
17790.00
17630.00
17530.00
17430.00
17320.00
17250.00
17230.00
17230.00
17250.00
17230.00
17170.00
17230.00
17370.00
17530.00
17690.00
17830.00
17870.00
17890.00
17880.00
17900.00
17940.00
17980.00
18010.00
18040.00
18040.00
18010.00
17900.00
17800.00
17710.00
17690.00
17700.00
17840.00
17950.00
18100.00
18150.00
18180.00
18150.00
18130.00
18020.00
17970.00
17940.00
17890.00
17820.00
17780.00
17710.00
17610.00
17560.00
17580.00
17590.00
17610.00
17660.00
17750.00
17720.00
17740.00
17710.00
17710.00
17670.00
17690.00
17650.00
17630.00
17600.00
17580.00
17640.00
17660.00
17670.00
17680.00
17680.00
17600.00
17580.00
17580.00
17620.00
17590.00
17560.00
17520.00
17470.00
17390.00
17400.00
17400.00
17430.00
17450.00
17440.00
17430.00
17420.00
17390.00
17370.00
17410.00
17370.00
17400.00
17420.00
17500.00
17570.00
17730.00
17810.00
17920.00
17980.00
18020.00
18020.00
18060.00
18120.00
18030.00
17900.00
