3056.00
3116.00
3146.00
3175.00
3166.00
3172.00
3185.00
3218.00
3244.00
3261.00
3290.00
3322.00
3356.00
3373.00
3436.00
3445.00
3447.00
3463.00
3499.00
3489.00
3510.00
3506.00
3531.00
3513.00
3468.00
3419.00
3384.00
3323.00
3286.00
3272.00
3281.00
3290.00
3296.00
3293.00
3264.00
3211.00
3158.00
3085.00
3009.00
2964.00
2918.00
2894.00
2880.00
2901.00
2911.00
2942.00
2948.00
2954.00
2934.00
2938.00
2913.00
2905.00
2901.00
2906.00
2922.00
2959.00
2994.00
3026.00
3059.00
3085.00
3097.00
3096.00
3100.00
3111.00
3125.00
3146.00
3172.00
3190.00
3195.00
3184.00
3177.00
3182.00
3228.00
3276.00
3348.00
3374.00
3377.00
3355.00
3341.00
3320.00
3340.00
3351.00
3350.00
3336.00
3319.00
3327.00
3388.00
3435.00
3505.00
3542.00
3556.00
3528.00
3481.00
3412.00
3380.00
3366.00
3330.00
3335.00
3339.00
3371.00
3395.00
3469.00
3539.00
3630.00
3667.00
3716.00
3720.00
3733.00
3730.00
3760.00
3809.00
3869.00
3925.00
3958.00
3978.00
3932.00
3887.00
3901.00
3948.00
3990.00
4037.00
4094.00
4047.00
3974.00
3900.00
3855.00
3819.00
3815.00
3825.00
3835.00
3841.00
3834.00
3840.00
3822.00
3779.00
3715.00
3642.00
3530.00
3480.00
3452.00
3419.00
3390.00
3370.00
3325.00
3275.00
3258.00
3250.00
3269.00
3282.00
3329.00
3373.00
3434.00
3493.00
3553.00
3585.00
3601.00
3592.00
3599.00
3605.00
3590.00
3612.00
3632.00
3645.00
3670.00
3764.00
3825.00
3910.00
3988.00
4065.00
4095.00
4105.00
4094.00
4090.00
4078.00
4066.00
4072.00
4053.00
4002.00
3975.00
3930.00
3875.00
3853.00
3830.00
3778.00
3757.00
3752.00
3737.00
3761.00
3777.00
3774.00
3772.00
3775.00
3760.00
3739.00
3709.00
3684.00
3633.00
3583.00
3611.00
3656.00
3691.00
3758.00
3830.00
3980.00
4146.00
4294.00
4459.00
4678.00
4689.00
4673.00
4746.00
4768.00
4768.00
4873.00
4981.00
5001.00
5048.00
5132.00
5152.00
5160.00
5055.00
5035.00
5009.00
5005.00
4939.00
5106.00
5156.00
5120.00
5130.00
5236.00
5300.00
5404.00
5530.00
5540.00
5570.00
5480.00
5330.00
5170.00
5126.00
5048.00
5054.00
