7806.00
7746.00
7668.00
7598.00
7548.00
7524.00
7502.00
7524.00
7570.00
7622.00
7648.00
7684.00
7704.00
7708.00
7718.00
7730.00
7758.00
7808.00
7830.00
7830.00
7866.00
7892.00
7896.00
7912.00
7938.00
7994.00
8042.00
8134.00
8234.00
8382.00
8532.00
8672.00
8764.00
8862.00
8880.00
8880.00
8874.00
8864.00
8788.00
8746.00
8646.00
8558.00
8534.00
8564.00
8590.00
8654.00
8692.00
8654.00
8572.00
8490.00
8352.00
8232.00
8144.00
8102.00
8088.00
8098.00
8068.00
8100.00
8130.00
8130.00
8178.00
8264.00
8326.00
8394.00
8470.00
8496.00
8574.00
8590.00
8596.00
8652.00
8706.00
8680.00
8648.00
8610.00
8504.00
8408.00
8336.00
8284.00
8226.00
8180.00
8130.00
8056.00
7944.00
7830.00
7728.00
7646.00
7618.00
7644.00
7660.00
7678.00
7696.00
7682.00
7656.00
7664.00
7670.00
7610.00
7512.00
7408.00
7318.00
7204.00
7148.00
7162.00
7208.00
7278.00
7342.00
7404.00
7454.00
7472.00
7450.00
7458.00
7476.00
7462.00
7448.00
7418.00
7376.00
7338.00
7334.00
7328.00
7314.00
7302.00
7290.00
7260.00
7182.00
7098.00
7014.00
6930.00
6864.00
6840.00
6854.00
6846.00
6816.00
6798.00
6792.00
6788.00
6790.00
6760.00
6700.00
6602.00
6500.00
6390.00
6338.00
6264.00
6178.00
6056.00
5962.00
5878.00
5820.00
5804.00
5818.00
5840.00
5822.00
5844.00
5880.00
5934.00
5944.00
5952.00
5890.00
5836.00
5762.00
5716.00
5702.00
5748.00
5794.00
5850.00
5914.00
5984.00
6008.00
6032.00
6036.00
6058.00
6064.00
6086.00
6100.00
6126.00
6128.00
6128.00
6116.00
6110.00
6082.00
6060.00
6040.00
6026.00
5998.00
5990.00
5988.00
5970.00
5958.00
5982.00
6014.00
6058.00
6114.00
6168.00
6178.00
6184.00
6142.00
6078.00
6020.00
5972.00
5904.00
5854.00
5824.00
5760.00
5714.00
5704.00
5746.00
5792.00
5860.00
5910.00
5932.00
5904.00
5890.00
5878.00
5854.00
5826.00
5792.00
5736.00
5700.00
5688.00
5688.00
5704.00
5692.00
5676.00
5650.00
5596.00
5508.00
5456.00
5398.00
5346.00
5316.00
5312.00
5336.00
5364.00
5392.00
5422.00
5468.00
5482.00
5502.00
5512.00
5536.00
5556.00
5576.00
