1368.00
1372.00
1378.00
1378.00
1377.00
1379.00
1380.00
1384.00
1388.00
1394.00
1400.00
1406.00
1409.00
1412.00
1413.00
1427.00
1441.00
1458.00
1471.00
1483.00
1480.00
1475.00
1466.00
1483.00
1492.00
1506.00
1527.00
1541.00
1529.00
1527.00
1523.00
1518.00
1521.00
1524.00
1529.00
1538.00
1542.00
1548.00
1552.00
1554.00
1550.00
1550.00
1548.00
1550.00
1552.00
1553.00
1551.00
1552.00
1554.00
1556.00
1557.00
1557.00
1554.00
1551.00
1544.00
1534.00
1526.00
1516.00
1510.00
1506.00
1504.00
1498.00
1493.00
1487.00
1483.00
1486.00
1486.00
1487.00
1486.00
1489.00
1488.00
1498.00
1513.00
1528.00
1539.00
1549.00
1556.00
1559.00
1562.00
1564.00
1569.00
1566.00
1553.00
1540.00
1529.00
1517.00
1509.00
1507.00
1500.00
1487.00
1474.00
1462.00
1447.00
1425.00
1412.00
1394.00
1371.00
1361.00
1364.00
1362.00
1369.00
1377.00
1377.00
1381.00
1386.00
1391.00
1409.00
1426.00
1435.00
1444.00
1449.00
1444.00
1442.00
1446.00
1449.00
1449.00
1451.00
1456.00
1458.00
1462.00
1467.00
1475.00
1472.00
1465.00
1456.00
1450.00
1442.00
1441.00
1435.00
1429.00
1416.00
1402.00
1391.00
1390.00
1390.00
1393.00
1387.00
1368.00
1365.00
1363.00
1360.00
1366.00
1368.00
1346.00
1338.00
1342.00
1344.00
1368.00
1401.00
1422.00
1431.00
1438.00
1444.00
1445.00
1446.00
1452.00
1457.00
1462.00
1468.00
1466.00
1463.00
1472.00
1476.00
1482.00
1499.00
1532.00
1563.00
1577.00
1606.00
1629.00
1625.00
1634.00
1683.00
1731.00
1875.00
2037.00
2166.00
2288.00
2420.00
2458.00
2520.00
2561.00
2630.00
2659.00
2696.00
2709.00
2769.00
2783.00
2800.00
2800.00
2769.00
2739.00
2684.00
2652.00
2634.00
2640.00
2629.00
2645.00
2652.00
2652.00
2649.00
2679.00
2678.00
2684.00
2695.00
2700.00
2677.00
2698.00
2789.00
2802.00
2804.00
2794.00
2771.00
2647.00
2579.00
2538.00
2526.00
2497.00
2475.00
2491.00
2502.00
2495.00
2526.00
2566.00
2601.00
2645.00
2674.00
2685.00
2709.00
2710.00
2739.00
2784.00
2793.00
2764.00
2747.00
2667.00
2577.00
2502.00
2457.00
2413.00
2412.00
