106100.00
107100.00
107900.00
108300.00
108600.00
109300.00
109700.00
110300.00
111800.00
112900.00
114100.00
115400.00
116600.00
116800.00
117400.00
118000.00
118400.00
118900.00
118900.00
118800.00
118000.00
117400.00
116800.00
116800.00
116800.00
116900.00
116900.00
116700.00
116700.00
116400.00
116300.00
116100.00
116200.00
116000.00
115900.00
115400.00
114800.00
113600.00
112300.00
111100.00
110200.00
109700.00
109200.00
108800.00
109000.00
109300.00
109300.00
109700.00
109900.00
109300.00
108500.00
107700.00
107300.00
106800.00
106700.00
107100.00
107700.00
108600.00
109600.00
110400.00
110900.00
111400.00
111100.00
111100.00
111200.00
111300.00
111600.00
112000.00
111900.00
111900.00
112000.00
111900.00
111400.00
110200.00
108500.00
106900.00
104900.00
103400.00
102700.00
102300.00
101700.00
100700.00
99880.00
99440.00
99020.00
98900.00
99000.00
98700.00
98160.00
97560.00
96720.00
96020.00
95240.00
94620.00
94160.00
93320.00
92700.00
92460.00
92320.00
92120.00
92420.00
92700.00
92860.00
93040.00
93280.00
93160.00
93160.00
92920.00
92620.00
92660.00
93460.00
93980.00
94780.00
95560.00
95940.00
95940.00
96000.00
96020.00
95840.00
95460.00
95180.00
95240.00
94640.00
94060.00
93520.00
93180.00
92700.00
92720.00
93140.00
93620.00
93380.00
93340.00
93380.00
93560.00
93780.00
93900.00
94120.00
93920.00
93220.00
92600.00
92420.00
91540.00
90600.00
89400.00
87960.00
86480.00
85540.00
85820.00
86360.00
87000.00
87540.00
88360.00
88460.00
88860.00
89100.00
89920.00
90040.00
90240.00
90400.00
90140.00
89180.00
88480.00
87620.00
86780.00
86700.00
86880.00
87020.00
87540.00
87880.00
88560.00
89400.00
90040.00
90520.00
91200.00
91340.00
91440.00
91520.00
91420.00
90760.00
90440.00
90060.00
89460.00
88900.00
88920.00
88940.00
88620.00
89200.00
89960.00
90580.00
91080.00
92020.00
92320.00
92580.00
92720.00
93260.00
93540.00
94180.00
95060.00
96200.00
96660.00
97740.00
98840.00
100160.00
101160.00
102500.00
103100.00
103400.00
103000.00
102700.00
102000.00
102200.00
102500.00
102700.00
102800.00
102900.00
102400.00
102400.00
102200.00
102000.00
102100.00
101580.00
100880.00
100780.00
100980.00
100780.00
101200.00
101060.00
100860.00
100560.00
100960.00
101560.00
102400.00
102900.00
103300.00
104300.00
105200.00
106200.00
107200.00
107900.00
108200.00
108200.00
