11300.00
11280.00
11320.00
11570.00
11930.00
12390.00
12660.00
12930.00
12980.00
13080.00
13000.00
13020.00
13090.00
13240.00
13310.00
13490.00
13670.00
13780.00
13800.00
13920.00
14030.00
13960.00
13990.00
14160.00
14430.00
14620.00
15130.00
15450.00
15720.00
15730.00
15790.00
15730.00
15740.00
15540.00
15350.00
15140.00
14800.00
14470.00
14190.00
13930.00
13760.00
13740.00
13800.00
14070.00
14310.00
14520.00
14720.00
14900.00
15100.00
15480.00
15770.00
16030.00
16200.00
16130.00
15960.00
15970.00
15910.00
15930.00
16040.00
16130.00
16080.00
16080.00
16100.00
16080.00
16080.00
16170.00
16120.00
16200.00
16220.00
16210.00
16050.00
16040.00
15810.00
15760.00
15610.00
15600.00
15700.00
15870.00
16150.00
16410.00
16480.00
16260.00
16040.00
15480.00
15090.00
15000.00
15010.00
14980.00
15070.00
15080.00
14900.00
14680.00
14540.00
14370.00
14290.00
14130.00
14070.00
13890.00
13770.00
13640.00
13670.00
13690.00
13790.00
14030.00
14180.00
14250.00
14330.00
14330.00
14220.00
14200.00
14220.00
14270.00
14350.00
14320.00
14260.00
14200.00
14010.00
13950.00
13990.00
14060.00
14210.00
14410.00
14340.00
14240.00
14210.00
14100.00
14020.00
14090.00
14250.00
14270.00
14400.00
14470.00
14620.00
14730.00
14750.00
14590.00
14450.00
14090.00
13670.00
13350.00
12970.00
12760.00
12550.00
12140.00
11830.00
11760.00
11560.00
11600.00
11880.00
12110.00
12250.00
12390.00
12470.00
12580.00
12640.00
12620.00
12560.00
12510.00
12400.00
12270.00
12230.00
12280.00
12330.00
12470.00
12760.00
13020.00
13230.00
13410.00
13430.00
13380.00
13310.00
13260.00
13270.00
13330.00
13350.00
13410.00
13460.00
13460.00
13500.00
13470.00
13480.00
13480.00
13420.00
13360.00
13440.00
13440.00
13400.00
13540.00
13670.00
13760.00
13870.00
14070.00
14250.00
14370.00
14350.00
14380.00
14430.00
14380.00
14380.00
14350.00
14290.00
14170.00
14090.00
13970.00
13980.00
13970.00
13940.00
13830.00
13750.00
13640.00
13560.00
13520.00
13520.00
13480.00
13440.00
13360.00
13320.00
13340.00
13400.00
13490.00
13520.00
13560.00
13510.00
13410.00
13250.00
13240.00
13160.00
13090.00
13050.00
13110.00
13110.00
13180.00
13600.00
14190.00
14670.00
15140.00
15560.00
15700.00
15820.00
16310.00
16920.00
