22240.00
22270.00
22380.00
22230.00
22110.00
22120.00
22180.00
22100.00
22310.00
22470.00
22540.00
22530.00
22690.00
22700.00
22770.00
22810.00
22770.00
22840.00
23020.00
23300.00
23720.00
24220.00
24450.00
24670.00
24920.00
25080.00
25210.00
25370.00
25570.00
25580.00
25560.00
25480.00
25400.00
25260.00
25180.00
24880.00
24660.00
24470.00
24210.00
23860.00
23740.00
23680.00
23550.00
23370.00
23510.00
23620.00
23660.00
23760.00
23960.00
23990.00
23960.00
23940.00
23860.00
23920.00
23930.00
24090.00
24330.00
24470.00
24660.00
24780.00
24840.00
24810.00
24970.00
24960.00
25090.00
25160.00
25240.00
25240.00
25280.00
25140.00
25020.00
24920.00
24860.00
24730.00
24860.00
24960.00
25070.00
25290.00
25560.00
25660.00
25840.00
25870.00
25870.00
25740.00
25710.00
25660.00
25720.00
25680.00
25780.00
25920.00
25950.00
26120.00
26310.00
26470.00
26530.00
26650.00
26560.00
26520.00
26520.00
26560.00
26640.00
26870.00
27190.00
27430.00
27720.00
27980.00
28200.00
28220.00
28400.00
28510.00
28630.00
28720.00
28810.00
28840.00
28870.00
28850.00
28930.00
28990.00
29060.00
29060.00
29120.00
29030.00
29010.00
28940.00
28790.00
28680.00
28640.00
28540.00
28470.00
28620.00
28730.00
28950.00
29120.00
29000.00
28770.00
28460.00
28100.00
27790.00
27600.00
27410.00
27150.00
26700.00
26620.00
26510.00
26250.00
26170.00
26210.00
25970.00
25870.00
25780.00
25730.00
25820.00
26010.00
26220.00
26350.00
26410.00
26250.00
26010.00
25760.00
25700.00
25800.00
25840.00
25790.00
25710.00
25620.00
25300.00
24960.00
24760.00
24630.00
24490.00
24410.00
24530.00
24590.00
24620.00
24660.00
24700.00
24730.00
24760.00
24690.00
24720.00
24770.00
24730.00
24600.00
24680.00
24620.00
24490.00
24470.00
24580.00
24580.00
24740.00
24940.00
25020.00
25170.00
25370.00
25390.00
25340.00
25360.00
25450.00
25430.00
25440.00
25400.00
25260.00
24990.00
24750.00
24570.00
24490.00
24570.00
24570.00
24560.00
24440.00
24390.00
24380.00
24270.00
24250.00
24190.00
24170.00
23990.00
23950.00
23940.00
24050.00
23980.00
24060.00
24030.00
23980.00
23980.00
24180.00
24160.00
24340.00
24570.00
24680.00
24720.00
24730.00
24660.00
24490.00
24440.00
24380.00
24420.00
24500.00
24600.00
24560.00
24460.00
