2125.00
2150.00
2260.00
2356.00
2446.00
2588.00
2695.00
2636.00
2585.00
2550.00
2462.00
2346.00
2362.00
2387.00
2432.00
2484.00
2525.00
2519.00
2504.00
2427.00
2363.00
2331.00
2304.00
2281.00
2264.00
2216.00
2168.00
2127.00
2084.00
2054.00
2067.00
2068.00
2064.00
2067.00
2045.00
2016.00
2000.00
1991.00
1965.00
1960.00
1938.00
1914.00
1897.00
1905.00
1899.00
1890.00
1900.00
1903.00
1885.00
1946.00
2013.00
2062.00
2098.00
2148.00
2125.00
2102.00
2069.00
2062.00
2046.00
2160.00
2293.00
2506.00
2723.00
2919.00
3002.00
3068.00
3057.00
3015.00
2958.00
2852.00
2709.00
2580.00
2456.00
2356.00
2303.00
2296.00
2267.00
2235.00
2230.00
2198.00
2142.00
2093.00
2061.00
2017.00
2014.00
2026.00
2026.00
2025.00
2017.00
1986.00
1955.00
1937.00
1929.00
1926.00
1923.00
1917.00
1912.00
1901.00
1895.00
1894.00
1896.00
1900.00
1918.00
1936.00
1946.00
1964.00
1989.00
1999.00
2008.00
2012.00
2012.00
2000.00
1983.00
1968.00
1961.00
1938.00
1933.00
1925.00
1914.00
1900.00
1889.00
1870.00
1841.00
1815.00
1808.00
1804.00
1793.00
1792.00
1780.00
1741.00
1717.00
1703.00
1709.00
1737.00
1772.00
1783.00
1771.00
1728.00
1676.00
1661.00
1661.00
1671.00
1679.00
1669.00
1620.00
1574.00
1534.00
1522.00
1537.00
1553.00
1552.00
1542.00
1522.00
1499.00
1480.00
1480.00
1472.00
1470.00
1470.00
1463.00
1450.00
1458.00
1467.00
1465.00
1471.00
1478.00
1466.00
1448.00
1434.00
1421.00
1408.00
1419.00
1458.00
1475.00
1478.00
1478.00
1469.00
1431.00
1396.00
1298.00
1200.20
1108.20
1013.00
921.60
913.80
908.20
895.20
883.60
877.80
893.60
901.80
905.00
905.40
915.00
897.40
885.60
876.60
872.00
871.00
866.60
863.60
862.40
860.00
849.00
844.00
837.80
832.60
826.80
822.20
791.20
746.80
700.80
657.80
608.00
578.60
560.20
544.20
533.20
524.20
520.80
519.00
518.00
509.80
502.40
493.20
493.20
493.20
498.20
505.20
514.00
518.80
521.60
521.80
521.80
521.20
516.20
513.40
507.00
505.00
503.80
508.00
