8814.00
8822.00
8858.00
8928.00
8998.00
9070.00
9140.00
9206.00
9242.00
9270.00
9270.00
9234.00
9256.00
9266.00
9268.00
9306.00
9332.00
9318.00
9328.00
9348.00
9350.00
9360.00
9358.00
9384.00
9412.00
9410.00
9454.00
9498.00
9488.00
9516.00
9546.00
9538.00
9522.00
9518.00
9380.00
9260.00
9152.00
9062.00
8952.00
8916.00
8866.00
8816.00
8762.00
8754.00
8768.00
8800.00
8846.00
8880.00
8878.00
8872.00
8810.00
8730.00
8654.00
8558.00
8466.00
8464.00
8458.00
8474.00
8516.00
8562.00
8586.00
8628.00
8680.00
8744.00
8826.00
8888.00
8936.00
8996.00
9088.00
9172.00
9264.00
9392.00
9614.00
9642.00
9602.00
9584.00
9526.00
9324.00
9268.00
9296.00
9296.00
9270.00
9232.00
9152.00
9034.00
8934.00
8830.00
8736.00
8656.00
8586.00
8554.00
8544.00
8526.00
8530.00
8538.00
8466.00
8416.00
8470.00
8538.00
8638.00
8768.00
8884.00
8908.00
8942.00
8960.00
9014.00
9036.00
9034.00
9000.00
8972.00
8914.00
8882.00
8884.00
8868.00
8806.00
8720.00
8644.00
8570.00
8546.00
8538.00
8568.00
8594.00
8552.00
8426.00
8322.00
8220.00
8132.00
8080.00
8132.00
8160.00
8164.00
8160.00
8210.00
8216.00
8204.00
8180.00
8104.00
7924.00
7772.00
7662.00
7534.00
7446.00
7506.00
7908.00
8130.00
8416.00
8804.00
9146.00
9000.00
9236.00
9400.00
9720.00
9960.00
10356.00
10364.00
10354.00
10034.00
9792.00
9442.00
9242.00
9190.00
9144.00
9082.00
9082.00
9070.00
8942.00
8842.00
8762.00
8732.00
8748.00
9036.00
9294.00
9488.00
9678.00
9788.00
9690.00
9798.00
10018.00
10228.00
10304.00
10312.00
10136.00
9838.00
9518.00
9352.00
9200.00
9146.00
9118.00
9102.00
9150.00
9194.00
9172.00
9258.00
9290.00
9306.00
9290.00
9262.00
9216.00
9218.00
9222.00
9246.00
9330.00
9368.00
9380.00
9406.00
9482.00
9548.00
9538.00
9590.00
9636.00
9664.00
9682.00
9740.00
9674.00
9570.00
9466.00
9374.00
9344.00
9396.00
9486.00
9572.00
9736.00
9804.00
9896.00
10044.00
10148.00
10158.00
10270.00
10380.00
10410.00
10530.00
10660.00
10640.00
10620.00
10640.00
10660.00
10630.00
10750.00
10820.00
10830.00
10690.00
