83060.00
84100.00
85220.00
86460.00
87980.00
89860.00
90720.00
91440.00
92020.00
92100.00
92000.00
92300.00
92500.00
92080.00
91780.00
91640.00
91540.00
91160.00
91120.00
90960.00
90620.00
90060.00
89900.00
90380.00
91140.00
91640.00
92280.00
93080.00
93320.00
93280.00
93480.00
93440.00
93240.00
92880.00
92300.00
92200.00
92440.00
93540.00
94920.00
95940.00
96460.00
96820.00
96600.00
96200.00
96160.00
97340.00
98200.00
98860.00
99660.00
100860.00
100280.00
100080.00
99380.00
97760.00
95940.00
94960.00
93540.00
92840.00
92780.00
92720.00
92520.00
92520.00
92340.00
92140.00
91720.00
91180.00
90940.00
90740.00
90440.00
90400.00
90340.00
90280.00
90100.00
89920.00
89660.00
89780.00
89720.00
89640.00
89680.00
89660.00
89440.00
88880.00
87840.00
86700.00
85680.00
84760.00
84080.00
84100.00
85040.00
86320.00
87380.00
88600.00
89620.00
90240.00
90400.00
90780.00
91180.00
91780.00
92300.00
92740.00
92840.00
92600.00
92120.00
91360.00
90780.00
90640.00
90760.00
90840.00
90540.00
90340.00
89620.00
88980.00
88320.00
88060.00
87680.00
87200.00
86720.00
86400.00
86000.00
85480.00
85320.00
85140.00
84300.00
83320.00
82740.00
82400.00
82400.00
82960.00
83360.00
83560.00
83540.00
83080.00
82520.00
82280.00
81840.00
81000.00
80100.00
79060.00
77960.00
76700.00
75580.00
74700.00
73400.00
71620.00
70400.00
69400.00
69420.00
71280.00
73860.00
76160.00
78320.00
78920.00
78740.00
78640.00
78640.00
78560.00
78840.00
78420.00
77760.00
77060.00
76740.00
76540.00
76620.00
76800.00
76960.00
76900.00
76440.00
75900.00
75260.00
74860.00
74960.00
75700.00
76500.00
77260.00
77840.00
77980.00
77860.00
77760.00
77740.00
77520.00
77280.00
76940.00
76360.00
75580.00
74860.00
73980.00
73500.00
73440.00
73560.00
73700.00
73980.00
73960.00
73800.00
73640.00
73520.00
73400.00
73200.00
72940.00
72540.00
72040.00
71680.00
71360.00
71220.00
71480.00
71960.00
72400.00
72940.00
73560.00
73960.00
74040.00
74160.00
74220.00
73980.00
73200.00
72480.00
71720.00
70880.00
70200.00
70020.00
69980.00
69820.00
69540.00
69240.00
68740.00
68300.00
68100.00
68140.00
68080.00
68160.00
68160.00
68140.00
68120.00
68240.00
68460.00
68780.00
69040.00
69300.00
69460.00
69560.00
69780.00
69900.00
