18020.00
17950.00
17760.00
17520.00
17240.00
17070.00
16970.00
16940.00
17060.00
17020.00
16960.00
16960.00
16930.00
16800.00
16850.00
16730.00
16310.00
15960.00
15580.00
15150.00
15040.00
15060.00
14980.00
14960.00
15010.00
14890.00
14860.00
14890.00
14950.00
14930.00
14950.00
15040.00
15130.00
15170.00
15200.00
15200.00
15160.00
15080.00
15030.00
14980.00
14900.00
14800.00
14760.00
14700.00
14760.00
14840.00
14940.00
15000.00
15020.00
15020.00
15100.00
15120.00
15250.00
15430.00
15510.00
15530.00
15600.00
15410.00
15230.00
15070.00
14870.00
14630.00
14620.00
14570.00
14540.00
14550.00
14600.00
14600.00
14580.00
14560.00
14510.00
14450.00
14430.00
14450.00
14470.00
14470.00
14450.00
14510.00
14630.00
14780.00
15050.00
15280.00
15470.00
15590.00
15660.00
15630.00
15630.00
15530.00
15470.00
15310.00
15180.00
14890.00
14650.00
14350.00
14150.00
13970.00
14000.00
13970.00
13990.00
14100.00
14170.00
14170.00
14250.00
14370.00
14420.00
14460.00
14570.00
14580.00
14530.00
14510.00
14520.00
14510.00
14550.00
14600.00
14620.00
14620.00
14590.00
14610.00
14650.00
14600.00
14490.00
14410.00
14240.00
14020.00
13880.00
13790.00
13760.00
13790.00
13830.00
13900.00
13960.00
14000.00
13950.00
13840.00
13680.00
13500.00
13250.00
13070.00
13000.00
12960.00
12900.00
12920.00
13040.00
13070.00
13030.00
12970.00
12860.00
12660.00
12530.00
12410.00
12360.00
12340.00
12350.00
12350.00
12390.00
12420.00
12410.00
12410.00
12460.00
12580.00
12750.00
12930.00
13070.00
13190.00
13240.00
13220.00
13210.00
13270.00
13340.00
13390.00
13480.00
13540.00
13530.00
13480.00
13530.00
13590.00
13630.00
13690.00
13710.00
13690.00
13650.00
13620.00
13570.00
13530.00
13540.00
13550.00
13630.00
13710.00
13830.00
13860.00
13890.00
13850.00
13820.00
13820.00
13810.00
13810.00
13840.00
13850.00
13820.00
13820.00
13740.00
13610.00
13490.00
13440.00
13370.00
13500.00
13640.00
13840.00
13920.00
14010.00
13980.00
13980.00
13940.00
13940.00
13950.00
14000.00
14040.00
14030.00
13990.00
13920.00
13760.00
13660.00
13590.00
13550.00
13550.00
13640.00
13680.00
13710.00
13740.00
13800.00
13810.00
13890.00
13980.00
14090.00
14190.00
14320.00
14360.00
14390.00
14410.00
14350.00
14280.00
