81120.00
81500.00
81600.00
81820.00
81920.00
82280.00
82420.00
83280.00
83880.00
84520.00
85560.00
87140.00
88360.00
89740.00
91280.00
92220.00
92700.00
92060.00
91200.00
90280.00
89420.00
88400.00
88500.00
88800.00
89260.00
89520.00
89960.00
90240.00
90500.00
90620.00
90560.00
90300.00
90060.00
89760.00
89220.00
88880.00
88620.00
88160.00
87640.00
86960.00
86400.00
86040.00
85780.00
85540.00
86100.00
86620.00
87040.00
87500.00
87740.00
87540.00
86900.00
86140.00
85400.00
84760.00
84160.00
84000.00
84060.00
84160.00
84320.00
84460.00
84560.00
84520.00
84720.00
84800.00
84840.00
85060.00
85380.00
85440.00
85460.00
85340.00
85020.00
84740.00
84440.00
84320.00
84240.00
84460.00
84540.00
84560.00
84440.00
84220.00
83680.00
82640.00
81960.00
81340.00
80860.00
80580.00
80600.00
80500.00
80560.00
80680.00
80640.00
80980.00
81200.00
81400.00
81440.00
81260.00
81080.00
80920.00
81120.00
81420.00
81800.00
81960.00
82340.00
82260.00
82340.00
82640.00
82980.00
83020.00
83120.00
83220.00
83160.00
83140.00
83340.00
83580.00
83560.00
83760.00
83880.00
83920.00
83900.00
83740.00
83300.00
82920.00
82260.00
81380.00
80840.00
80460.00
80180.00
79980.00
79960.00
79920.00
79680.00
79540.00
79420.00
79340.00
79120.00
79060.00
78700.00
78260.00
77640.00
77100.00
76580.00
75700.00
74620.00
73560.00
72260.00
70860.00
69980.00
69260.00
68660.00
67880.00
67120.00
66540.00
66220.00
65940.00
66120.00
66380.00
66320.00
66320.00
66420.00
66400.00
66780.00
67280.00
67520.00
67660.00
68160.00
68160.00
68400.00
68960.00
69880.00
70840.00
71760.00
72400.00
72700.00
72760.00
72540.00
72640.00
72720.00
72800.00
72400.00
72080.00
71800.00
71200.00
70560.00
70320.00
70080.00
69340.00
69380.00
69840.00
70060.00
70100.00
70660.00
70620.00
70460.00
70720.00
70920.00
70960.00
71180.00
71240.00
71320.00
71240.00
71120.00
71020.00
71260.00
71380.00
71740.00
72440.00
73320.00
74020.00
74560.00
74960.00
75100.00
74960.00
74540.00
74140.00
73700.00
73180.00
72940.00
72580.00
72400.00
72480.00
72360.00
72220.00
72360.00
72240.00
72060.00
72200.00
72300.00
72380.00
72820.00
73380.00
74160.00
74720.00
75440.00
75840.00
76200.00
76200.00
76280.00
76260.00
76340.00
75940.00
75600.00
