12200.00
12660.00
12970.00
13120.00
13180.00
12770.00
12300.00
12140.00
12040.00
11950.00
11820.00
11770.00
11890.00
12020.00
12150.00
12280.00
12310.00
12190.00
12030.00
11930.00
11880.00
11940.00
11930.00
11960.00
11990.00
11940.00
11960.00
12030.00
12110.00
12150.00
12160.00
12090.00
12030.00
11970.00
11890.00
11960.00
12060.00
12080.00
12050.00
12060.00
12060.00
12020.00
12080.00
12230.00
12280.00
12240.00
12160.00
11980.00
11560.00
11370.00
11110.00
10770.00
10328.00
10040.00
9594.00
9166.00
8896.00
8826.00
8840.00
8870.00
8874.00
8866.00
8840.00
8830.00
8850.00
8958.00
9012.00
9068.00
9022.00
9004.00
8976.00
8952.00
8934.00
8950.00
8896.00
8896.00
8876.00
8746.00
8352.00
7946.00
7532.00
7120.00
6830.00
6798.00
6802.00
6840.00
6802.00
6716.00
6620.00
6548.00
6436.00
6414.00
6420.00
6456.00
6476.00
6410.00
6328.00
6320.00
6334.00
6336.00
6392.00
6476.00
6518.00
6508.00
6516.00
6512.00
6494.00
6470.00
6488.00
6424.00
6354.00
6292.00
6166.00
5982.00
5908.00
5804.00
5734.00
5726.00
5756.00
5736.00
5714.00
5736.00
5716.00
5652.00
5652.00
5718.00
5712.00
5690.00
5698.00
5614.00
5532.00
5538.00
5580.00
5600.00
5672.00
5686.00
5590.00
5358.00
5206.00
5074.00
4994.00
4990.00
4907.00
4693.00
4464.00
4284.00
4077.00
4119.00
4210.00
4311.00
4366.00
4383.00
4380.00
4416.00
4402.00
4364.00
4309.00
4258.00
4205.00
4164.00
4163.00
4221.00
4265.00
4293.00
4340.00
4334.00
4284.00
4227.00
4182.00
4175.00
4206.00
4267.00
4311.00
4337.00
4299.00
4237.00
4127.00
4016.00
3918.00
3784.00
3727.00
3736.00
3885.00
4023.00
4242.00
4369.00
4432.00
4626.00
5055.00
5463.00
5802.00
6280.00
6598.00
6650.00
6784.00
6904.00
6954.00
6784.00
6668.00
6420.00
6464.00
6498.00
7080.00
7616.00
8262.00
8714.00
9126.00
9016.00
8890.00
8722.00
8922.00
9086.00
9292.00
9610.00
9770.00
9560.00
9514.00
9462.00
9388.00
9436.00
9360.00
9148.00
8936.00
8722.00
8404.00
8228.00
8056.00
7960.00
7758.00
7688.00
7620.00
7646.00
7644.00
7670.00
7648.00
7616.00
7532.00
7368.00
7270.00
7266.00
7296.00
