8344.00
8346.00
8318.00
8204.00
8044.00
8028.00
8056.00
8122.00
8320.00
8616.00
8668.00
8692.00
8696.00
8668.00
8560.00
8670.00
8686.00
8628.00
8484.00
8248.00
7980.00
7764.00
7600.00
7510.00
7398.00
7290.00
7186.00
7138.00
7094.00
7116.00
7096.00
7176.00
7220.00
7290.00
7264.00
7374.00
7416.00
7472.00
7442.00
7462.00
7356.00
7232.00
7076.00
7036.00
7010.00
7028.00
7024.00
7062.00
6966.00
6900.00
6796.00
6728.00
6600.00
6516.00
6472.00
6538.00
6592.00
6748.00
6928.00
7070.00
7118.00
7220.00
7256.00
7302.00
7344.00
7420.00
7402.00
7456.00
7504.00
7570.00
7612.00
7660.00
7674.00
7618.00
7528.00
7440.00
7408.00
7342.00
7284.00
7192.00
7094.00
6916.00
6766.00
6630.00
6552.00
6538.00
6532.00
6488.00
6458.00
6422.00
6328.00
6266.00
6196.00
6138.00
6122.00
6094.00
6090.00
6106.00
6118.00
6090.00
6076.00
6086.00
6124.00
6210.00
6260.00
6312.00
6316.00
6374.00
6376.00
6390.00
6402.00
6412.00
6332.00
6258.00
6192.00
6134.00
6058.00
5968.00
5874.00
5754.00
5626.00
5558.00
5464.00
5356.00
5290.00
5238.00
5178.00
5170.00
5178.00
5152.00
5142.00
5128.00
5120.00
5128.00
5166.00
5154.00
5132.00
5030.00
4941.00
4861.00
4803.00
4751.00
4639.00
4452.00
4276.00
4141.00
4041.00
4110.00
4245.00
4360.00
4417.00
4453.00
4462.00
4458.00
4447.00
4458.00
4424.00
4394.00
4395.00
4402.00
4439.00
4511.00
4576.00
4611.00
4652.00
4653.00
4644.00
4641.00
4657.00
4691.00
4727.00
4763.00
4795.00
4805.00
4801.00
4829.00
4836.00
4838.00
4828.00
4770.00
4686.00
4633.00
4554.00
4470.00
4436.00
4393.00
4355.00
4360.00
4403.00
4432.00
4458.00
4478.00
4477.00
4452.00
4415.00
4365.00
4318.00
4287.00
4272.00
4264.00
4276.00
4273.00
4282.00
4332.00
4388.00
4445.00
4511.00
4564.00
4573.00
4579.00
4585.00
4599.00
4597.00
4566.00
4497.00
4427.00
4373.00
4365.00
4386.00
4433.00
4469.00
4473.00
4431.00
4370.00
4318.00
4287.00
4284.00
4274.00
4278.00
4292.00
4305.00
4303.00
4306.00
4313.00
4341.00
4344.00
4344.00
4339.00
4340.00
4344.00
4401.00
