8104.00
8030.00
7974.00
7950.00
7908.00
7872.00
7890.00
7960.00
8024.00
8086.00
8142.00
8150.00
8130.00
8130.00
8248.00
8376.00
8524.00
8682.00
8864.00
8844.00
8840.00
8814.00
8812.00
8774.00
8798.00
8784.00
8796.00
8770.00
8738.00
8714.00
8704.00
8684.00
8690.00
8716.00
8754.00
8836.00
8954.00
9062.00
9142.00
9206.00
9250.00
9270.00
9364.00
9564.00
9718.00
9864.00
10006.00
10026.00
9976.00
9988.00
9984.00
9984.00
10034.00
10144.00
10306.00
10460.00
10640.00
10810.00
10860.00
10820.00
10820.00
10770.00
10830.00
10910.00
11030.00
11080.00
11130.00
11000.00
10850.00
10730.00
10630.00
10500.00
10420.00
10390.00
10360.00
10400.00
10490.00
10540.00
10580.00
10590.00
10560.00
10510.00
10490.00
10420.00
10360.00
10310.00
10300.00
10290.00
10330.00
10390.00
10420.00
10450.00
10500.00
10500.00
10500.00
10470.00
10460.00
10490.00
10580.00
10650.00
10700.00
10740.00
10730.00
10740.00
10770.00
11080.00
11220.00
11310.00
11450.00
11550.00
11420.00
11450.00
11550.00
11550.00
11590.00
11590.00
11520.00
11430.00
11310.00
11180.00
11060.00
11000.00
10880.00
10770.00
10640.00
10590.00
10470.00
10410.00
10400.00
10340.00
10310.00
10370.00
10440.00
10490.00
10570.00
10540.00
10450.00
10380.00
10300.00
10250.00
10220.00
10230.00
10200.00
10148.00
10092.00
10082.00
10052.00
10022.00
10064.00
10090.00
10100.00
10110.00
10180.00
10220.00
10310.00
10400.00
10460.00
10480.00
10490.00
10470.00
10440.00
10460.00
10470.00
10490.00
10500.00
10510.00
10490.00
10500.00
10510.00
10550.00
10610.00
10710.00
10850.00
11000.00
11060.00
11080.00
11050.00
11000.00
10930.00
10950.00
10990.00
11030.00
11070.00
11100.00
11080.00
11060.00
11050.00
10990.00
10930.00
10900.00
10860.00
10790.00
10730.00
10700.00
10640.00
10580.00
10570.00
10570.00
10560.00
10540.00
10540.00
10510.00
10510.00
10480.00
10520.00
10530.00
10580.00
10610.00
10710.00
10810.00
10950.00
10970.00
11080.00
11150.00
11200.00
11220.00
11350.00
11340.00
11350.00
11360.00
11390.00
11420.00
11500.00
11540.00
11570.00
11580.00
11580.00
11530.00
11560.00
11570.00
11690.00
12000.00
12200.00
12350.00
12530.00
12640.00
12680.00
12870.00
12940.00
12900.00
12850.00
