99580.00
100460.00
101000.00
101400.00
101800.00
101700.00
101400.00
101400.00
101300.00
101100.00
101300.00
101700.00
102000.00
101800.00
101520.00
101140.00
100600.00
99820.00
99400.00
99180.00
98980.00
98700.00
98460.00
98500.00
98700.00
98840.00
99100.00
99300.00
99380.00
99680.00
100220.00
100780.00
101200.00
102100.00
103000.00
103900.00
104600.00
105800.00
106500.00
106800.00
107400.00
107300.00
107200.00
106800.00
106800.00
106700.00
107200.00
107400.00
107400.00
107200.00
106400.00
106300.00
106100.00
106200.00
105700.00
105700.00
105200.00
104800.00
104300.00
104400.00
104100.00
103500.00
103100.00
102600.00
102000.00
101500.00
101900.00
101900.00
102100.00
102200.00
102400.00
101900.00
101800.00
101800.00
101900.00
102000.00
102100.00
101800.00
101500.00
101100.00
100700.00
99960.00
100060.00
99960.00
99820.00
99720.00
99960.00
99760.00
100360.00
101200.00
101400.00
101900.00
102200.00
101600.00
100780.00
100280.00
99860.00
99760.00
99860.00
99920.00
100320.00
100540.00
100540.00
100540.00
100700.00
100800.00
100700.00
100600.00
100600.00
100600.00
100380.00
100160.00
99940.00
99700.00
99440.00
99240.00
99060.00
98820.00
98560.00
98360.00
98220.00
98320.00
98380.00
98320.00
98220.00
98180.00
98220.00
98220.00
98380.00
98600.00
98600.00
98540.00
98600.00
98700.00
98600.00
98620.00
98200.00
97800.00
97360.00
96960.00
96640.00
96440.00
96380.00
96220.00
96240.00
96480.00
97240.00
97940.00
99140.00
99960.00
100720.00
101100.00
101400.00
101400.00
101500.00
101500.00
101400.00
101300.00
101200.00
101700.00
101800.00
102100.00
102000.00
102000.00
101600.00
101500.00
101500.00
101800.00
101800.00
102000.00
102300.00
102400.00
102500.00
102900.00
103200.00
103400.00
103700.00
104200.00
104400.00
104700.00
105100.00
104900.00
104500.00
104200.00
103500.00
102500.00
102300.00
102200.00
102200.00
102400.00
102900.00
103000.00
103200.00
103400.00
103600.00
103700.00
103900.00
103600.00
103100.00
102600.00
101800.00
101200.00
101200.00
101000.00
100640.00
100580.00
100260.00
99820.00
99820.00
99980.00
99940.00
99880.00
99700.00
99380.00
98920.00
98640.00
98360.00
98100.00
97900.00
98000.00
97940.00
97900.00
97820.00
97500.00
96900.00
96380.00
95980.00
95660.00
95460.00
95500.00
95620.00
95720.00
95860.00
96200.00
96480.00
96700.00
96940.00
97160.00
97280.00
96680.00
96060.00
