22630.00
22970.00
22980.00
22720.00
22490.00
22400.00
22290.00
22280.00
22350.00
22320.00
22120.00
22000.00
21860.00
21780.00
21720.00
22040.00
22240.00
22460.00
22620.00
22870.00
22780.00
22810.00
22900.00
23050.00
23220.00
23430.00
23630.00
23740.00
23790.00
23610.00
24030.00
24650.00
25150.00
25550.00
26010.00
25920.00
25470.00
25230.00
25170.00
25400.00
25460.00
25610.00
25500.00
25380.00
25030.00
24720.00
24630.00
24680.00
24620.00
24740.00
24900.00
24870.00
24990.00
25520.00
25760.00
25870.00
26070.00
26180.00
25910.00
26010.00
26520.00
26880.00
27190.00
27510.00
27860.00
27960.00
28060.00
28100.00
28030.00
27480.00
26980.00
26520.00
25990.00
25370.00
25020.00
24770.00
24730.00
24730.00
24810.00
24870.00
24830.00
24500.00
24250.00
24100.00
23890.00
23770.00
23490.00
23210.00
22740.00
22460.00
21870.00
21680.00
21750.00
21870.00
21930.00
21930.00
21710.00
21210.00
20830.00
20460.00
20480.00
20880.00
21310.00
21770.00
22070.00
22150.00
22280.00
22390.00
22430.00
22480.00
22540.00
22200.00
21910.00
21560.00
21320.00
21070.00
20800.00
20510.00
20350.00
20020.00
19680.00
19510.00
19200.00
18910.00
18800.00
18780.00
18730.00
18840.00
18950.00
19040.00
19120.00
19170.00
19160.00
19120.00
19060.00
19020.00
18970.00
18750.00
18600.00
18460.00
18290.00
18070.00
17740.00
17260.00
16810.00
16510.00
16220.00
16200.00
16270.00
16350.00
16210.00
16140.00
16130.00
16100.00
16070.00
16150.00
16140.00
16040.00
15960.00
15820.00
15720.00
15750.00
15970.00
16200.00
16340.00
16430.00
16520.00
16510.00
16590.00
16900.00
17230.00
17560.00
17890.00
18120.00
18260.00
18390.00
18330.00
18290.00
18220.00
18190.00
18200.00
18330.00
18430.00
18490.00
18490.00
18430.00
18340.00
18240.00
18130.00
17960.00
17760.00
17560.00
17330.00
17200.00
17030.00
16840.00
16630.00
16460.00
16390.00
16420.00
16470.00
16540.00
16600.00
16540.00
16420.00
16350.00
16380.00
16430.00
16540.00
16730.00
16770.00
16820.00
16840.00
16780.00
16720.00
16820.00
16850.00
17010.00
17230.00
17370.00
17440.00
17550.00
17540.00
17490.00
17500.00
17800.00
18200.00
18620.00
18990.00
19290.00
19250.00
19140.00
19080.00
19120.00
19360.00
19750.00
19940.00
20070.00
20150.00
20080.00
20130.00
