18220.00
18460.00
18860.00
19210.00
19530.00
19740.00
19950.00
19980.00
19990.00
20050.00
20010.00
19980.00
19960.00
20020.00
19990.00
20140.00
20110.00
19920.00
19670.00
19470.00
19140.00
19010.00
19090.00
19070.00
19120.00
19220.00
19370.00
19450.00
19580.00
19810.00
20060.00
20230.00
20460.00
20760.00
20900.00
20940.00
20960.00
21060.00
21100.00
21110.00
21160.00
21230.00
21120.00
21070.00
21030.00
21000.00
20870.00
20810.00
20760.00
20700.00
20580.00
20550.00
20470.00
20180.00
19920.00
19850.00
19770.00
19750.00
19880.00
20060.00
20220.00
20580.00
20970.00
21390.00
21680.00
21920.00
21940.00
21890.00
21820.00
21750.00
21610.00
21490.00
21130.00
20700.00
20340.00
20140.00
19880.00
19830.00
19790.00
19570.00
19270.00
18870.00
18510.00
18120.00
17910.00
17720.00
17570.00
17440.00
17300.00
17170.00
16990.00
16820.00
16650.00
16640.00
16640.00
16550.00
16590.00
16740.00
16780.00
16800.00
16880.00
16900.00
16910.00
17030.00
17050.00
17100.00
17160.00
17140.00
17030.00
17030.00
17270.00
17370.00
17530.00
17660.00
17750.00
17640.00
17720.00
17650.00
17630.00
17600.00
17550.00
17460.00
17270.00
17070.00
16950.00
16810.00
16740.00
16820.00
16950.00
16980.00
16970.00
16920.00
16900.00
16880.00
16770.00
16630.00
16440.00
16210.00
15950.00
15570.00
15240.00
14790.00
14240.00
13640.00
13270.00
12990.00
12820.00
12770.00
12750.00
12790.00
12720.00
12750.00
12840.00
12910.00
12940.00
12980.00
12900.00
12790.00
12740.00
12760.00
12980.00
13260.00
13580.00
13890.00
14100.00
14180.00
14250.00
14260.00
14360.00
14520.00
14590.00
14610.00
14700.00
14660.00
14520.00
14440.00
14400.00
14260.00
14080.00
14060.00
14010.00
13890.00
13780.00
13730.00
13610.00
13610.00
13740.00
13900.00
14050.00
14200.00
14220.00
14180.00
14240.00
14300.00
14280.00
14210.00
14150.00
14000.00
13840.00
13700.00
13670.00
13590.00
13590.00
13760.00
13990.00
14090.00
14330.00
14430.00
14430.00
14380.00
14460.00
14470.00
14510.00
14430.00
14310.00
14110.00
13940.00
13870.00
13830.00
14020.00
14250.00
14500.00
14670.00
14780.00
14780.00
14780.00
15010.00
15250.00
15510.00
15770.00
16020.00
16070.00
16100.00
16170.00
16180.00
16230.00
16160.00
16020.00
15960.00
16010.00
16020.00
