23770.00
24080.00
24650.00
24810.00
24730.00
24660.00
24720.00
24690.00
24840.00
24860.00
24740.00
24570.00
24460.00
24350.00
24470.00
24640.00
25000.00
25290.00
25770.00
26280.00
26570.00
26520.00
26530.00
26470.00
26400.00
26650.00
27080.00
27520.00
27850.00
28190.00
28420.00
28520.00
28660.00
28730.00
28590.00
28670.00
28860.00
29240.00
29830.00
30610.00
30890.00
31290.00
31250.00
31060.00
30700.00
30810.00
30910.00
31120.00
31240.00
31470.00
31190.00
30830.00
30410.00
30030.00
29720.00
29850.00
29860.00
29950.00
29950.00
30010.00
29930.00
29870.00
29810.00
29910.00
30000.00
30070.00
30190.00
30400.00
30460.00
30700.00
31100.00
31440.00
31650.00
31820.00
31640.00
31380.00
31090.00
30970.00
30980.00
31080.00
31040.00
30990.00
30770.00
30500.00
30250.00
30100.00
30000.00
29890.00
29720.00
29620.00
29470.00
29160.00
28830.00
28380.00
28000.00
28620.00
29180.00
29870.00
30790.00
31800.00
31800.00
31900.00
31970.00
32260.00
32350.00
32420.00
32620.00
33040.00
33130.00
33200.00
33400.00
33600.00
33480.00
33320.00
33060.00
32580.00
32150.00
31670.00
31510.00
31320.00
31500.00
31570.00
31430.00
31150.00
30930.00
30470.00
30010.00
29750.00
29460.00
29090.00
28790.00
28580.00
28500.00
28410.00
28360.00
28210.00
27980.00
27570.00
27570.00
27640.00
27630.00
27580.00
27320.00
26710.00
26040.00
25720.00
25600.00
26110.00
26400.00
26770.00
26710.00
26570.00
26290.00
26070.00
25890.00
25840.00
25630.00
25200.00
24870.00
24530.00
24390.00
24510.00
24640.00
24770.00
24960.00
24950.00
24870.00
24940.00
25040.00
25180.00
25490.00
25720.00
25890.00
26040.00
25980.00
25840.00
25700.00
25550.00
25400.00
25310.00
25270.00
25180.00
25130.00
25020.00
24940.00
24790.00
24700.00
24740.00
24820.00
24900.00
25040.00
25250.00
25300.00
25340.00
25230.00
25120.00
24970.00
24860.00
24630.00
24590.00
24500.00
24460.00
24480.00
24630.00
24780.00
25040.00
25300.00
25540.00
25910.00
26200.00
26400.00
26750.00
27150.00
27430.00
27590.00
27690.00
27650.00
27590.00
27500.00
27510.00
27520.00
27520.00
27290.00
26920.00
26490.00
26300.00
26170.00
26170.00
26360.00
26720.00
26930.00
27080.00
27180.00
27080.00
26910.00
26810.00
26710.00
26660.00
26790.00
26820.00
26710.00
