29320.00
29260.00
29220.00
29210.00
29160.00
29160.00
29140.00
29100.00
29080.00
29090.00
29060.00
29080.00
29090.00
29090.00
29070.00
29080.00
29060.00
29060.00
29060.00
29070.00
29060.00
29060.00
29070.00
29080.00
29090.00
29110.00
29140.00
29150.00
29160.00
29160.00
29170.00
29190.00
29250.00
29250.00
29260.00
29290.00
29320.00
29290.00
29310.00
29330.00
29310.00
29280.00
29280.00
29270.00
29260.00
29290.00
29320.00
29340.00
29350.00
29360.00
29320.00
29300.00
29280.00
29260.00
29250.00
29250.00
29250.00
29240.00
29260.00
29260.00
29280.00
29270.00
29280.00
29280.00
29290.00
29310.00
29350.00
29370.00
29380.00
29400.00
29400.00
29390.00
29410.00
29430.00
29440.00
29450.00
29460.00
29450.00
29460.00
29450.00
29440.00
29400.00
29350.00
29290.00
29290.00
29290.00
29340.00
29410.00
29460.00
29460.00
29460.00
29440.00
29400.00
29370.00
29370.00
29350.00
29350.00
29360.00
29380.00
29390.00
29410.00
29410.00
29410.00
29420.00
29430.00
29430.00
29440.00
29460.00
29450.00
29440.00
29470.00
29490.00
29500.00
29520.00
29540.00
29530.00
29520.00
29510.00
29520.00
29520.00
29500.00
29490.00
29490.00
29480.00
29470.00
29470.00
29480.00
29460.00
29450.00
29430.00
29430.00
29410.00
29410.00
29400.00
29390.00
29380.00
29370.00
29350.00
29310.00
29280.00
29250.00
29220.00
29140.00
29040.00
28950.00
28930.00
28910.00
28950.00
28990.00
29040.00
29000.00
28930.00
28880.00
28920.00
28940.00
28970.00
29020.00
29040.00
29010.00
28970.00
28940.00
28930.00
28920.00
28920.00
28930.00
28940.00
28950.00
28980.00
28990.00
29010.00
29050.00
29100.00
29140.00
29180.00
29200.00
29200.00
29180.00
29190.00
29170.00
29170.00
29180.00
29180.00
29160.00
29170.00
29170.00
29180.00
29190.00
29200.00
29230.00
29240.00
29230.00
29260.00
29260.00
29280.00
29290.00
29300.00
29300.00
29320.00
29300.00
29300.00
29300.00
29290.00
29270.00
29270.00
29280.00
29300.00
29310.00
29350.00
29390.00
29440.00
29510.00
29600.00
29660.00
29710.00
29750.00
29760.00
29740.00
29730.00
29720.00
29710.00
29700.00
29680.00
29660.00
29640.00
29610.00
29590.00
29590.00
29580.00
29540.00
29500.00
29440.00
29400.00
29380.00
29390.00
29400.00
29420.00
29440.00
29520.00
29550.00
29410.00
29270.00
