250300.00
250900.00
253200.00
254600.00
254600.00
255700.00
257600.00
259600.00
261900.00
264000.00
264400.00
263600.00
262500.00
262600.00
262700.00
262800.00
263900.00
264300.00
262500.00
263100.00
263400.00
262800.00
265000.00
267500.00
269800.00
273100.00
276400.00
276400.00
277500.00
276300.00
274500.00
273000.00
272400.00
271600.00
271800.00
271100.00
270700.00
271300.00
271100.00
269700.00
269500.00
269100.00
266700.00
266200.00
267700.00
269400.00
271000.00
274600.00
276500.00
277100.00
276300.00
274600.00
272000.00
269400.00
268300.00
268200.00
269100.00
269500.00
271000.00
272000.00
273100.00
273900.00
274500.00
273300.00
271500.00
270100.00
268400.00
267700.00
267900.00
267900.00
267300.00
267200.00
266100.00
264700.00
262600.00
261200.00
259100.00
258000.00
257200.00
257300.00
256400.00
254400.00
252500.00
250900.00
249700.00
249000.00
248600.00
247300.00
245900.00
244100.00
241600.00
240200.00
239400.00
238100.00
237600.00
235700.00
235100.00
233800.00
234600.00
234600.00
236200.00
236900.00
238400.00
238400.00
237900.00
238400.00
237600.00
236400.00
235500.00
236000.00
236100.00
237000.00
237600.00
238000.00
237200.00
236000.00
234700.00
233900.00
233200.00
231800.00
230500.00
230400.00
228500.00
226500.00
224900.00
224000.00
222400.00
222700.00
223900.00
225400.00
226000.00
226900.00
227200.00
227000.00
227500.00
227300.00
226600.00
225800.00
224300.00
222500.00
220500.00
217300.00
214500.00
211600.00
207400.00
204600.00
203200.00
201200.00
198700.00
198200.00
196600.00
195400.00
195100.00
196100.00
196300.00
197100.00
196900.00
196200.00
195200.00
194500.00
195100.00
196400.00
198600.00
200400.00
202300.00
203000.00
203400.00
203500.00
203800.00
206300.00
207700.00
209400.00
210600.00
212600.00
211600.00
212300.00
211600.00
210900.00
208600.00
207000.00
209000.00
212800.00
216700.00
222100.00
227200.00
227500.00
228200.00
229100.00
230200.00
232300.00
235800.00
237900.00
239900.00
241300.00
241000.00
242300.00
244300.00
247600.00
250600.00
254200.00
256000.00
258400.00
260600.00
262700.00
265000.00
266900.00
268000.00
268400.00
268700.00
267700.00
268100.00
269400.00
269900.00
270500.00
272100.00
269700.00
267100.00
265800.00
263400.00
261200.00
261100.00
259900.00
257900.00
256600.00
254700.00
254600.00
255400.00
256400.00
257500.00
259300.00
259600.00
259600.00
258700.00
258200.00
257700.00
257700.00
258000.00
259100.00
260300.00
261400.00
262100.00
