2538.00
2537.00
2538.00
2556.00
2558.00
2564.00
2570.00
2581.00
2583.00
2595.00
2606.00
2611.00
2615.00
2617.00
2621.00
2618.00
2620.00
2625.00
2626.00
2629.00
2625.00
2617.00
2604.00
2604.00
2596.00
2593.00
2598.00
2604.00
2599.00
2598.00
2600.00
2594.00
2591.00
2586.00
2576.00
2568.00
2557.00
2546.00
2535.00
2525.00
2524.00
2531.00
2536.00
2554.00
2576.00
2585.00
2588.00
2598.00
2613.00
2619.00
2619.00
2626.00
2628.00
2616.00
2610.00
2615.00
2624.00
2632.00
2641.00
2648.00
2656.00
2664.00
2671.00
2680.00
2694.00
2707.00
2716.00
2725.00
2718.00
2699.00
2687.00
2672.00
2658.00
2652.00
2651.00
2635.00
2623.00
2607.00
2591.00
2581.00
2575.00
2566.00
2555.00
2534.00
2510.00
2488.00
2457.00
2422.00
2400.00
2390.00
2377.00
2368.00
2357.00
2349.00
2328.00
2314.00
2302.00
2306.00
2315.00
2336.00
2350.00
2369.00
2373.00
2382.00
2387.00
2410.00
2424.00
2428.00
2416.00
2408.00
2383.00
2368.00
2376.00
2380.00
2378.00
2377.00
2370.00
2356.00
2350.00
2337.00
2326.00
2313.00
2296.00
2278.00
2261.00
2237.00
2221.00
2213.00
2206.00
2200.00
2206.00
2202.00
2199.00
2189.00
2192.00
2177.00
2185.00
2187.00
2193.00
2192.00
2201.00
2191.00
2169.00
2150.00
2119.00
2103.00
2090.00
2091.00
2092.00
2104.00
2092.00
2091.00
2091.00
2087.00
2084.00
2088.00
2079.00
2066.00
2067.00
2067.00
2077.00
2085.00
2097.00
2100.00
2110.00
2112.00
2114.00
2119.00
2125.00
2127.00
2129.00
2133.00
2135.00
2135.00
2136.00
2132.00
2122.00
2117.00
2110.00
2099.00
2092.00
2087.00
2080.00
2079.00
2078.00
2079.00
2095.00
2111.00
2123.00
2136.00
2144.00
2149.00
2152.00
2153.00
2153.00
2158.00
2153.00
2147.00
2143.00
2143.00
2154.00
2173.00
2194.00
2212.00
2219.00
2214.00
2203.00
2191.00
2182.00
2182.00
2180.00
2171.00
2169.00
2163.00
2150.00
2139.00
2145.00
2143.00
2147.00
2152.00
2159.00
2155.00
2147.00
2137.00
2134.00
2128.00
2133.00
2149.00
2165.00
2180.00
2199.00
2208.00
2215.00
2223.00
2227.00
2229.00
2227.00
2217.00
2209.00
2189.00
2163.00
