7250.00
7190.00
7148.00
7098.00
7064.00
7066.00
7096.00
7142.00
7192.00
7224.00
7252.00
7238.00
7228.00
7206.00
7188.00
7178.00
7182.00
7268.00
7422.00
7594.00
7760.00
7928.00
7998.00
7998.00
7980.00
7962.00
7944.00
7968.00
8048.00
8126.00
8254.00
8378.00
8406.00
8382.00
8342.00
8274.00
8266.00
8312.00
8356.00
8366.00
8346.00
8282.00
8218.00
8186.00
8188.00
8188.00
8190.00
8172.00
8104.00
8080.00
8040.00
8002.00
8006.00
8040.00
8080.00
8160.00
8228.00
8288.00
8364.00
8416.00
8460.00
8504.00
8548.00
8578.00
8596.00
8610.00
8598.00
8594.00
8566.00
8558.00
8554.00
8562.00
8522.00
8488.00
8458.00
8424.00
8386.00
8364.00
8360.00
8352.00
8388.00
8378.00
8404.00
8400.00
8348.00
8280.00
8296.00
8308.00
8360.00
8448.00
8442.00
8384.00
8250.00
8100.00
7920.00
7824.00
7770.00
7806.00
7864.00
7970.00
8072.00
8154.00
8194.00
8220.00
8282.00
8294.00
8290.00
8322.00
8318.00
8276.00
8288.00
8302.00
8288.00
8310.00
8330.00
8316.00
8314.00
8312.00
8282.00
8228.00
8196.00
8164.00
8118.00
8108.00
8122.00
8130.00
8112.00
8104.00
8060.00
7984.00
7936.00
7910.00
7878.00
7810.00
7746.00
7698.00
7676.00
7584.00
7558.00
7532.00
7468.00
7370.00
7308.00
7196.00
7098.00
6986.00
6892.00
6914.00
6936.00
6942.00
6938.00
6954.00
6914.00
6932.00
6950.00
6988.00
6972.00
6952.00
6918.00
6912.00
6914.00
6956.00
6976.00
6994.00
7000.00
6992.00
6976.00
6970.00
6984.00
7014.00
7052.00
7096.00
7146.00
7164.00
7156.00
7140.00
7104.00
7064.00
7044.00
6996.00
6968.00
6940.00
6922.00
6888.00
6888.00
6878.00
6898.00
6916.00
6940.00
6960.00
6976.00
6984.00
6974.00
6954.00
6940.00
6912.00
6884.00
6872.00
6864.00
6848.00
6850.00
6854.00
6848.00
6850.00
6864.00
6938.00
6990.00
7022.00
7038.00
7054.00
7012.00
6980.00
6966.00
6960.00
6946.00
6914.00
6892.00
6868.00
6850.00
6836.00
6850.00
6838.00
6830.00
6814.00
6806.00
6770.00
6750.00
6712.00
6682.00
6660.00
6650.00
6642.00
6652.00
6662.00
6646.00
6632.00
6624.00
6600.00
6592.00
6572.00
6562.00
