6524.00
6606.00
6690.00
6690.00
6688.00
6726.00
6754.00
6720.00
6700.00
6670.00
6612.00
6526.00
6544.00
6538.00
6512.00
6500.00
6514.00
6500.00
6506.00
6524.00
6538.00
6608.00
6684.00
6776.00
6838.00
6908.00
7050.00
7190.00
7316.00
7446.00
7580.00
7588.00
7548.00
7462.00
7364.00
7256.00
7212.00
7206.00
7204.00
7212.00
7282.00
7282.00
7290.00
7338.00
7356.00
7332.00
7298.00
7218.00
7118.00
7074.00
7038.00
7014.00
7016.00
7034.00
7040.00
7064.00
7082.00
7106.00
7140.00
7238.00
7390.00
7558.00
7724.00
7924.00
8068.00
8040.00
8040.00
8022.00
7948.00
7870.00
7854.00
7904.00
8020.00
8176.00
8368.00
8660.00
8828.00
8970.00
9144.00
9226.00
9186.00
9136.00
9052.00
8942.00
9054.00
9248.00
9480.00
9816.00
10172.00
10422.00
10568.00
10700.00
10720.00
10660.00
10550.00
10430.00
10298.00
10228.00
10168.00
10098.00
10118.00
10106.00
10116.00
10196.00
10186.00
10176.00
10190.00
10140.00
10038.00
9990.00
9960.00
9970.00
9936.00
9878.00
9822.00
9682.00
9536.00
9310.00
9214.00
9116.00
9020.00
8896.00
8840.00
8694.00
8610.00
8530.00
8530.00
8516.00
8450.00
8308.00
8216.00
8078.00
7976.00
7900.00
7798.00
7616.00
7424.00
7256.00
7116.00
7052.00
7062.00
7062.00
6986.00
6866.00
6790.00
6728.00
6692.00
6686.00
6698.00
6668.00
6390.00
6078.00
5868.00
5668.00
5518.00
5606.00
5672.00
5690.00
5772.00
5770.00
5752.00
5790.00
5844.00
5916.00
5996.00
6086.00
6126.00
6172.00
6166.00
6174.00
6192.00
6246.00
6262.00
6254.00
6260.00
6250.00
6220.00
6218.00
6212.00
6190.00
6198.00
6242.00
6286.00
6350.00
6520.00
6622.00
6730.00
6820.00
6860.00
6842.00
6834.00
6796.00
6726.00
6688.00
6622.00
6598.00
6554.00
6560.00
6612.00
6688.00
6788.00
6866.00
6932.00
6960.00
7032.00
7046.00
7176.00
7310.00
7460.00
7558.00
7814.00
7992.00
8244.00
8462.00
8614.00
8618.00
8638.00
8564.00
8490.00
8452.00
8420.00
8390.00
8370.00
8308.00
8286.00
8312.00
8326.00
8336.00
8454.00
8600.00
8702.00
8786.00
8886.00
8924.00
8910.00
8886.00
8832.00
8778.00
8750.00
8744.00
8770.00
