32000.00
32190.00
32210.00
32090.00
32080.00
32080.00
32160.00
32110.00
32090.00
32030.00
32010.00
32210.00
32600.00
32750.00
32960.00
33170.00
33250.00
33350.00
33470.00
33660.00
33820.00
33900.00
33810.00
33930.00
34040.00
33660.00
33320.00
32950.00
32490.00
31860.00
31760.00
31610.00
31480.00
31360.00
31260.00
31040.00
30870.00
30830.00
30740.00
30650.00
30860.00
30930.00
31060.00
31310.00
31750.00
32000.00
32310.00
32540.00
32560.00
32500.00
32360.00
32310.00
32210.00
32090.00
32020.00
31940.00
31910.00
31830.00
31850.00
31790.00
31760.00
31560.00
31530.00
31460.00
31640.00
31930.00
32240.00
32420.00
32680.00
32780.00
32990.00
33250.00
33540.00
33800.00
33950.00
33950.00
33930.00
33970.00
33790.00
33640.00
33470.00
33160.00
32800.00
32710.00
32430.00
32110.00
31810.00
31550.00
31250.00
31060.00
30890.00
30830.00
30850.00
30830.00
30930.00
30930.00
31020.00
31000.00
31180.00
31320.00
31440.00
31390.00
31480.00
31250.00
30960.00
30870.00
30820.00
30650.00
30680.00
30810.00
30880.00
31020.00
31070.00
31030.00
30920.00
30820.00
30610.00
30490.00
30490.00
30400.00
30450.00
30570.00
30640.00
30650.00
30560.00
30300.00
30130.00
29930.00
29840.00
29950.00
30150.00
30310.00
30590.00
30660.00
30810.00
30850.00
30810.00
30720.00
30710.00
30660.00
30570.00
30530.00
30600.00
30480.00
30130.00
29980.00
29850.00
29630.00
29560.00
29550.00
29290.00
29030.00
28770.00
28510.00
28400.00
28370.00
28300.00
28160.00
28080.00
28060.00
28070.00
28130.00
28220.00
28410.00
28540.00
28710.00
28860.00
29030.00
29190.00
29420.00
29570.00
29630.00
29710.00
29640.00
29490.00
29380.00
29530.00
29560.00
29610.00
29650.00
29810.00
29710.00
29610.00
29510.00
29460.00
29270.00
29280.00
29480.00
29720.00
29940.00
30260.00
30500.00
30620.00
30780.00
30880.00
30940.00
30980.00
31090.00
31220.00
31370.00
31430.00
31590.00
31570.00
31310.00
31020.00
30820.00
30520.00
30470.00
30660.00
30900.00
31130.00
31330.00
31420.00
31310.00
31100.00
30700.00
30410.00
30100.00
29990.00
29950.00
29920.00
29910.00
29960.00
29830.00
29650.00
29650.00
29540.00
29340.00
29340.00
29490.00
29750.00
29920.00
30110.00
30180.00
30180.00
30030.00
29970.00
30010.00
30150.00
30080.00
30020.00
