125400.00
128400.00
130200.00
131300.00
130400.00
130900.00
130800.00
131800.00
133100.00
133900.00
133400.00
133400.00
132100.00
130600.00
130800.00
132000.00
132700.00
134000.00
134700.00
134100.00
132100.00
130000.00
127500.00
125800.00
125500.00
125800.00
126100.00
126700.00
127100.00
127400.00
127300.00
127100.00
128100.00
128600.00
129400.00
131600.00
133500.00
134700.00
136500.00
136500.00
135600.00
134600.00
133200.00
131700.00
131200.00
130900.00
130900.00
130500.00
129900.00
129200.00
128000.00
127200.00
126100.00
124900.00
124300.00
123900.00
123500.00
123300.00
123400.00
123200.00
122700.00
122100.00
122100.00
121900.00
121200.00
120800.00
120400.00
119900.00
119200.00
118900.00
118600.00
118800.00
119100.00
119600.00
119600.00
120000.00
119800.00
120000.00
120700.00
121900.00
122600.00
122500.00
122600.00
122300.00
121900.00
121200.00
121200.00
120900.00
120100.00
118600.00
117200.00
116000.00
114500.00
112900.00
111700.00
111000.00
110800.00
110400.00
111300.00
111800.00
112000.00
111800.00
112300.00
111900.00
112500.00
113000.00
113100.00
112400.00
111600.00
110800.00
110500.00
110800.00
111400.00
112500.00
113600.00
114300.00
114500.00
114700.00
114800.00
115200.00
115800.00
117200.00
118000.00
118100.00
117700.00
117500.00
116700.00
116600.00
117500.00
118200.00
118900.00
120000.00
120600.00
121100.00
122000.00
124700.00
128400.00
131900.00
135100.00
138000.00
139300.00
139500.00
139400.00
139400.00
139300.00
139200.00
139300.00
139800.00
140600.00
140900.00
140800.00
140100.00
141100.00
142100.00
143900.00
145700.00
146600.00
146800.00
146600.00
146000.00
145600.00
146900.00
147700.00
148600.00
149000.00
149600.00
150200.00
150200.00
150700.00
152200.00
153300.00
154500.00
155900.00
156600.00
157100.00
157700.00
157500.00
157600.00
157400.00
157400.00
157800.00
157600.00
156100.00
155500.00
154800.00
153500.00
153300.00
154400.00
154100.00
154300.00
154200.00
153100.00
152300.00
152800.00
152400.00
152400.00
152800.00
153800.00
153600.00
154000.00
156200.00
159100.00
160600.00
162300.00
163700.00
164000.00
163300.00
163000.00
163100.00
162400.00
164000.00
167000.00
168500.00
170000.00
172400.00
171200.00
170300.00
170800.00
171400.00
172000.00
172900.00
172400.00
172200.00
172600.00
172100.00
172500.00
173200.00
173700.00
173600.00
174600.00
174900.00
175800.00
177000.00
177900.00
178600.00
180200.00
181100.00
181400.00
181800.00
182700.00
183300.00
