465400.00
466900.00
470400.00
475500.00
477500.00
478800.00
477000.00
478700.00
480400.00
483500.00
487600.00
491300.00
489900.00
483700.00
476800.00
470700.00
467400.00
466400.00
467800.00
467600.00
467200.00
464200.00
457200.00
449000.00
446100.00
442500.00
441400.00
444000.00
445700.00
444900.00
441900.00
439000.00
438300.00
439900.00
443300.00
446800.00
449300.00
450600.00
448700.00
442600.00
440000.00
439200.00
437000.00
436500.00
439300.00
441900.00
443500.00
446700.00
451800.00
458500.00
464600.00
471000.00
475800.00
482800.00
486400.00
488800.00
490900.00
494900.00
495000.00
496400.00
498000.00
498900.00
498700.00
500000.00
500600.00
499900.00
502500.00
503000.00
501700.00
498700.00
496900.00
494900.00
495900.00
498200.00
500800.00
505800.00
511200.00
514600.00
516400.00
515800.00
514000.00
506800.00
502800.00
501200.00
501000.00
500300.00
502300.00
500600.00
495300.00
492300.00
490000.00
488200.00
484500.00
483600.00
481500.00
480100.00
477200.00
477600.00
474600.00
471100.00
467000.00
463600.00
463000.00
463900.00
466500.00
468700.00
470700.00
469600.00
467100.00
466400.00
469200.00
472300.00
474900.00
478400.00
480200.00
479500.00
477900.00
475200.00
472100.00
470700.00
468200.00
468800.00
470800.00
475900.00
479500.00
483900.00
487400.00
491200.00
494300.00
495600.00
496600.00
497500.00
498100.00
497800.00
497800.00
496700.00
494700.00
491700.00
488300.00
486000.00
488400.00
494000.00
501400.00
506700.00
512600.00
516200.00
517800.00
518200.00
521000.00
523400.00
523000.00
523000.00
526000.00
528800.00
532000.00
534600.00
535200.00
533600.00
534200.00
533200.00
534400.00
538200.00
542000.00
544400.00
546200.00
549200.00
549600.00
549800.00
548400.00
545400.00
539400.00
533800.00
528600.00
524000.00
522800.00
523800.00
523400.00
524400.00
524800.00
524600.00
524400.00
522000.00
517200.00
514800.00
514800.00
513800.00
515000.00
517400.00
518600.00
515600.00
514600.00
514400.00
517600.00
519000.00
522400.00
525000.00
526600.00
522400.00
520200.00
519400.00
516800.00
519800.00
525000.00
532200.00
536200.00
541000.00
539200.00
535800.00
532800.00
529600.00
531400.00
536200.00
544000.00
548400.00
552000.00
548800.00
545200.00
537200.00
527000.00
518600.00
510600.00
501000.00
493800.00
492800.00
493400.00
502600.00
513200.00
524200.00
533200.00
540000.00
539800.00
540200.00
540000.00
539200.00
538600.00
538800.00
538400.00
537200.00
536400.00
538000.00
538400.00
