2053.00
2078.00
2081.00
2079.00
2083.00
2089.00
2087.00
2089.00
2088.00
2072.00
2060.00
2045.00
2034.00
2029.00
2030.00
2029.00
2027.00
2032.00
2030.00
2039.00
2048.00
2062.00
2062.00
2075.00
2085.00
2096.00
2100.00
2109.00
2114.00
2126.00
2137.00
2152.00
2162.00
2164.00
2133.00
2107.00
2079.00
2076.00
2067.00
2082.00
2082.00
2079.00
2064.00
2049.00
2016.00
1996.00
1979.00
1958.00
1931.00
1926.00
1911.00
1911.00
1913.00
1926.00
1934.00
1945.00
1946.00
1947.00
1952.00
1955.00
1964.00
1964.00
1965.00
1970.00
1972.00
1972.00
1980.00
1982.00
1978.00
1975.00
1975.00
1969.00
1966.00
1955.00
1941.00
1925.00
1915.00
1905.00
1903.00
1900.00
1895.00
1878.00
1853.00
1826.00
1798.00
1775.00
1761.00
1747.00
1740.00
1735.00
1723.00
1691.00
1665.00
1583.00
1509.00
1437.00
1392.00
1350.00
1364.00
1378.00
1397.00
1423.00
1449.00
1481.00
1496.00
1511.00
1495.00
1469.00
1423.00
1400.00
1379.00
1374.00
1370.00
1376.00
1374.00
1371.00
1368.00
1368.00
1374.00
1377.00
1371.00
1367.00
1349.00
1314.00
1284.00
1264.00
1246.00
1239.00
1242.00
1239.00
1221.00
1209.00
1202.00
1196.00
1190.00
1185.00
1164.00
1138.00
1116.00
1099.00
1090.00
1089.00
1079.00
1058.00
1039.00
1022.00
1003.00
1007.00
1031.00
1040.00
1047.00
1055.00
1058.00
1070.00
1094.00
1109.00
1115.00
1120.00
1111.00
1101.00
1106.00
1128.00
1145.00
1157.00
1171.00
1180.00
1175.00
1176.00
1176.00
1174.00
1171.00
1169.00
1163.00
1166.00
1168.00
1169.00
1167.00
1168.00
1157.00
1150.00
1147.00
1154.00
1155.00
1157.00
1157.00
1153.00
1155.00
1166.00
1193.00
1219.00
1245.00
1268.00
1288.00
1296.00
1300.00
1310.00
1301.00
1289.00
1280.00
1278.00
1271.00
1281.00
1293.00
1295.00
1297.00
1300.00
1302.00
1313.00
1317.00
1310.00
1300.00
1291.00
1270.00
1251.00
1240.00
1231.00
1222.00
1212.00
1209.00
1204.00
1242.00
1276.00
1320.00
1354.00
1385.00
1367.00
1357.00
1341.00
1329.00
1325.00
1331.00
1330.00
1330.00
1331.00
1331.00
1321.00
1305.00
1287.00
1279.00
1273.00
1289.00
