67520.00
67560.00
68520.00
69380.00
70020.00
70560.00
70860.00
70500.00
70260.00
70020.00
69720.00
70160.00
70900.00
71480.00
71840.00
72200.00
71720.00
71380.00
70980.00
70060.00
69120.00
68140.00
67160.00
65980.00
65680.00
65600.00
65820.00
66140.00
67080.00
68120.00
69080.00
69840.00
70880.00
71300.00
71120.00
71420.00
71700.00
71520.00
71400.00
71520.00
71380.00
71600.00
72060.00
72540.00
73300.00
74460.00
75020.00
75680.00
75920.00
75900.00
74880.00
74400.00
73380.00
72620.00
72280.00
72440.00
72200.00
71980.00
72000.00
71860.00
71980.00
72080.00
72340.00
72480.00
72500.00
72880.00
73300.00
72320.00
71540.00
70640.00
68780.00
66980.00
66580.00
65820.00
65360.00
64980.00
64640.00
64900.00
65780.00
66060.00
66660.00
66920.00
66540.00
65620.00
65200.00
64680.00
64380.00
63840.00
63380.00
62600.00
61500.00
60660.00
59940.00
59320.00
58980.00
59000.00
58580.00
58620.00
58380.00
58220.00
57940.00
57840.00
57560.00
57200.00
56840.00
56560.00
56280.00
55980.00
55880.00
55740.00
55360.00
54960.00
54420.00
53920.00
53280.00
52740.00
52000.00
51620.00
51000.00
50430.00
49640.00
49240.00
48140.00
47420.00
46890.00
46600.00
46160.00
45820.00
45450.00
44830.00
44270.00
44010.00
43880.00
43790.00
43820.00
44020.00
43820.00
43860.00
43840.00
43750.00
43640.00
43660.00
43160.00
42340.00
41520.00
40910.00
40550.00
40610.00
41010.00
41490.00
41480.00
41300.00
41390.00
41970.00
42280.00
42520.00
42320.00
41900.00
41190.00
40800.00
40770.00
41250.00
41840.00
42240.00
42620.00
42860.00
43020.00
43400.00
43870.00
44360.00
44790.00
45160.00
45170.00
45150.00
45100.00
45070.00
44740.00
44540.00
44410.00
44190.00
44040.00
43940.00
43580.00
43130.00
42640.00
42200.00
42140.00
42890.00
43600.00
44540.00
45530.00
46560.00
47000.00
47540.00
47710.00
47760.00
47380.00
46910.00
46730.00
46850.00
47110.00
47300.00
48520.00
49450.00
50370.00
51080.00
52020.00
51740.00
51440.00
50880.00
50190.00
49650.00
49350.00
48790.00
48260.00
48250.00
48250.00
48250.00
48290.00
48490.00
48480.00
48400.00
48060.00
47780.00
47610.00
47590.00
47550.00
47940.00
48220.00
48560.00
48740.00
48980.00
49050.00
49330.00
49520.00
49890.00
50210.00
50930.00
51130.00
51440.00
51420.00
