75260.00
75940.00
76980.00
77540.00
77100.00
77780.00
78900.00
79440.00
80660.00
82100.00
82180.00
81820.00
83100.00
84160.00
85500.00
86740.00
88060.00
87840.00
87380.00
87200.00
86720.00
85780.00
85160.00
84320.00
83140.00
82500.00
82140.00
81680.00
81280.00
81000.00
80940.00
80840.00
81460.00
82220.00
82200.00
82320.00
82320.00
81920.00
81180.00
80620.00
80140.00
79680.00
79240.00
79620.00
80640.00
81800.00
82860.00
83960.00
84720.00
85300.00
85120.00
84940.00
84420.00
83200.00
82180.00
82640.00
83680.00
85980.00
88620.00
91020.00
92240.00
92680.00
91940.00
91100.00
90300.00
90160.00
89880.00
89780.00
88980.00
88040.00
86560.00
85400.00
84020.00
83560.00
83040.00
83060.00
82760.00
82580.00
82320.00
81960.00
81440.00
80900.00
80720.00
80400.00
80320.00
80180.00
80520.00
80460.00
80380.00
80660.00
80840.00
81240.00
81780.00
82240.00
82100.00
81680.00
80780.00
79840.00
79420.00
79560.00
79820.00
80380.00
81140.00
81680.00
81720.00
81860.00
81780.00
81760.00
82060.00
82640.00
83400.00
84300.00
84660.00
83940.00
83520.00
82860.00
82060.00
81640.00
81840.00
81280.00
80940.00
80640.00
79880.00
78900.00
78580.00
78380.00
78040.00
77900.00
78320.00
78440.00
78000.00
78000.00
78200.00
78260.00
78040.00
77820.00
77220.00
76060.00
74860.00
74080.00
73400.00
72100.00
70760.00
69860.00
68500.00
67800.00
68020.00
68560.00
68300.00
68420.00
67280.00
66160.00
65840.00
65900.00
65780.00
66280.00
66040.00
65160.00
64380.00
63840.00
63820.00
64380.00
64800.00
65240.00
65940.00
66180.00
66520.00
67120.00
67760.00
68340.00
68900.00
69360.00
69500.00
69560.00
69280.00
69080.00
68660.00
68580.00
68180.00
68020.00
68000.00
67820.00
67360.00
67200.00
66980.00
66420.00
66240.00
66560.00
66580.00
66780.00
67360.00
68000.00
68200.00
68620.00
68940.00
69020.00
69080.00
69320.00
69580.00
69600.00
69600.00
69620.00
70120.00
70980.00
71820.00
72640.00
73460.00
73520.00
73280.00
72940.00
72840.00
72920.00
73120.00
73460.00
73900.00
74140.00
74400.00
74560.00
74860.00
75100.00
75360.00
75280.00
75200.00
74780.00
74520.00
73800.00
73120.00
72640.00
72440.00
72520.00
73740.00
75080.00
76420.00
77340.00
78180.00
78500.00
78700.00
79000.00
79480.00
79740.00
79760.00
