4058.00
4061.00
4083.00
4099.00
4115.00
4147.00
4171.00
4178.00
4217.00
4269.00
4315.00
4352.00
4382.00
4385.00
4369.00
4341.00
4336.00
4327.00
4317.00
4321.00
4333.00
4320.00
4319.00
4327.00
4328.00
4330.00
4338.00
4329.00
4322.00
4323.00
4348.00
4391.00
4435.00
4474.00
4470.00
4457.00
4414.00
4383.00
4346.00
4338.00
4294.00
4267.00
4259.00
4264.00
4258.00
4283.00
4305.00
4303.00
4282.00
4279.00
4256.00
4237.00
4220.00
4201.00
4181.00
4174.00
4189.00
4206.00
4246.00
4296.00
4348.00
4369.00
4398.00
4423.00
4437.00
4454.00
4472.00
4482.00
4486.00
4498.00
4524.00
4556.00
4582.00
4582.00
4563.00
4548.00
4522.00
4506.00
4493.00
4482.00
4444.00
4400.00
4350.00
4307.00
4265.00
4239.00
4217.00
4179.00
4143.00
4116.00
4065.00
4021.00
3978.00
3939.00
3906.00
3902.00
3911.00
3923.00
3928.00
3933.00
3927.00
3924.00
3951.00
4007.00
4054.00
4092.00
4137.00
4163.00
4165.00
4176.00
4185.00
4174.00
4164.00
4156.00
4137.00
4116.00
4095.00
4065.00
4042.00
4014.00
3987.00
3972.00
3962.00
3942.00
3935.00
3936.00
3938.00
3944.00
3960.00
3967.00
3964.00
3949.00
3933.00
3908.00
3878.00
3858.00
3830.00
3770.00
3719.00
3677.00
3632.00
3616.00
3592.00
3537.00
3486.00
3469.00
3434.00
3442.00
3477.00
3557.00
3589.00
3627.00
3675.00
3719.00
3706.00
3707.00
3691.00
3658.00
3640.00
3641.00
3653.00
3676.00
3709.00
3737.00
3749.00
3748.00
3769.00
3785.00
3799.00
3811.00
3824.00
3820.00
3812.00
3804.00
3806.00
3803.00
3794.00
3784.00
3788.00
3815.00
3870.00
3928.00
3964.00
3973.00
3973.00
3952.00
3926.00
3939.00
3966.00
3980.00
3985.00
3995.00
3993.00
3987.00
3966.00
3950.00
3933.00
3919.00
3903.00
3898.00
3879.00
3862.00
3809.00
3760.00
3723.00
3705.00
3686.00
3697.00
3714.00
3711.00
3724.00
3746.00
3768.00
3788.00
3811.00
3801.00
3795.00
3787.00
3773.00
3760.00
3763.00
3752.00
3743.00
3735.00
3722.00
3722.00
3710.00
3700.00
3691.00
3690.00
3678.00
3676.00
3677.00
3672.00
3668.00
3647.00
3624.00
3596.00
3578.00
3553.00
3539.00
