7166.00
7124.00
7210.00
7302.00
7316.00
7316.00
7316.00
7268.00
7248.00
7296.00
7308.00
7308.00
7326.00
7352.00
7382.00
7404.00
7476.00
7622.00
7778.00
7878.00
7992.00
8026.00
8132.00
8264.00
8424.00
8564.00
8750.00
8752.00
8720.00
8676.00
8648.00
8662.00
8702.00
8700.00
8616.00
8532.00
8384.00
8262.00
8152.00
8072.00
8034.00
8036.00
8028.00
8172.00
8258.00
8320.00
8332.00
8352.00
8276.00
8318.00
8294.00
8284.00
8288.00
8198.00
8096.00
8124.00
8150.00
8150.00
8228.00
8306.00
8328.00
8360.00
8436.00
8472.00
8488.00
8504.00
8486.00
8548.00
8558.00
8588.00
8594.00
8762.00
8786.00
8918.00
9032.00
9206.00
9228.00
9310.00
9312.00
9258.00
9104.00
8892.00
8640.00
8368.00
8160.00
8058.00
7986.00
7866.00
7758.00
7626.00
7432.00
7282.00
7172.00
7106.00
7112.00
7078.00
7076.00
7086.00
7060.00
7008.00
7038.00
7078.00
7148.00
7244.00
7326.00
7392.00
7396.00
7340.00
7284.00
7298.00
7328.00
7386.00
7478.00
7548.00
7556.00
7550.00
7544.00
7518.00
7546.00
7554.00
7594.00
7582.00
7460.00
7290.00
7154.00
7024.00
6950.00
7012.00
7080.00
7096.00
7082.00
7078.00
7084.00
7100.00
7128.00
7120.00
7054.00
6898.00
6770.00
6662.00
6556.00
6506.00
6436.00
6226.00
6042.00
5890.00
5752.00
5714.00
5838.00
5922.00
5956.00
5964.00
5978.00
5942.00
5898.00
5852.00
5746.00
5618.00
5524.00
5448.00
5462.00
5540.00
5660.00
5796.00
6010.00
6162.00
6250.00
6312.00
6350.00
6306.00
6260.00
6276.00
6292.00
6328.00
6366.00
6438.00
6540.00
6664.00
6702.00
6724.00
6764.00
6746.00
6702.00
6680.00
6676.00
6618.00
6578.00
6602.00
6654.00
6702.00
6776.00
6878.00
6900.00
6924.00
6922.00
6904.00
6884.00
6898.00
6898.00
6890.00
6888.00
6860.00
6824.00
6786.00
6780.00
6748.00
6686.00
6616.00
6524.00
6444.00
6390.00
6388.00
6434.00
6436.00
6384.00
6328.00
6314.00
6258.00
6278.00
6320.00
6348.00
6302.00
6234.00
6128.00
6068.00
6030.00
6036.00
6056.00
6108.00
6168.00
6344.00
6586.00
6924.00
7272.00
7600.00
7820.00
7938.00
7922.00
7952.00
8000.00
8014.00
