415.00
413.60
418.60
412.20
410.40
410.00
409.20
408.60
408.00
408.80
409.60
409.00
408.40
407.80
405.80
402.20
399.20
399.40
399.20
397.20
398.60
398.80
395.60
393.60
402.60
411.80
427.00
454.40
479.20
494.20
504.00
507.80
498.40
491.60
485.00
485.80
486.20
486.40
482.20
476.80
465.60
456.40
447.60
443.20
438.40
437.00
436.20
431.20
427.60
425.60
420.20
415.00
414.20
411.20
409.60
413.00
416.20
419.60
424.00
427.60
425.20
423.60
423.60
423.20
424.20
428.60
429.80
431.40
431.20
432.40
436.40
439.80
440.20
440.40
436.80
431.40
426.60
425.00
427.00
428.40
427.00
424.60
419.60
416.00
413.60
417.00
420.40
425.40
439.60
452.60
455.00
458.60
466.20
456.40
455.20
463.00
470.40
470.60
476.60
473.80
468.60
466.40
470.80
475.60
481.40
486.20
489.20
487.00
482.00
480.40
483.60
482.00
482.40
480.80
487.20
490.40
491.20
489.00
488.80
477.20
462.00
456.60
451.00
446.60
443.80
443.80
440.40
436.40
430.20
422.20
414.20
409.40
408.60
409.40
410.60
410.60
409.40
403.60
401.40
398.60
396.80
393.80
388.20
377.20
367.80
361.40
356.60
360.60
367.20
373.60
374.80
376.00
375.20
374.40
375.60
379.00
376.80
375.20
374.20
371.20
370.20
373.60
378.60
383.40
389.00
393.00
396.20
397.40
398.60
399.40
400.40
402.60
404.60
405.00
405.20
405.40
403.20
400.40
397.20
394.00
391.40
392.00
391.20
390.80
390.00
388.60
385.00
384.20
384.60
385.60
387.60
394.20
398.80
402.40
406.40
408.40
405.40
404.20
403.40
402.60
401.80
402.80
403.40
404.80
405.40
406.60
410.00
413.80
416.20
421.00
429.00
432.20
441.80
450.80
466.20
481.00
497.20
509.80
522.80
532.40
529.20
542.40
552.00
556.40
549.00
552.00
537.60
519.40
508.00
504.40
501.60
499.40
500.80
520.80
575.00
634.40
695.00
756.20
796.00
796.40
794.80
