19090.00
19040.00
19160.00
19250.00
19350.00
19450.00
19530.00
19520.00
19570.00
19580.00
19580.00
19760.00
19900.00
20110.00
20300.00
20430.00
20390.00
20450.00
20440.00
20390.00
20280.00
20110.00
19840.00
19670.00
19800.00
20310.00
20810.00
21350.00
22120.00
22700.00
22990.00
23330.00
23730.00
23910.00
23790.00
23910.00
24030.00
24110.00
24190.00
24610.00
24750.00
24860.00
24990.00
25040.00
24830.00
24760.00
24890.00
24910.00
24800.00
24680.00
24290.00
23900.00
23600.00
23390.00
23520.00
23860.00
24050.00
24100.00
24080.00
23900.00
23720.00
23600.00
23560.00
23580.00
23700.00
23970.00
24190.00
24370.00
24500.00
24670.00
24630.00
24410.00
24270.00
24180.00
23820.00
23500.00
23320.00
23140.00
22990.00
22980.00
22840.00
22650.00
22460.00
22080.00
21540.00
21120.00
20690.00
20220.00
19860.00
19580.00
19340.00
18970.00
18630.00
18360.00
18180.00
17900.00
17870.00
17880.00
17880.00
17860.00
17950.00
18070.00
18180.00
18340.00
18610.00
18920.00
19180.00
19460.00
19570.00
19580.00
19440.00
19250.00
19030.00
19070.00
19080.00
19170.00
19260.00
19390.00
19420.00
19460.00
19430.00
19500.00
19380.00
19110.00
18860.00
18840.00
18840.00
18910.00
19110.00
19250.00
19210.00
19020.00
18840.00
18660.00
18510.00
18320.00
18220.00
18060.00
17910.00
17790.00
17550.00
17210.00
16900.00
16480.00
16010.00
15760.00
15570.00
15160.00
14780.00
14450.00
13950.00
13520.00
13510.00
13540.00
13550.00
13580.00
13430.00
13120.00
12950.00
12800.00
12770.00
12920.00
13190.00
13360.00
13510.00
13590.00
13550.00
13500.00
13630.00
14000.00
14260.00
14600.00
14880.00
14980.00
14790.00
14750.00
14530.00
14400.00
14300.00
14180.00
14050.00
14010.00
13810.00
13530.00
13450.00
13320.00
13240.00
13300.00
13450.00
13540.00
13640.00
13780.00
13840.00
13910.00
13910.00
13890.00
13800.00
13750.00
13670.00
13710.00
13850.00
14060.00
14270.00
14470.00
14660.00
14770.00
14800.00
14830.00
14840.00
14670.00
14380.00
14120.00
13810.00
13440.00
13110.00
12910.00
12860.00
12860.00
12940.00
13070.00
13230.00
13270.00
13290.00
13260.00
13180.00
13080.00
12980.00
12840.00
12790.00
12790.00
12910.00
13090.00
13280.00
13360.00
13440.00
13400.00
13280.00
13190.00
13220.00
13260.00
13300.00
