18090.00
18540.00
18990.00
19360.00
19520.00
19660.00
19700.00
19720.00
19790.00
20030.00
20170.00
20160.00
20090.00
19970.00
19740.00
19550.00
19510.00
19610.00
19630.00
19710.00
19750.00
19660.00
19480.00
19390.00
19240.00
19160.00
19160.00
19210.00
19270.00
19330.00
19450.00
19510.00
19570.00
19540.00
19420.00
19250.00
19050.00
18880.00
18740.00
18620.00
18530.00
18480.00
18380.00
18400.00
18460.00
18540.00
18600.00
18640.00
18580.00
18450.00
18240.00
18090.00
17960.00
17810.00
17760.00
17880.00
17950.00
18070.00
18250.00
18320.00
18370.00
18410.00
18420.00
18510.00
18610.00
18620.00
18610.00
18540.00
18350.00
18230.00
18120.00
18140.00
18220.00
18240.00
18340.00
18410.00
18360.00
18320.00
18320.00
18210.00
18110.00
17920.00
17760.00
17610.00
17490.00
17410.00
17350.00
17240.00
17130.00
17050.00
16950.00
16910.00
16800.00
16810.00
16860.00
16840.00
16870.00
17020.00
17080.00
17070.00
17090.00
17110.00
17110.00
17170.00
17310.00
17500.00
17580.00
17590.00
17710.00
17740.00
17780.00
17920.00
18080.00
18160.00
18270.00
18380.00
18410.00
18550.00
18670.00
18700.00
18730.00
18850.00
18780.00
18600.00
18570.00
18550.00
18470.00
18440.00
18480.00
18430.00
18240.00
18100.00
18090.00
18130.00
18250.00
18520.00
18720.00
18750.00
18740.00
18710.00
18640.00
18490.00
18300.00
18090.00
17770.00
17540.00
17420.00
17380.00
17380.00
17440.00
17390.00
17430.00
17540.00
17660.00
17770.00
17870.00
17850.00
17850.00
17810.00
17850.00
17950.00
18140.00
18300.00
18480.00
18580.00
18580.00
18520.00
18580.00
18600.00
18790.00
19040.00
19360.00
19500.00
19690.00
19720.00
19780.00
19740.00
19740.00
19610.00
19470.00
19270.00
19000.00
18740.00
18480.00
18250.00
18050.00
17970.00
17980.00
18120.00
18180.00
18310.00
18430.00
18430.00
18480.00
18620.00
18760.00
18880.00
18990.00
18970.00
18850.00
18650.00
18510.00
18480.00
18450.00
18470.00
18560.00
18680.00
18740.00
18880.00
18960.00
19110.00
19170.00
19230.00
19190.00
19170.00
19010.00
18870.00
18730.00
18680.00
18620.00
18540.00
18500.00
18500.00
18540.00
18710.00
18940.00
19070.00
19160.00
19200.00
19220.00
19260.00
19350.00
19460.00
19490.00
19490.00
19430.00
19350.00
19270.00
19260.00
19150.00
19020.00
