1801.00
1812.00
1821.00
1844.00
1875.00
1924.00
1962.00
1992.00
2017.00
2020.00
2004.00
2005.00
2016.00
2024.00
2021.00
2027.00
2036.00
2037.00
2037.00
2048.00
2050.00
2049.00
2052.00
2059.00
2053.00
2047.00
2039.00
2033.00
2020.00
2012.00
2010.00
2008.00
2016.00
2022.00
2011.00
2002.00
1993.00
1979.00
1962.00
1953.00
1937.00
1921.00
1905.00
1903.00
1909.00
1919.00
1936.00
1943.00
1941.00
1940.00
1925.00
1911.00
1900.00
1882.00
1868.00
1871.00
1865.00
1869.00
1882.00
1897.00
1910.00
1925.00
1944.00
1963.00
1982.00
2003.00
2024.00
2028.00
2027.00
2038.00
2055.00
2116.00
2187.00
2247.00
2276.00
2286.00
2254.00
2281.00
2308.00
2322.00
2380.00
2420.00
2466.00
2501.00
2565.00
2597.00
2615.00
2525.00
2469.00
2482.00
2450.00
2593.00
2791.00
2948.00
3036.00
3199.00
3228.00
3189.00
3154.00
3074.00
2956.00
2841.00
2816.00
2807.00
2926.00
3067.00
3128.00
3254.00
3319.00
3257.00
3181.00
3148.00
3016.00
2936.00
2871.00
2789.00
2753.00
2671.00
2630.00
2677.00
2723.00
2748.00
2777.00
2806.00
2784.00
2786.00
2788.00
2832.00
2857.00
2922.00
2957.00
2968.00
2974.00
2945.00
2831.00
2746.00
2702.00
2626.00
2607.00
2645.00
2651.00
2661.00
2743.00
2788.00
2822.00
2897.00
2974.00
3031.00
3071.00
3052.00
3024.00
2968.00
2888.00
2850.00
2838.00
2853.00
2897.00
2924.00
2921.00
2962.00
2943.00
2899.00
2872.00
2851.00
2793.00
2761.00
2720.00
2670.00
2664.00
2677.00
2692.00
2701.00
2718.00
2717.00
2718.00
2707.00
2691.00
2673.00
2642.00
2592.00
2570.00
2566.00
2577.00
2587.00
2625.00
2652.00
2664.00
2653.00
2649.00
2645.00
2646.00
2647.00
2646.00
2655.00
2645.00
2609.00
2581.00
2570.00
2549.00
2544.00
2554.00
2573.00
2586.00
2605.00
2612.00
2624.00
2635.00
2649.00
2647.00
2644.00
2631.00
2606.00
2577.00
2571.00
2562.00
2545.00
2530.00
2519.00
2492.00
2500.00
2511.00
2514.00
2526.00
2541.00
2500.00
2464.00
2457.00
2436.00
2408.00
2407.00
2397.00
2370.00
2353.00
2336.00
2322.00
2324.00
2321.00
2302.00
2295.00
2291.00
2295.00
