33110.00
33310.00
33450.00
33440.00
33580.00
33800.00
34050.00
34120.00
34240.00
34420.00
34360.00
34320.00
34310.00
34340.00
34200.00
34120.00
34000.00
33970.00
33820.00
33890.00
33930.00
33930.00
33740.00
33680.00
33900.00
34190.00
34620.00
35120.00
35520.00
35680.00
35810.00
35790.00
36020.00
36480.00
36640.00
37050.00
37410.00
37510.00
37450.00
37420.00
37160.00
36850.00
36620.00
36340.00
36420.00
36480.00
36630.00
36730.00
36640.00
36570.00
36350.00
36140.00
35950.00
35810.00
35540.00
35560.00
35600.00
35790.00
36170.00
36450.00
36600.00
36660.00
36650.00
36730.00
36730.00
36650.00
36580.00
36630.00
36460.00
36330.00
36140.00
36020.00
35600.00
35300.00
35020.00
34980.00
34880.00
35000.00
34620.00
34130.00
33470.00
32630.00
31760.00
31310.00
30980.00
30930.00
31020.00
31060.00
31130.00
31180.00
31180.00
31400.00
31660.00
31980.00
32320.00
32560.00
32610.00
32740.00
32880.00
33010.00
33200.00
33570.00
33890.00
34240.00
34640.00
35030.00
35370.00
35530.00
35770.00
35980.00
36090.00
36160.00
36210.00
36200.00
36150.00
36080.00
35970.00
35840.00
35820.00
35690.00
35440.00
35210.00
34900.00
34370.00
34040.00
33920.00
33790.00
33870.00
34280.00
34520.00
34700.00
34980.00
35150.00
35190.00
35440.00
35650.00
35720.00
35770.00
35950.00
36110.00
36350.00
36690.00
36890.00
36730.00
36440.00
36410.00
36330.00
36600.00
37110.00
37520.00
37560.00
37800.00
37990.00
38140.00
38420.00
38740.00
38840.00
38940.00
38970.00
39020.00
39100.00
39200.00
39400.00
39910.00
40280.00
40740.00
41200.00
41550.00
41440.00
41420.00
41210.00
41120.00
41020.00
41010.00
41020.00
40710.00
40200.00
39740.00
39190.00
38810.00
38780.00
38750.00
38590.00
38640.00
38580.00
38410.00
38330.00
38400.00
38490.00
38500.00
38660.00
38600.00
38430.00
38280.00
37960.00
37580.00
37470.00
37480.00
37210.00
37150.00
37370.00
37600.00
37810.00
38110.00
38390.00
38580.00
38630.00
38520.00
38440.00
38320.00
38170.00
38080.00
37980.00
37940.00
37910.00
37710.00
37700.00
37890.00
37900.00
37910.00
37930.00
37630.00
37080.00
36670.00
36300.00
36000.00
35670.00
35520.00
35280.00
35070.00
34900.00
34840.00
34700.00
34570.00
34440.00
34320.00
34160.00
34060.00
33990.00
33960.00
33900.00
