289100.00
291300.00
293000.00
290800.00
289800.00
288600.00
287700.00
285400.00
283900.00
280700.00
277500.00
274700.00
273500.00
272500.00
272300.00
271600.00
271400.00
271000.00
270700.00
269000.00
270400.00
272900.00
274000.00
275700.00
278400.00
278800.00
277700.00
277600.00
276400.00
275500.00
274300.00
272600.00
271700.00
271500.00
271300.00
271400.00
271400.00
272200.00
271600.00
270700.00
270300.00
271500.00
271400.00
271600.00
272200.00
273400.00
273000.00
272600.00
271500.00
270000.00
266600.00
264400.00
261600.00
258200.00
256700.00
255500.00
253300.00
252700.00
253800.00
253500.00
253200.00
253100.00
253100.00
253400.00
254800.00
256300.00
257100.00
256300.00
254600.00
252000.00
250100.00
249500.00
248800.00
248200.00
247500.00
246700.00
245800.00
245500.00
247400.00
250500.00
253000.00
255300.00
257300.00
257300.00
255800.00
255600.00
255800.00
255600.00
255500.00
255600.00
255600.00
255400.00
255400.00
255100.00
256400.00
256600.00
257200.00
259800.00
266100.00
270100.00
273700.00
277600.00
281400.00
281700.00
282100.00
286700.00
289100.00
290600.00
294600.00
297600.00
296600.00
297100.00
296400.00
294200.00
292500.00
290700.00
287800.00
285000.00
282400.00
281600.00
280800.00
282500.00
283400.00
284100.00
285000.00
285400.00
285800.00
286300.00
287300.00
287300.00
287800.00
287700.00
288500.00
290600.00
291000.00
291100.00
289000.00
286200.00
280700.00
275900.00
270500.00
262100.00
255200.00
246300.00
239500.00
233500.00
230400.00
226300.00
224600.00
221600.00
218900.00
218100.00
218500.00
218700.00
218700.00
218400.00
216600.00
215200.00
214000.00
214000.00
214600.00
215800.00
216200.00
216600.00
215900.00
214900.00
213900.00
213000.00
214500.00
216700.00
219000.00
221400.00
223400.00
223500.00
223000.00
222300.00
221800.00
221700.00
222400.00
224000.00
225100.00
225600.00
226000.00
225800.00
225200.00
225000.00
225300.00
227100.00
229700.00
231100.00
233000.00
234800.00
234500.00
233100.00
233100.00
233100.00
233300.00
234700.00
235000.00
234600.00
233400.00
231300.00
227100.00
223600.00
220400.00
218200.00
217000.00
216700.00
217200.00
217100.00
217500.00
217300.00
217900.00
217300.00
217000.00
215800.00
216100.00
216600.00
219100.00
221800.00
224000.00
226000.00
227400.00
226600.00
226500.00
228200.00
227700.00
227000.00
226900.00
226100.00
224300.00
223400.00
222600.00
221600.00
220800.00
220100.00
220200.00
221000.00
222700.00
223900.00
224900.00
