337600.00
340600.00
344400.00
348100.00
349600.00
350900.00
353700.00
356300.00
360200.00
364100.00
366100.00
366700.00
368200.00
369200.00
370100.00
372500.00
374500.00
374600.00
373500.00
372500.00
370900.00
369500.00
370200.00
372200.00
374300.00
376300.00
380100.00
383800.00
387100.00
388600.00
389300.00
388200.00
387400.00
386900.00
387500.00
388200.00
385800.00
383200.00
378000.00
372800.00
367600.00
366000.00
364000.00
364800.00
366000.00
367000.00
367800.00
367800.00
370200.00
372000.00
372200.00
371600.00
371500.00
367300.00
364600.00
365300.00
366400.00
369200.00
372300.00
374600.00
377200.00
380200.00
382700.00
385100.00
385600.00
383700.00
381000.00
377400.00
373500.00
370800.00
370100.00
369600.00
367700.00
366900.00
365300.00
364200.00
362200.00
361700.00
361600.00
361500.00
359700.00
356100.00
353100.00
346800.00
341500.00
338400.00
336900.00
334900.00
334300.00
333900.00
332200.00
330500.00
328800.00
328000.00
327300.00
325500.00
325600.00
327100.00
329300.00
331600.00
333300.00
333900.00
334700.00
335500.00
335400.00
338900.00
341700.00
344000.00
344900.00
347200.00
347800.00
348500.00
348500.00
349800.00
349600.00
349100.00
350400.00
351700.00
351000.00
352600.00
354400.00
354400.00
352400.00
350200.00
346600.00
343100.00
341100.00
341500.00
344600.00
347700.00
350700.00
354100.00
356100.00
357300.00
357400.00
353400.00
347700.00
342900.00
338000.00
334800.00
334100.00
333800.00
330300.00
325400.00
321000.00
318100.00
315200.00
314900.00
314700.00
316300.00
316700.00
317500.00
319500.00
323300.00
322600.00
324500.00
325000.00
324800.00
324000.00
325000.00
325200.00
324800.00
324600.00
324100.00
324100.00
323700.00
324400.00
324400.00
324900.00
324800.00
324600.00
324700.00
325800.00
326800.00
326600.00
326500.00
322400.00
317800.00
312300.00
307500.00
303000.00
301300.00
299600.00
297100.00
296300.00
294800.00
296000.00
297600.00
300400.00
301900.00
303300.00
301900.00
300800.00
299900.00
299200.00
298000.00
299200.00
299900.00
300200.00
301300.00
303200.00
304700.00
307300.00
311600.00
314100.00
315900.00
318700.00
319100.00
318300.00
317700.00
317900.00
316500.00
316600.00
315000.00
313100.00
309800.00
308300.00
306500.00
306400.00
307200.00
308300.00
308400.00
308600.00
306100.00
303000.00
300600.00
297800.00
295700.00
296500.00
297900.00
299600.00
302400.00
303700.00
305000.00
306700.00
309000.00
309800.00
311200.00
311400.00
311700.00
312300.00
