1090000.00
1093200.00
1092400.00
1088000.00
1091200.00
1104400.00
1114200.00
1122800.00
1134400.00
1141000.00
1138800.00
1135400.00
1136600.00
1149200.00
1162400.00
1175800.00
1202000.00
1227000.00
1237200.00
1246800.00
1249600.00
1241400.00
1230400.00
1222200.00
1219000.00
1219800.00
1226200.00
1229000.00
1244600.00
1254000.00
1266600.00
1271400.00
1276600.00
1269200.00
1262400.00
1257600.00
1250200.00
1248200.00
1249400.00
1254800.00
1257000.00
1263600.00
1280200.00
1296200.00
1313800.00
1338400.00
1365200.00
1383800.00
1393800.00
1399400.00
1396600.00
1400000.00
1397000.00
1398200.00
1403800.00
1410200.00
1405600.00
1403400.00
1403400.00
1399400.00
1397200.00
1406000.00
1414000.00
1425400.00
1432400.00
1439600.00
1437800.00
1437200.00
1427800.00
1423600.00
1423200.00
1424200.00
1426800.00
1424600.00
1420000.00
1415800.00
1412400.00
1403000.00
1400800.00
1396800.00
1385000.00
1362400.00
1348400.00
1331000.00
1315800.00
1304600.00
1305800.00
1295400.00
1292400.00
1290400.00
1286400.00
1280800.00
1278200.00
1275400.00
1270800.00
1272600.00
1272400.00
1276400.00
1282200.00
1291200.00
1289800.00
1291600.00
1300400.00
1302800.00
1309800.00
1321200.00
1324400.00
1326000.00
1330400.00
1336000.00
1339000.00
1338400.00
1331000.00
1328800.00
1316000.00
1308600.00
1309600.00
1313800.00
1305000.00
1300000.00
1291400.00
1287600.00
1280000.00
1277600.00
1274200.00
1272000.00
1265200.00
1263200.00
1273200.00
1277600.00
1288200.00
1302000.00
1311000.00
1312800.00
1320000.00
1318000.00
1297000.00
1282800.00
1270800.00
1258400.00
1247600.00
1246600.00
1238200.00
1220800.00
1201600.00
1182800.00
1175200.00
1170200.00
1171000.00
1174200.00
1178000.00
1173800.00
1172200.00
1167800.00
1162200.00
1156400.00
1151800.00
1149000.00
1146400.00
1147600.00
1153400.00
1161000.00
1177000.00
1196200.00
1214200.00
1227800.00
1241200.00
1248400.00
1256200.00
1265200.00
1275800.00
1279800.00
1277800.00
1274200.00
1268800.00
1266200.00
1271800.00
1276200.00
1285000.00
1293800.00
1297800.00
1297800.00
1296000.00
1287800.00
1290400.00
1286600.00
1283000.00
1281400.00
1286200.00
1279400.00
1276800.00
1276600.00
1275200.00
1272400.00
1270600.00
1276000.00
1272600.00
1270800.00
1260600.00
1254600.00
1246400.00
1247200.00
1250000.00
1256800.00
1257400.00
1255000.00
1254000.00
1245200.00
1239000.00
1231000.00
1227800.00
1222400.00
1222200.00
1219400.00
1224000.00
1229600.00
1238600.00
1250600.00
1263200.00
1274600.00
1275400.00
1272800.00
1271000.00
1267800.00
1259600.00
1260000.00
1261800.00
1261600.00
1260600.00
1266200.00
1262000.00
1263000.00
1265800.00
1268600.00
1266400.00
1271800.00
1269800.00
1265800.00
1263400.00
1261800.00
1259400.00
