11600.00
11600.00
11580.00
11540.00
11510.00
11500.00
11450.00
11430.00
11430.00
11420.00
11410.00
11470.00
11470.00
11430.00
11430.00
11410.00
11320.00
11300.00
11310.00
11290.00
11330.00
11390.00
11460.00
11530.00
11600.00
11580.00
11550.00
11510.00
11460.00
11450.00
11500.00
11530.00
11540.00
11610.00
11660.00
11780.00
11930.00
12070.00
12150.00
12190.00
12180.00
12160.00
12200.00
12300.00
12380.00
12350.00
12310.00
12250.00
12090.00
12000.00
11920.00
11870.00
11780.00
11760.00
11720.00
11790.00
11850.00
11890.00
11890.00
11890.00
11880.00
11870.00
11890.00
11980.00
12020.00
12040.00
12070.00
12080.00
11990.00
11910.00
11830.00
11750.00
11690.00
11710.00
11730.00
11750.00
11770.00
11800.00
11790.00
11840.00
11850.00
11860.00
11840.00
11810.00
11790.00
11780.00
11760.00
11730.00
11680.00
11580.00
11470.00
11310.00
11170.00
11060.00
10900.00
10740.00
10630.00
10520.00
10420.00
10370.00
10370.00
10420.00
10490.00
10600.00
10710.00
10830.00
10840.00
10780.00
10720.00
10700.00
10660.00
10660.00
10720.00
10730.00
10710.00
10690.00
10660.00
10660.00
10650.00
10650.00
10650.00
10670.00
10630.00
10580.00
10540.00
10500.00
10470.00
10470.00
10480.00
10470.00
10440.00
10450.00
10440.00
10430.00
10430.00
10420.00
10330.00
10238.00
10168.00
10088.00
10020.00
10030.00
9992.00
9852.00
9716.00
9600.00
9432.00
9324.00
9296.00
9252.00
9170.00
9130.00
9136.00
9180.00
9274.00
9354.00
9390.00
9382.00
9368.00
9334.00
9322.00
9328.00
9346.00
9350.00
9380.00
9388.00
9402.00
9380.00
9342.00
9276.00
9260.00
9248.00
9282.00
9324.00
9346.00
9344.00
9300.00
9234.00
9164.00
9108.00
9076.00
9058.00
9026.00
8986.00
8962.00
8920.00
8890.00
8926.00
9012.00
9070.00
9120.00
9126.00
9096.00
9022.00
8948.00
8864.00
8824.00
8776.00
8732.00
8684.00
8680.00
8700.00
8820.00
8896.00
9018.00
9104.00
9184.00
9166.00
9188.00
9176.00
9180.00
9140.00
9108.00
9062.00
9004.00
8960.00
8962.00
8952.00
8972.00
8998.00
8992.00
8940.00
8882.00
8816.00
8744.00
8694.00
8678.00
8670.00
8654.00
8668.00
8660.00
8676.00
8720.00
8758.00
8782.00
8824.00
8840.00
8856.00
8884.00
8868.00
8848.00
