2455.00
2463.00
2471.00
2485.00
2505.00
2527.00
2578.00
2609.00
2642.00
2644.00
2643.00
2600.00
2584.00
2572.00
2573.00
2585.00
2602.00
2614.00
2608.00
2605.00
2605.00
2611.00
2619.00
2639.00
2643.00
2626.00
2608.00
2584.00
2553.00
2528.00
2515.00
2500.00
2483.00
2476.00
2461.00
2450.00
2437.00
2438.00
2426.00
2424.00
2410.00
2402.00
2385.00
2387.00
2391.00
2400.00
2406.00
2413.00
2407.00
2403.00
2387.00
2370.00
2347.00
2328.00
2313.00
2317.00
2322.00
2334.00
2342.00
2352.00
2353.00
2355.00
2355.00
2364.00
2373.00
2385.00
2394.00
2409.00
2422.00
2430.00
2436.00
2443.00
2446.00
2441.00
2430.00
2425.00
2417.00
2411.00
2406.00
2403.00
2393.00
2373.00
2346.00
2319.00
2293.00
2274.00
2276.00
2282.00
2287.00
2294.00
2303.00
2298.00
2285.00
2269.00
2262.00
2244.00
2231.00
2232.00
2237.00
2238.00
2244.00
2256.00
2265.00
2277.00
2286.00
2300.00
2286.00
2276.00
2272.00
2270.00
2266.00
2285.00
2298.00
2299.00
2295.00
2287.00
2276.00
2265.00
2258.00
2251.00
2245.00
2243.00
2230.00
2213.00
2198.00
2185.00
2173.00
2171.00
2173.00
2171.00
2165.00
2159.00
2152.00
2145.00
2133.00
2118.00
2094.00
2061.00
2037.00
2020.00
2009.00
2003.00
1989.00
1962.00
1958.00
1951.00
1954.00
1976.00
2000.00
2009.00
2009.00
2009.00
2009.00
2015.00
2023.00
2038.00
2037.00
2035.00
2031.00
2019.00
2015.00
2022.00
2029.00
2037.00
2048.00
2054.00
2057.00
2060.00
2063.00
2066.00
2069.00
2077.00
2085.00
2092.00
2100.00
2105.00
2094.00
2083.00
2070.00
2049.00
2031.00
2020.00
2012.00
2007.00
2007.00
2006.00
2011.00
2013.00
2013.00
2009.00
2007.00
2007.00
2007.00
2024.00
2040.00
2072.00
2086.00
2095.00
2093.00
2091.00
2072.00
2070.00
2077.00
2076.00
2086.00
2101.00
2112.00
2136.00
2160.00
2175.00
2187.00
2198.00
2186.00
2169.00
2152.00
2132.00
2123.00
2122.00
2130.00
2150.00
2163.00
2170.00
2170.00
2167.00
2152.00
2149.00
2141.00
2136.00
2138.00
2145.00
2151.00
2164.00
2179.00
2187.00
2193.00
2199.00
2206.00
2227.00
2255.00
2272.00
2282.00
