45170.00
45320.00
45310.00
45150.00
44880.00
44560.00
44200.00
44060.00
44110.00
44100.00
44150.00
44520.00
44630.00
44600.00
44770.00
44890.00
44680.00
44480.00
44090.00
43550.00
43000.00
42440.00
42260.00
42230.00
42350.00
42500.00
42830.00
42780.00
42670.00
42550.00
42470.00
42590.00
42880.00
43260.00
43500.00
43740.00
43700.00
43550.00
43420.00
43150.00
42780.00
42720.00
42640.00
42720.00
43320.00
43770.00
43820.00
43890.00
43570.00
42870.00
42350.00
41980.00
41510.00
41220.00
41020.00
41000.00
40890.00
41080.00
41300.00
41790.00
42140.00
42660.00
43080.00
43570.00
43810.00
43950.00
44020.00
44270.00
44650.00
44960.00
45360.00
45760.00
45800.00
45560.00
44990.00
44720.00
44410.00
44270.00
44060.00
44040.00
43990.00
43570.00
42950.00
42180.00
41700.00
41020.00
40710.00
40520.00
40700.00
40790.00
40820.00
40860.00
40990.00
41050.00
40860.00
40710.00
40670.00
40420.00
40150.00
40120.00
40080.00
39990.00
40170.00
40720.00
41060.00
41660.00
42140.00
42630.00
42870.00
43320.00
43510.00
43790.00
44080.00
44260.00
44390.00
44530.00
44560.00
44380.00
44310.00
44250.00
44090.00
44160.00
44090.00
43770.00
43630.00
43740.00
43660.00
43620.00
43910.00
44030.00
44040.00
44130.00
44230.00
44200.00
44180.00
43950.00
43900.00
43910.00
43850.00
43630.00
43390.00
42850.00
42410.00
41930.00
41630.00
41520.00
41480.00
41300.00
41170.00
40930.00
40460.00
40110.00
39920.00
39800.00
39960.00
40220.00
40410.00
40430.00
40870.00
41160.00
41570.00
42030.00
42650.00
42910.00
43040.00
42990.00
42850.00
42800.00
42550.00
42450.00
42530.00
42740.00
42680.00
42770.00
42710.00
42760.00
42680.00
42740.00
42630.00
42750.00
42750.00
42530.00
42080.00
41730.00
41260.00
40700.00
40400.00
40460.00
40550.00
40660.00
40820.00
40970.00
41110.00
41310.00
41380.00
41390.00
41530.00
41660.00
41700.00
41790.00
41940.00
41950.00
42100.00
42220.00
42250.00
42360.00
42530.00
42450.00
42580.00
42740.00
43290.00
44020.00
44800.00
45500.00
46230.00
46610.00
46820.00
46820.00
46930.00
47120.00
47100.00
47020.00
47010.00
46740.00
46600.00
46490.00
46370.00
46300.00
46530.00
46590.00
46850.00
47070.00
47530.00
47550.00
47530.00
47330.00
47230.00
46970.00
46890.00
46550.00
46410.00
