19828.56
19914.28
20047.60
20199.98
20228.56
20276.18
20352.38
20333.34
20323.82
20380.96
20476.20
20580.96
20723.82
20847.62
20885.72
20857.16
20800.02
20771.44
20733.34
20714.28
20666.66
20628.56
20647.62
20742.86
20866.68
21085.72
21409.52
21609.52
21771.42
21923.80
22028.56
22019.04
21923.80
21742.86
21561.90
21476.18
21457.14
21609.52
21761.90
21895.24
21914.30
21885.72
21885.72
21933.34
21942.86
21961.90
21990.48
22085.72
22095.24
22209.54
22219.06
22257.16
22095.24
21980.96
21752.38
21609.54
21457.16
21342.88
21247.64
21266.68
21371.44
21457.14
21666.66
22057.14
22419.06
22733.34
22990.48
23171.44
23095.24
23019.04
23019.04
23019.04
22942.84
22942.84
22990.46
22971.42
23038.10
23476.20
23914.30
24323.82
24714.28
25057.14
25038.10
25000.00
24933.34
24923.82
24990.48
24971.42
24857.14
24676.18
24457.14
24123.80
23847.62
23752.38
23723.82
23561.92
23476.22
23428.60
23361.94
23304.80
23361.94
23552.40
23828.58
24733.34
25790.48
27409.52
28800.00
30104.78
30895.24
31457.14
31209.52
30695.24
30161.90
29457.14
28752.38
28057.14
27619.04
27276.18
26895.24
26552.38
26428.58
26333.34
25971.44
25714.30
25704.78
25723.82
25828.58
26104.76
26257.14
26114.28
25942.86
25780.96
25609.54
25409.54
25161.92
24780.96
24857.16
24771.44
25409.52
26066.66
26761.90
26752.36
26666.64
25933.32
25599.98
25590.46
25638.08
26114.28
26542.84
26800.00
26533.32
26333.32
26247.60
26361.90
26199.98
26314.28
26380.96
26161.92
25914.30
25695.26
25619.06
25657.14
25695.24
25742.86
26038.10
26333.34
26552.40
26761.92
26847.62
26742.86
26780.96
27142.86
27428.58
27923.82
28504.76
28771.42
28904.76
29028.56
28933.32
28628.56
28371.42
27952.36
27714.26
27552.36
27628.56
27619.04
27666.66
27733.34
27876.20
28028.58
28228.58
28428.58
28590.48
28809.52
28990.46
29285.70
29390.46
29314.26
29085.70
28771.42
28685.70
28923.80
29380.94
29752.36
30047.60
30009.50
29819.02
29399.98
28990.46
28771.42
28695.24
28600.00
28609.52
28657.14
28600.00
28342.86
28371.44
28380.96
28361.92
28361.92
28533.34
28390.48
28285.72
28104.76
27923.80
27752.38
27590.48
27504.78
27676.20
27904.78
28000.02
28123.82
28219.06
28171.44
28104.76
28038.08
28057.14
28047.60
28152.36
28362.84
28700.94
