62800.00
62880.00
63420.00
64180.00
64520.00
65300.00
65960.00
66060.00
66260.00
66360.00
66100.00
65840.00
65660.00
66160.00
66420.00
67000.00
67480.00
67760.00
66940.00
66580.00
66060.00
66400.00
67460.00
68800.00
70080.00
71520.00
72060.00
72140.00
72260.00
72400.00
72640.00
72500.00
72140.00
72040.00
71540.00
71140.00
71140.00
71920.00
72500.00
73140.00
73960.00
74580.00
74960.00
75440.00
76140.00
76720.00
77060.00
77280.00
76600.00
76380.00
75340.00
74780.00
74080.00
73700.00
73500.00
74260.00
74780.00
75300.00
75980.00
76120.00
76040.00
76380.00
76520.00
76880.00
76920.00
76960.00
77020.00
76760.00
76080.00
75660.00
75040.00
74300.00
73860.00
74460.00
74640.00
75120.00
75440.00
76060.00
75980.00
76420.00
76500.00
76000.00
75120.00
73880.00
72780.00
72020.00
71560.00
71260.00
71280.00
71560.00
71680.00
72540.00
73620.00
74840.00
75760.00
76540.00
77160.00
77620.00
78500.00
78720.00
78840.00
78820.00
78680.00
79000.00
79680.00
80540.00
81020.00
81580.00
81320.00
81080.00
80800.00
80740.00
80860.00
80660.00
80360.00
80200.00
79980.00
79060.00
78480.00
77880.00
77260.00
75920.00
74880.00
73520.00
72380.00
71180.00
70820.00
70580.00
70460.00
70560.00
70260.00
70220.00
70300.00
70460.00
70240.00
70360.00
69960.00
69540.00
68880.00
67940.00
66820.00
65820.00
64420.00
62960.00
61820.00
60920.00
60260.00
60040.00
59960.00
60060.00
60120.00
60120.00
60180.00
60360.00
60460.00
60620.00
60460.00
60140.00
60060.00
59900.00
60020.00
60400.00
60900.00
61260.00
61760.00
61900.00
61880.00
62520.00
63000.00
63780.00
64500.00
65460.00
65520.00
65800.00
65580.00
65820.00
65840.00
66220.00
66380.00
66840.00
66780.00
66800.00
66660.00
67200.00
67380.00
67740.00
68240.00
68740.00
68760.00
69160.00
69260.00
69260.00
69300.00
69280.00
68940.00
68980.00
68860.00
68800.00
68720.00
68700.00
68280.00
68080.00
67740.00
67600.00
67640.00
68080.00
68520.00
68960.00
69100.00
69120.00
69400.00
69820.00
70340.00
70720.00
71040.00
70960.00
70940.00
70740.00
70860.00
70980.00
70940.00
70720.00
70640.00
70340.00
70140.00
70200.00
69960.00
70100.00
70340.00
70680.00
71080.00
71660.00
71900.00
72160.00
72320.00
72380.00
72480.00
72380.00
72140.00
72000.00
71920.00
