11440.00
12130.00
13450.00
14320.00
15380.00
16230.00
17330.00
18230.00
19230.00
20040.00
21170.00
21270.00
20750.00
20530.00
20010.00
19420.00
18990.00
18480.00
17940.00
17610.00
17310.00
16940.00
16750.00
16650.00
16700.00
16600.00
16580.00
16560.00
16460.00
16190.00
16010.00
15860.00
15790.00
16200.00
16430.00
16720.00
16710.00
16720.00
16420.00
16390.00
16340.00
16480.00
16540.00
16560.00
16440.00
16340.00
16220.00
16330.00
16460.00
16820.00
17000.00
17230.00
17490.00
17530.00
17560.00
17710.00
17810.00
17650.00
17590.00
17550.00
17730.00
17860.00
17850.00
17850.00
17680.00
17310.00
16940.00
16750.00
16530.00
16330.00
16200.00
16200.00
16290.00
16520.00
16760.00
17020.00
17130.00
17100.00
17010.00
17040.00
16980.00
16960.00
17080.00
17290.00
17510.00
17750.00
17840.00
17610.00
17270.00
16840.00
16720.00
16620.00
16620.00
16750.00
16850.00
16560.00
16490.00
16500.00
16390.00
16290.00
16320.00
16370.00
16510.00
16620.00
16750.00
16940.00
17070.00
17200.00
17460.00
17690.00
17900.00
18130.00
18300.00
18190.00
18200.00
18040.00
17730.00
17460.00
17380.00
17140.00
16890.00
16810.00
16530.00
16140.00
15790.00
15700.00
15640.00
15680.00
15810.00
15870.00
15760.00
15690.00
15610.00
15500.00
15300.00
14980.00
14550.00
13970.00
13590.00
13440.00
13350.00
13300.00
13300.00
13080.00
12920.00
12900.00
12880.00
13080.00
13450.00
13640.00
13670.00
13700.00
13750.00
13700.00
13620.00
13650.00
13510.00
13310.00
13170.00
13060.00
13030.00
13150.00
13310.00
13430.00
13580.00
13590.00
13510.00
13410.00
13360.00
13340.00
13370.00
13480.00
13600.00
13670.00
13720.00
13730.00
13630.00
13490.00
13300.00
13090.00
12820.00
12610.00
12440.00
12210.00
12050.00
11950.00
11910.00
11900.00
12040.00
12180.00
12290.00
12380.00
12430.00
13160.00
14140.00
16220.00
18410.00
19980.00
20790.00
21490.00
20700.00
19700.00
19320.00
18990.00
18310.00
18250.00
18190.00
18180.00
18140.00
18110.00
17850.00
17770.00
17670.00
17540.00
17630.00
17810.00
18040.00
18160.00
18340.00
19560.00
20170.00
20910.00
21440.00
21880.00
21010.00
20890.00
20470.00
20440.00
20710.00
22500.00
23770.00
25080.00
25920.00
26410.00
25600.00
24960.00
24430.00
24480.00
24400.00
24590.00
24910.00
