12420.00
12550.00
12670.00
12790.00
12810.00
12820.00
12750.00
12630.00
12470.00
12390.00
12320.00
12250.00
12280.00
12350.00
12380.00
12330.00
12250.00
12130.00
12000.00
11930.00
11880.00
11860.00
11790.00
11750.00
11730.00
11750.00
11770.00
11820.00
11830.00
11760.00
11650.00
11560.00
11510.00
11490.00
11390.00
11360.00
11280.00
11210.00
11090.00
11130.00
11090.00
11190.00
11400.00
11650.00
11800.00
12010.00
12010.00
11950.00
11820.00
11680.00
11500.00
11440.00
11330.00
11270.00
11310.00
11410.00
11480.00
11560.00
11620.00
11720.00
11720.00
11770.00
11780.00
11840.00
11810.00
11840.00
11870.00
11900.00
11850.00
11790.00
11720.00
11610.00
11500.00
11390.00
11310.00
11260.00
11210.00
11210.00
11280.00
11300.00
11290.00
11250.00
11140.00
11010.00
10910.00
10870.00
10810.00
10770.00
10690.00
10580.00
10420.00
10330.00
10220.00
10180.00
10190.00
10170.00
10140.00
10160.00
10130.00
10090.00
10140.00
10210.00
10260.00
10440.00
10630.00
10760.00
10830.00
10910.00
10860.00
10800.00
10740.00
10710.00
10660.00
10610.00
10570.00
10520.00
10480.00
10580.00
10720.00
10850.00
10980.00
11120.00
11040.00
10950.00
10870.00
10830.00
10780.00
10790.00
10890.00
11000.00
11060.00
11130.00
11300.00
11360.00
11380.00
11360.00
11280.00
11030.00
10800.00
10590.00
10460.00
10420.00
10380.00
10252.00
10136.00
10066.00
10046.00
10186.00
10434.00
10670.00
10810.00
10860.00
10860.00
10820.00
10740.00
10680.00
10540.00
10420.00
10350.00
10340.00
10390.00
10540.00
10650.00
10710.00
10750.00
10720.00
10660.00
10620.00
10640.00
10690.00
10820.00
11190.00
11500.00
11830.00
12090.00
12260.00
12140.00
12140.00
12110.00
12160.00
12230.00
12330.00
12310.00
12260.00
12110.00
11910.00
11700.00
11540.00
11340.00
11190.00
11080.00
10990.00
10910.00
10880.00
10990.00
11110.00
11200.00
11260.00
11310.00
11220.00
11130.00
11100.00
11080.00
11060.00
11050.00
11040.00
11020.00
11020.00
11010.00
11080.00
11150.00
11190.00
11190.00
11200.00
11110.00
10990.00
10920.00
10980.00
11050.00
11180.00
11420.00
11640.00
11720.00
11760.00
11750.00
11690.00
11600.00
11550.00
11510.00
11510.00
11480.00
11460.00
11460.00
11470.00
11440.00
11400.00
11370.00
11300.00
11210.00
11250.00
11350.00
