22630.00
22370.00
22120.00
22000.00
21850.00
21710.00
21570.00
21490.00
21570.00
21640.00
21690.00
21850.00
21930.00
21900.00
22000.00
22180.00
22330.00
22580.00
22740.00
22710.00
22590.00
22340.00
22080.00
21880.00
21920.00
21870.00
21920.00
22060.00
22240.00
22270.00
22320.00
22430.00
22330.00
22320.00
22210.00
22180.00
21920.00
21730.00
21420.00
21090.00
20690.00
20510.00
20290.00
20140.00
20320.00
20590.00
20770.00
20940.00
20980.00
20810.00
20600.00
20520.00
20640.00
21060.00
21450.00
21870.00
22230.00
22510.00
22530.00
22640.00
22780.00
22770.00
22810.00
22830.00
22820.00
22720.00
22750.00
22660.00
22530.00
22410.00
22290.00
22200.00
22170.00
22130.00
22030.00
22090.00
22020.00
21920.00
21830.00
21690.00
21370.00
21060.00
21010.00
20960.00
21090.00
21370.00
21670.00
21700.00
21770.00
21730.00
21650.00
21550.00
21520.00
21520.00
21480.00
21260.00
21140.00
20940.00
20830.00
20860.00
20980.00
21060.00
21220.00
21320.00
21260.00
21260.00
21180.00
21100.00
21040.00
21000.00
21030.00
21160.00
21170.00
21260.00
21360.00
21470.00
21590.00
21760.00
21880.00
22070.00
22250.00
22370.00
22440.00
22410.00
22330.00
22230.00
22110.00
22130.00
22220.00
22340.00
22400.00
22520.00
22560.00
22570.00
22590.00
22560.00
22520.00
22430.00
22380.00
22390.00
22420.00
22410.00
22460.00
22540.00
22490.00
22480.00
22410.00
22230.00
22020.00
21830.00
21620.00
21530.00
21530.00
21490.00
21530.00
21500.00
21360.00
21260.00
21160.00
21030.00
21020.00
21110.00
21200.00
21360.00
21450.00
21510.00
21480.00
21560.00
21510.00
21500.00
21520.00
21580.00
21560.00
21610.00
21630.00
21640.00
21620.00
21560.00
21500.00
21470.00
21460.00
21470.00
21480.00
21520.00
21690.00
21790.00
21930.00
22140.00
22320.00
22380.00
22460.00
22570.00
22630.00
22710.00
22720.00
22740.00
22750.00
22700.00
22580.00
22470.00
22350.00
22200.00
22190.00
22160.00
22140.00
22140.00
22230.00
22210.00
22270.00
22390.00
22500.00
22500.00
22500.00
22450.00
22360.00
22230.00
22170.00
22130.00
22070.00
22000.00
21900.00
21800.00
21670.00
21540.00
21520.00
21590.00
21580.00
21620.00
21690.00
21760.00
21730.00
21860.00
21910.00
21980.00
22010.00
22140.00
22190.00
22320.00
22410.00
22240.00
22000.00
