7688.00
7678.00
7654.00
7640.00
7610.00
7588.00
7568.00
7578.00
7574.00
7626.00
7696.00
7776.00
7840.00
7924.00
7964.00
7972.00
7970.00
8032.00
8026.00
8006.00
7988.00
7980.00
7888.00
7880.00
7908.00
7928.00
7948.00
7990.00
7990.00
7958.00
7948.00
7938.00
7900.00
7854.00
7794.00
7738.00
7664.00
7604.00
7552.00
7498.00
7406.00
7352.00
7300.00
7262.00
7230.00
7240.00
7232.00
7230.00
7250.00
7232.00
7180.00
7114.00
7056.00
6924.00
6858.00
6826.00
6810.00
6794.00
6836.00
6876.00
6934.00
7006.00
7094.00
7172.00
7228.00
7266.00
7264.00
7232.00
7190.00
7168.00
7130.00
7120.00
7122.00
7122.00
7096.00
7084.00
7068.00
7036.00
7038.00
7030.00
6988.00
6904.00
6852.00
6752.00
6680.00
6634.00
6552.00
6416.00
6278.00
6090.00
5916.00
5788.00
5734.00
5698.00
5694.00
5648.00
5672.00
5704.00
5708.00
5714.00
5764.00
5760.00
5700.00
5696.00
5676.00
5700.00
5690.00
5684.00
5670.00
5690.00
5652.00
5676.00
5702.00
5692.00
5652.00
5612.00
5538.00
5476.00
5440.00
5422.00
5416.00
5504.00
5548.00
5540.00
5534.00
5556.00
5482.00
5458.00
5482.00
5466.00
5420.00
5392.00
5366.00
5346.00
5326.00
5253.00
5164.00
5100.00
5015.00
4968.00
4879.00
4816.00
4663.00
4592.00
4580.00
4607.00
4657.00
4759.00
4780.00
4755.00
4722.00
4661.00
4612.00
4599.00
4537.00
4530.00
4484.00
4444.00
4397.00
4381.00
4375.00
4406.00
4431.00
4438.00
4459.00
4471.00
4468.00
4474.00
4493.00
4507.00
4524.00
4551.00
4565.00
4581.00
4588.00
4591.00
4561.00
4509.00
4455.00
4414.00
4375.00
4364.00
4373.00
4371.00
4351.00
4324.00
4296.00
4266.00
4257.00
4247.00
4232.00
4216.00
4201.00
4147.00
4099.00
4069.00
4052.00
4059.00
4092.00
4126.00
4126.00
4139.00
4126.00
4113.00
4104.00
4119.00
4126.00
4141.00
4156.00
4163.00
4169.00
4172.00
4168.00
4155.00
4143.00
4141.00
4148.00
4168.00
4190.00
4206.00
4225.00
4247.00
4280.00
4324.00
4349.00
4367.00
4365.00
4345.00
4318.00
4328.00
4335.00
4346.00
4352.00
4366.00
4372.00
4377.00
4400.00
4427.00
4447.00
4469.00
4494.00
