4361.00
4439.00
4504.00
4540.00
4544.00
4559.00
4557.00
4567.00
4571.00
4603.00
4627.00
4648.00
4673.00
4689.00
4684.00
4669.00
4667.00
4672.00
4685.00
4696.00
4723.00
4736.00
5028.00
5390.00
5762.00
6102.00
6504.00
6694.00
6754.00
6722.00
6644.00
6518.00
6272.00
6100.00
5860.00
5742.00
5634.00
5520.00
5356.00
5326.00
5272.00
5204.00
5210.00
5272.00
5270.00
5260.00
5306.00
5324.00
5296.00
5320.00
5322.00
5242.00
5139.00
5034.00
4990.00
4976.00
4998.00
5095.00
5228.00
5322.00
5388.00
5428.00
5462.00
5468.00
5456.00
5450.00
5438.00
5386.00
5342.00
5338.00
5346.00
5370.00
5360.00
5324.00
5270.00
5202.00
5140.00
5116.00
5150.00
5144.00
5140.00
5071.00
4988.00
4861.00
4791.00
4735.00
4713.00
4707.00
4706.00
4666.00
4776.00
4799.00
4776.00
4769.00
4795.00
4645.00
4594.00
4590.00
4580.00
4561.00
4565.00
4658.00
4741.00
4838.00
4943.00
5049.00
5091.00
5142.00
5162.00
5180.00
5196.00
5184.00
5190.00
5216.00
5204.00
5160.00
5123.00
5123.00
5125.00
5133.00
5205.00
5250.00
5156.00
5038.00
4956.00
4852.00
4795.00
4801.00
4847.00
4837.00
4818.00
4800.00
4803.00
4792.00
4806.00
4772.00
4697.00
4557.00
4428.00
4333.00
4280.00
4252.00
4163.00
4043.00
3932.00
3841.00
3761.00
3819.00
3908.00
3977.00
4028.00
4099.00
4156.00
4202.00
4247.00
4278.00
4245.00
4226.00
4221.00
4212.00
4237.00
4295.00
4345.00
4382.00
4418.00
4429.00
4440.00
4466.00
4496.00
4537.00
4572.00
4599.00
4627.00
4638.00
4658.00
4672.00
4669.00
4659.00
4663.00
4619.00
4595.00
4569.00
4512.00
4434.00
4385.00
4326.00
4293.00
4304.00
4341.00
4374.00
4405.00
4433.00
4407.00
4374.00
4333.00
4273.00
4204.00
4165.00
4135.00
4113.00
4110.00
4109.00
4117.00
4131.00
4155.00
4177.00
4218.00
4298.00
4396.00
4460.00
4537.00
4578.00
4561.00
4487.00
4401.00
4299.00
4270.00
4261.00
4280.00
4347.00
4410.00
4431.00
4441.00
4404.00
4356.00
4348.00
4336.00
4327.00
4353.00
4390.00
4409.00
4432.00
4448.00
4479.00
4538.00
4598.00
4620.00
4620.00
4625.00
4591.00
4547.00
