87780.00
87920.00
88140.00
88480.00
88880.00
89680.00
89880.00
90340.00
90720.00
91160.00
91500.00
92280.00
92800.00
93160.00
93780.00
94240.00
94400.00
94820.00
95200.00
95240.00
94580.00
93980.00
93340.00
92800.00
92660.00
93120.00
93900.00
94520.00
95240.00
95460.00
96160.00
96660.00
96900.00
97040.00
97140.00
97280.00
97380.00
97640.00
97900.00
97900.00
97720.00
98120.00
98820.00
99140.00
100480.00
101900.00
102700.00
103600.00
104500.00
104700.00
104000.00
103600.00
102400.00
101260.00
100560.00
100660.00
100560.00
100860.00
101100.00
100840.00
100440.00
100060.00
99740.00
99320.00
99240.00
99320.00
99400.00
99220.00
99240.00
98960.00
98300.00
98180.00
98240.00
98360.00
98460.00
99140.00
99560.00
100200.00
100440.00
100380.00
100000.00
98720.00
97200.00
95480.00
93840.00
92100.00
90420.00
88740.00
87720.00
86940.00
86300.00
86060.00
85860.00
85720.00
85540.00
85280.00
85100.00
84920.00
84660.00
84540.00
84380.00
84340.00
84260.00
84440.00
84440.00
84520.00
84340.00
84200.00
84020.00
84140.00
84200.00
84320.00
84360.00
84300.00
83800.00
83520.00
83240.00
83140.00
82800.00
82420.00
81900.00
81540.00
80780.00
80160.00
79780.00
79540.00
79620.00
79600.00
79880.00
79980.00
79660.00
79140.00
79020.00
78820.00
78500.00
78300.00
77720.00
76940.00
76120.00
75400.00
74820.00
74240.00
73500.00
72520.00
71560.00
70960.00
70560.00
70340.00
70360.00
70520.00
70140.00
70180.00
70420.00
70440.00
70700.00
71040.00
70700.00
70200.00
70280.00
71080.00
72500.00
73920.00
75560.00
76880.00
76860.00
76280.00
76400.00
76260.00
76600.00
77180.00
78000.00
78360.00
78860.00
78800.00
78800.00
78560.00
78560.00
78300.00
77800.00
77780.00
77700.00
77080.00
76600.00
76340.00
76020.00
75440.00
75420.00
75620.00
75680.00
75840.00
76160.00
76840.00
77360.00
77780.00
77720.00
77680.00
77060.00
76540.00
76180.00
75700.00
75260.00
74760.00
74700.00
74620.00
75360.00
76220.00
77000.00
77140.00
77180.00
77220.00
77320.00
77620.00
78220.00
78800.00
78480.00
78660.00
79380.00
80000.00
80580.00
82000.00
82720.00
82620.00
82500.00
82320.00
81800.00
81560.00
81880.00
81960.00
82380.00
82900.00
83240.00
83020.00
83080.00
83060.00
82820.00
82580.00
82560.00
82380.00
82240.00
82020.00
82140.00
