26600.00
27100.00
27480.00
28300.00
29000.00
29770.00
30590.00
31310.00
31630.00
31680.00
31470.00
31260.00
31210.00
31260.00
31420.00
31330.00
31280.00
31170.00
31240.00
31650.00
32150.00
32380.00
32690.00
32810.00
32470.00
32100.00
31750.00
31360.00
30920.00
30510.00
30280.00
30080.00
30060.00
29990.00
29210.00
28230.00
27310.00
26200.00
24970.00
24510.00
24140.00
23830.00
23570.00
23620.00
23410.00
23410.00
23360.00
23220.00
22930.00
23030.00
22980.00
22890.00
22860.00
22820.00
22870.00
23000.00
23070.00
23220.00
23400.00
23470.00
23470.00
23490.00
23470.00
23520.00
23440.00
23560.00
23750.00
23900.00
24120.00
24420.00
24610.00
24630.00
24720.00
24650.00
24460.00
24080.00
23740.00
23350.00
23010.00
22680.00
22510.00
22260.00
21860.00
21360.00
21050.00
20750.00
20660.00
20790.00
20900.00
20940.00
21040.00
21020.00
20870.00
20800.00
20760.00
20540.00
20350.00
20250.00
20210.00
20160.00
20270.00
20480.00
20690.00
20950.00
21230.00
21440.00
21650.00
21840.00
22030.00
22270.00
22450.00
22660.00
23080.00
23270.00
23340.00
23410.00
23390.00
23250.00
23200.00
23090.00
23040.00
22980.00
22640.00
22330.00
22090.00
21930.00
21800.00
21810.00
21700.00
21580.00
21420.00
21310.00
21140.00
21120.00
21060.00
20900.00
20490.00
19900.00
19380.00
19020.00
18550.00
18330.00
17930.00
17310.00
16790.00
16580.00
16310.00
16650.00
17240.00
17610.00
18030.00
18640.00
19020.00
19350.00
19680.00
19810.00
19610.00
19500.00
19470.00
19530.00
19640.00
19860.00
19940.00
19930.00
19840.00
19730.00
19670.00
19980.00
20370.00
20940.00
21410.00
21940.00
22240.00
22590.00
23540.00
24360.00
24520.00
24690.00
24690.00
23840.00
23230.00
23350.00
23330.00
22860.00
22460.00
22080.00
21560.00
21310.00
21550.00
21810.00
21940.00
22120.00
21860.00
21670.00
21310.00
21130.00
20770.00
20680.00
20460.00
20300.00
20000.00
19880.00
19800.00
19830.00
20110.00
20390.00
20640.00
20840.00
20970.00
20910.00
20940.00
21060.00
21110.00
21090.00
20950.00
20710.00
20410.00
20190.00
19970.00
19880.00
19810.00
19660.00
19590.00
19530.00
19430.00
19360.00
19270.00
19080.00
18910.00
18920.00
18990.00
19160.00
19430.00
19740.00
19900.00
19980.00
19950.00
19750.00
19610.00
19500.00
19350.00
