55580.00
55520.00
55400.00
55480.00
55400.00
55540.00
55760.00
56120.00
56520.00
56860.00
56820.00
56620.00
56500.00
56440.00
56460.00
56600.00
56700.00
56920.00
57000.00
57080.00
57280.00
57500.00
57400.00
57340.00
57360.00
57340.00
57520.00
57980.00
58580.00
59020.00
59220.00
59520.00
59620.00
59500.00
59500.00
59620.00
59460.00
59440.00
59580.00
59740.00
60460.00
61200.00
61900.00
62680.00
63200.00
63120.00
62740.00
62160.00
61660.00
61440.00
60900.00
60700.00
61080.00
61240.00
61040.00
61320.00
61340.00
60680.00
59900.00
59140.00
58480.00
58040.00
57880.00
57880.00
58080.00
57960.00
57880.00
57680.00
57320.00
56960.00
57040.00
57260.00
57480.00
57640.00
57940.00
58020.00
57840.00
57700.00
57540.00
57280.00
57200.00
57080.00
56940.00
56520.00
55940.00
55500.00
55020.00
54380.00
54060.00
53780.00
53160.00
52780.00
52660.00
52560.00
52560.00
52460.00
52240.00
51980.00
52040.00
52360.00
52800.00
53340.00
53820.00
54180.00
54300.00
54060.00
54240.00
54000.00
53560.00
53180.00
53220.00
52700.00
52740.00
52780.00
52820.00
52780.00
52700.00
52700.00
52960.00
53100.00
53300.00
53640.00
53500.00
53260.00
53160.00
52980.00
52880.00
52900.00
53060.00
53120.00
53420.00
53820.00
54140.00
54340.00
54660.00
54760.00
54600.00
54540.00
54520.00
54380.00
54140.00
53980.00
53680.00
52980.00
52360.00
51980.00
51520.00
51380.00
51400.00
51440.00
51140.00
50980.00
50780.00
50660.00
50500.00
50480.00
50420.00
50230.00
50080.00
50100.00
50120.00
50040.00
50020.00
49970.00
49800.00
49680.00
49630.00
49720.00
49780.00
49850.00
50050.00
50220.00
50300.00
50480.00
50560.00
50620.00
50600.00
50640.00
50470.00
50350.00
50210.00
50080.00
49840.00
49770.00
49810.00
49970.00
50260.00
50460.00
50390.00
50430.00
50290.00
50110.00
49950.00
50040.00
49830.00
49570.00
49380.00
49240.00
49100.00
49020.00
49040.00
49020.00
49100.00
49380.00
49480.00
49620.00
49630.00
49610.00
49460.00
49460.00
49420.00
49420.00
49380.00
49230.00
49060.00
48800.00
48690.00
48610.00
48500.00
48440.00
48460.00
48330.00
48160.00
47970.00
47940.00
47840.00
47870.00
47950.00
48220.00
48440.00
48730.00
48880.00
49010.00
48990.00
48760.00
48560.00
48440.00
48280.00
48240.00
48190.00
47980.00
