5364.00
5318.00
5358.00
5392.00
5388.00
5388.00
5392.00
5380.00
5394.00
5464.00
5622.00
5786.00
5962.00
6250.00
6500.00
6808.00
7104.00
7312.00
7374.00
7418.00
7314.00
7234.00
7218.00
7180.00
7114.00
6978.00
6832.00
6678.00
6572.00
6482.00
6398.00
6268.00
6174.00
6110.00
6040.00
6010.00
6040.00
6036.00
5976.00
5952.00
5946.00
5946.00
5952.00
5994.00
6010.00
6028.00
6058.00
6114.00
6136.00
6178.00
6166.00
6128.00
6044.00
5960.00
5882.00
5838.00
5782.00
5772.00
5796.00
5824.00
5856.00
5880.00
5880.00
5880.00
5880.00
5860.00
5818.00
5780.00
5710.00
5640.00
5550.00
5484.00
5376.00
5300.00
5210.00
5170.00
5130.00
5138.00
5140.00
5122.00
5090.00
5051.00
5003.00
4932.00
4882.00
4852.00
4825.00
4803.00
4763.00
4693.00
4566.00
4407.00
4231.00
4102.00
4032.00
3967.00
3944.00
3945.00
3931.00
3894.00
3890.00
3876.00
3863.00
3889.00
3966.00
4050.00
4127.00
4189.00
4220.00
4199.00
4169.00
4164.00
4155.00
4122.00
4078.00
4047.00
3998.00
3954.00
3929.00
3911.00
3880.00
3870.00
3824.00
3766.00
3737.00
3713.00
3682.00
3675.00
3675.00
3633.00
3588.00
3542.00
3505.00
3460.00
3423.00
3349.00
3258.00
3148.00
3046.00
2952.00
2881.00
2818.00
2745.00
2672.00
2599.00
2551.00
2513.00
2502.00
2502.00
2522.00
2507.00
2496.00
2499.00
2504.00
2498.00
2637.00
2687.00
2733.00
2761.00
2746.00
2609.00
2562.00
2509.00
2467.00
2470.00
2471.00
2470.00
2465.00
2471.00
2500.00
2537.00
2557.00
2577.00
2593.00
2570.00
2566.00
2558.00
2554.00
2540.00
2530.00
2494.00
2478.00
2462.00
2443.00
2435.00
2423.00
2394.00
2389.00
2437.00
2457.00
2490.00
2519.00
2537.00
2504.00
2483.00
2448.00
2430.00
2400.00
2388.00
2387.00
2400.00
2428.00
2455.00
2486.00
2518.00
2555.00
2572.00
2581.00
2639.00
2867.00
3085.00
3285.00
3437.00
3595.00
3594.00
3546.00
3500.00
3510.00
3462.00
3389.00
3373.00
3357.00
3301.00
3239.00
3157.00
3072.00
3024.00
3015.00
3012.00
3063.00
3099.00
3112.00
3132.00
3147.00
3155.00
3143.00
3135.00
3111.00
3071.00
3034.00
3025.00
