4272.00
4241.00
4201.00
4126.00
4101.00
4098.00
4070.00
4040.00
3975.00
3933.00
3884.00
3863.00
3863.00
3893.00
3891.00
3891.00
3895.00
3895.00
3876.00
3877.00
3924.00
3996.00
4044.00
4193.00
4307.00
4369.00
4459.00
4537.00
4520.00
4542.00
4575.00
4519.00
4471.00
4428.00
4344.00
4275.00
4268.00
4278.00
4279.00
4303.00
4284.00
4247.00
4215.00
4184.00
4160.00
4191.00
4195.00
4191.00
4171.00
4149.00
4102.00
4066.00
4038.00
4027.00
4033.00
4047.00
4080.00
4117.00
4170.00
4233.00
4283.00
4345.00
4403.00
4444.00
4469.00
4497.00
4484.00
4490.00
4485.00
4511.00
4523.00
4514.00
4495.00
4472.00
4398.00
4374.00
4397.00
4425.00
4476.00
4564.00
4594.00
4583.00
4579.00
4575.00
4574.00
4615.00
4590.00
4522.00
4478.00
4430.00
4330.00
4336.00
4356.00
4379.00
4395.00
4426.00
4409.00
4405.00
4376.00
4373.00
4375.00
4434.00
4572.00
4672.00
4824.00
4952.00
5015.00
5031.00
5055.00
4961.00
4918.00
4917.00
4850.00
4780.00
4765.00
4698.00
4614.00
4551.00
4541.00
4482.00
4418.00
4362.00
4260.00
4137.00
4054.00
4010.00
3986.00
4003.00
3990.00
3921.00
3870.00
3828.00
3815.00
3801.00
3815.00
3810.00
3770.00
3656.00
3622.00
3613.00
3609.00
3611.00
3633.00
3547.00
3468.00
3433.00
3399.00
3424.00
3514.00
3580.00
3569.00
3562.00
3555.00
3542.00
3526.00
3538.00
3506.00
3457.00
3428.00
3409.00
3404.00
3431.00
3480.00
3538.00
3611.00
3673.00
3722.00
3751.00
3757.00
3724.00
3696.00
3687.00
3703.00
3713.00
3736.00
3751.00
3734.00
3699.00
3652.00
3597.00
3551.00
3517.00
3498.00
3465.00
3448.00
3433.00
3439.00
3446.00
3508.00
3548.00
3569.00
3600.00
3620.00
3612.00
3622.00
3646.00
3685.00
3717.00
3745.00
3781.00
3818.00
3827.00
3835.00
3846.00
3850.00
3901.00
4037.00
4413.00
4802.00
5140.00
5422.00
5666.00
5740.00
5800.00
5940.00
6020.00
5992.00
5934.00
5830.00
5766.00
5778.00
5826.00
5802.00
5792.00
5638.00
5478.00
5303.00
5185.00
5125.00
5153.00
5205.00
5262.00
5254.00
5258.00
5216.00
5127.00
5069.00
5067.00
5019.00
5045.00
5080.00
