72240.00
73240.00
74420.00
75300.00
76160.00
76960.00
77920.00
78720.00
79140.00
79040.00
79260.00
79280.00
79380.00
79300.00
79580.00
79560.00
79360.00
79520.00
79700.00
79720.00
79780.00
80200.00
80200.00
80340.00
80740.00
81300.00
81740.00
82220.00
82600.00
82960.00
83160.00
83340.00
83540.00
83880.00
83940.00
84180.00
84300.00
84640.00
84560.00
84180.00
84160.00
84160.00
84000.00
84300.00
85100.00
85380.00
85340.00
85100.00
84720.00
84500.00
84120.00
84120.00
84500.00
84860.00
85120.00
85600.00
85940.00
85820.00
85480.00
85040.00
84480.00
84120.00
83980.00
84040.00
84340.00
84720.00
84940.00
84960.00
84340.00
83520.00
82780.00
82180.00
82120.00
82960.00
83800.00
84480.00
85260.00
85740.00
85960.00
86220.00
86840.00
87240.00
87580.00
87860.00
87780.00
87580.00
87320.00
86700.00
86060.00
85580.00
84600.00
83860.00
83300.00
82800.00
81940.00
81540.00
80980.00
80480.00
79940.00
79920.00
80040.00
80720.00
81960.00
83460.00
85160.00
86640.00
87660.00
88240.00
88900.00
89300.00
89500.00
89580.00
89720.00
89260.00
88740.00
88620.00
88520.00
88580.00
88980.00
89480.00
89540.00
89680.00
89400.00
88860.00
88400.00
88040.00
87580.00
87220.00
86740.00
85820.00
84940.00
84020.00
83080.00
82420.00
82020.00
81520.00
81220.00
80820.00
80480.00
80160.00
79740.00
79220.00
78120.00
76480.00
75280.00
74580.00
73820.00
74080.00
74380.00
74220.00
73760.00
73340.00
72860.00
72920.00
73620.00
74360.00
75320.00
75740.00
76500.00
76920.00
77680.00
78200.00
79640.00
81240.00
82420.00
83340.00
84220.00
85000.00
85340.00
86240.00
87060.00
87860.00
88200.00
88300.00
88200.00
87920.00
87700.00
87680.00
87880.00
87980.00
88320.00
88700.00
88640.00
88740.00
88820.00
88780.00
88640.00
88860.00
89060.00
89180.00
89360.00
89440.00
89360.00
88860.00
88320.00
87760.00
87380.00
87020.00
86640.00
86700.00
86600.00
86580.00
86800.00
87300.00
87280.00
87420.00
87420.00
87500.00
87480.00
87300.00
87060.00
86620.00
85880.00
85020.00
84200.00
83460.00
82960.00
81920.00
81320.00
80580.00
79720.00
78500.00
77880.00
77140.00
76600.00
75820.00
75320.00
74800.00
74240.00
74040.00
73840.00
73860.00
73900.00
73840.00
73880.00
75040.00
75940.00
76660.00
77520.00
78220.00
78160.00
