5650.00
5612.00
5552.00
5482.00
5418.00
5390.00
5328.00
5290.00
5274.00
5262.00
5262.00
5238.00
5234.00
5228.00
5244.00
5230.00
5262.00
5284.00
5300.00
5290.00
5306.00
5304.00
5302.00
5300.00
5298.00
5308.00
5318.00
5322.00
5326.00
5324.00
5312.00
5304.00
5300.00
5294.00
5296.00
5304.00
5308.00
5314.00
5316.00
5316.00
5308.00
5306.00
5306.00
5306.00
5308.00
5322.00
5336.00
5382.00
5472.00
5522.00
5518.00
5520.00
5502.00
5448.00
5432.00
5452.00
5466.00
5468.00
5478.00
5528.00
5552.00
5592.00
5624.00
5658.00
5676.00
5774.00
5816.00
5886.00
5946.00
5996.00
5992.00
6026.00
6034.00
6030.00
5962.00
5918.00
5852.00
5802.00
5746.00
5726.00
5688.00
5668.00
5636.00
5576.00
5546.00
5518.00
5484.00
5410.00
5416.00
5410.00
5406.00
5414.00
5456.00
5446.00
5446.00
5442.00
5424.00
5396.00
5414.00
5408.00
5380.00
5378.00
5398.00
5396.00
5380.00
5408.00
5428.00
5438.00
5432.00
5454.00
5456.00
5444.00
5430.00
5432.00
5422.00
5404.00
5390.00
5392.00
5384.00
5376.00
5382.00
5382.00
5372.00
5362.00
5358.00
5350.00
5354.00
5348.00
5342.00
5342.00
5336.00
5330.00
5320.00
5320.00
5316.00
5304.00
5286.00
5212.00
5121.00
5021.00
4958.00
4892.00
4853.00
4811.00
4800.00
4784.00
4773.00
4802.00
4804.00
4781.00
4706.00
4657.00
4589.00
4589.00
4589.00
4602.00
4604.00
4614.00
4594.00
4570.00
4577.00
4561.00
4559.00
4579.00
4623.00
4653.00
4680.00
4724.00
4766.00
4786.00
4805.00
4825.00
4845.00
4845.00
4824.00
4804.00
4799.00
4776.00
4750.00
4749.00
4737.00
4711.00
4685.00
4672.00
4658.00
4634.00
4621.00
4593.00
4568.00
4562.00
4565.00
4578.00
4593.00
4597.00
4575.00
4569.00
4565.00
4560.00
4558.00
4574.00
4578.00
4578.00
4584.00
4594.00
4586.00
4597.00
4594.00
4598.00
4579.00
4587.00
4571.00
4528.00
4490.00
4452.00
4396.00
4374.00
4401.00
4421.00
4455.00
4481.00
4491.00
4491.00
4498.00
4510.00
4497.00
4489.00
4495.00
4483.00
4472.00
4490.00
4489.00
4480.00
4488.00
4496.00
4510.00
4541.00
4576.00
4590.00
4599.00
4624.00
4715.00
