6552.00
6522.00
6540.00
6566.00
6520.00
6606.00
6662.00
6700.00
6732.00
6806.00
6806.00
6866.00
6938.00
7034.00
7142.00
7208.00
7222.00
7242.00
7244.00
7226.00
7198.00
7186.00
7198.00
7260.00
7400.00
7544.00
7658.00
7724.00
7764.00
7706.00
7632.00
7564.00
7516.00
7436.00
7340.00
7276.00
7240.00
7208.00
7156.00
7146.00
7132.00
7112.00
7076.00
7078.00
7082.00
7090.00
7100.00
7118.00
7120.00
7128.00
7112.00
7102.00
7098.00
7102.00
7118.00
7174.00
7212.00
7264.00
7310.00
7346.00
7362.00
7380.00
7382.00
7368.00
7360.00
7342.00
7324.00
7308.00
7266.00
7224.00
7188.00
7156.00
7130.00
7134.00
7128.00
7138.00
7160.00
7196.00
7228.00
7234.00
7216.00
7176.00
7112.00
7054.00
7028.00
7022.00
7076.00
7116.00
7180.00
7228.00
7214.00
7166.00
7152.00
7104.00
7058.00
7082.00
7126.00
7160.00
7198.00
7224.00
7232.00
7234.00
7236.00
7286.00
7380.00
7488.00
7558.00
7642.00
7680.00
7676.00
7684.00
7692.00
7678.00
7634.00
7582.00
7538.00
7472.00
7434.00
7474.00
7512.00
7480.00
7470.00
7398.00
7270.00
7182.00
7146.00
7136.00
7146.00
7154.00
7136.00
7084.00
7020.00
7038.00
7050.00
7074.00
7074.00
7056.00
6926.00
6832.00
6734.00
6670.00
6628.00
6586.00
6498.00
6444.00
6432.00
6402.00
6468.00
6596.00
6736.00
6846.00
7024.00
7142.00
7236.00
7270.00
7324.00
7266.00
7218.00
7178.00
7148.00
7110.00
7166.00
7220.00
7272.00
7340.00
7380.00
7468.00
7580.00
7758.00
7934.00
8120.00
8180.00
8234.00
8226.00
8256.00
8278.00
8278.00
8264.00
8258.00
8164.00
8060.00
7962.00
7846.00
7706.00
7622.00
7540.00
7536.00
7552.00
7584.00
7614.00
7632.00
7642.00
7636.00
7620.00
7576.00
7548.00
7506.00
7482.00
7424.00
7364.00
7314.00
7312.00
7316.00
7364.00
7398.00
7430.00
7414.00
7372.00
7324.00
7338.00
7280.00
7248.00
7218.00
7186.00
7104.00
7068.00
7028.00
7004.00
6974.00
6944.00
6924.00
6874.00
6812.00
6736.00
6676.00
6632.00
6612.00
6622.00
6634.00
6648.00
6684.00
6712.00
6742.00
6784.00
6806.00
6796.00
6758.00
6698.00
6654.00
6642.00
6658.00
