13160.00
13110.00
13100.00
13100.00
13070.00
13050.00
13020.00
13020.00
13000.00
13030.00
13040.00
13080.00
13140.00
13160.00
13160.00
13170.00
13170.00
13150.00
13150.00
13200.00
13270.00
13390.00
13550.00
13710.00
13850.00
14000.00
14060.00
14100.00
14140.00
14110.00
14080.00
14170.00
14190.00
14220.00
14190.00
14180.00
14080.00
14100.00
14090.00
14190.00
14260.00
14310.00
14250.00
14230.00
14210.00
14190.00
14220.00
14350.00
14410.00
14500.00
14550.00
14600.00
14560.00
14510.00
14440.00
14440.00
14400.00
14360.00
14350.00
14350.00
14330.00
14450.00
14670.00
14860.00
15030.00
15190.00
15210.00
15120.00
15010.00
14890.00
14770.00
14670.00
14590.00
14600.00
14570.00
14570.00
14600.00
14680.00
14740.00
14870.00
15120.00
15220.00
15330.00
15470.00
15860.00
16250.00
16670.00
17010.00
17260.00
17270.00
17180.00
17040.00
16960.00
16890.00
17000.00
16980.00
16990.00
16960.00
16980.00
16820.00
16770.00
16850.00
16980.00
17080.00
17070.00
16980.00
17300.00
17670.00
18280.00
18960.00
19710.00
19990.00
20220.00
20150.00
20100.00
19880.00
19660.00
19300.00
19040.00
18610.00
18320.00
18070.00
17840.00
17550.00
17400.00
17280.00
17200.00
17080.00
16980.00
16870.00
16740.00
16580.00
16520.00
16450.00
16330.00
16170.00
15980.00
15710.00
15440.00
15230.00
15050.00
14910.00
14730.00
14470.00
14230.00
14050.00
13870.00
13830.00
13850.00
13870.00
13720.00
13590.00
13530.00
13540.00
13550.00
13660.00
13630.00
13530.00
13410.00
13300.00
13230.00
13320.00
13470.00
13740.00
13910.00
14060.00
14130.00
14150.00
14070.00
14110.00
14160.00
14190.00
14180.00
14200.00
14150.00
14020.00
13860.00
13800.00
13670.00
13590.00
13670.00
13780.00
13770.00
13830.00
13850.00
13800.00
13780.00
13830.00
13850.00
13930.00
13970.00
14000.00
14060.00
14110.00
14110.00
14120.00
14180.00
14210.00
14230.00
14250.00
14270.00
14240.00
14390.00
14520.00
14710.00
14870.00
14990.00
14960.00
15010.00
15010.00
15010.00
15030.00
15040.00
14960.00
14820.00
14740.00
14710.00
14630.00
14590.00
14630.00
14610.00
14580.00
14500.00
14410.00
14280.00
14230.00
14170.00
14190.00
14150.00
14150.00
13980.00
13780.00
13630.00
13550.00
13460.00
13500.00
13600.00
13650.00
13730.00
13680.00
13620.00
