10510.00
10590.00
10660.00
10720.00
10790.00
10890.00
10940.00
10950.00
10920.00
10900.00
10950.00
11040.00
11350.00
11680.00
11920.00
12010.00
12090.00
12040.00
11990.00
11950.00
11910.00
11830.00
11750.00
11680.00
11700.00
11830.00
11990.00
12240.00
12850.00
13540.00
14160.00
14780.00
15120.00
15130.00
14860.00
14760.00
14540.00
14450.00
14400.00
14600.00
14650.00
14730.00
14920.00
14940.00
15040.00
15170.00
15410.00
15570.00
15590.00
15260.00
14740.00
14250.00
13700.00
13250.00
12990.00
12810.00
12610.00
12520.00
12620.00
12600.00
12740.00
12910.00
13000.00
13000.00
13170.00
13410.00
13600.00
13750.00
13880.00
14030.00
13960.00
13850.00
13780.00
13690.00
13540.00
13420.00
13300.00
13340.00
13460.00
13410.00
13290.00
12950.00
12560.00
12050.00
11720.00
11520.00
11500.00
11380.00
11360.00
11340.00
11340.00
11070.00
10860.00
10630.00
10410.00
10110.00
10250.00
10440.00
10630.00
10770.00
11010.00
11230.00
11360.00
11540.00
11720.00
11850.00
11850.00
11900.00
11920.00
11920.00
11910.00
11880.00
11820.00
11740.00
11700.00
11630.00
11610.00
11670.00
11730.00
11710.00
11710.00
11790.00
11670.00
11500.00
11380.00
11290.00
11200.00
11230.00
11310.00
11350.00
11350.00
11310.00
11280.00
11250.00
11220.00
11130.00
11010.00
10750.00
10530.00
10330.00
10174.00
9992.00
9754.00
9464.00
9170.00
9094.00
9052.00
9360.00
9720.00
10074.00
10226.00
10380.00
10430.00
10440.00
10450.00
10450.00
10368.00
10228.00
10118.00
10038.00
9998.00
10030.00
10300.00
10560.00
10790.00
11000.00
11270.00
11240.00
11250.00
11340.00
11410.00
11450.00
11530.00
11560.00
11510.00
11490.00
11360.00
11200.00
11140.00
11100.00
11040.00
11000.00
10990.00
10820.00
10750.00
10610.00
10590.00
10620.00
10750.00
10810.00
10920.00
11000.00
11040.00
11030.00
10980.00
11020.00
11010.00
11040.00
11050.00
11170.00
11310.00
11480.00
11620.00
11790.00
11820.00
11670.00
11560.00
11460.00
11290.00
11120.00
10980.00
10750.00
10476.00
10202.00
9946.00
9728.00
9622.00
9582.00
9620.00
9700.00
9868.00
9964.00
9978.00
9952.00
9886.00
9752.00
9642.00
9646.00
9690.00
9774.00
9908.00
10018.00
10054.00
10102.00
10240.00
10280.00
10310.00
10288.00
10318.00
10258.00
10228.00
