40310.00
40490.00
40670.00
40940.00
40930.00
41030.00
40950.00
40780.00
40510.00
40380.00
40140.00
40120.00
40150.00
40720.00
41320.00
42020.00
42380.00
42790.00
42760.00
42630.00
42310.00
42160.00
41510.00
41160.00
40810.00
40520.00
40570.00
41820.00
42590.00
43390.00
44170.00
44630.00
44590.00
44630.00
44520.00
44880.00
45410.00
45650.00
45880.00
46270.00
46210.00
46210.00
46100.00
46070.00
46220.00
46730.00
46910.00
47180.00
47240.00
46990.00
46200.00
45470.00
44730.00
44020.00
43620.00
43690.00
43610.00
43780.00
44210.00
44460.00
44390.00
44480.00
44460.00
44420.00
44500.00
44530.00
44820.00
45020.00
44880.00
44640.00
44740.00
44640.00
44350.00
44180.00
43880.00
43410.00
42960.00
42760.00
42690.00
42570.00
42210.00
41630.00
41040.00
40320.00
39650.00
39230.00
38940.00
38530.00
38030.00
37450.00
36870.00
36150.00
35560.00
35430.00
35590.00
35520.00
35550.00
35610.00
35400.00
35130.00
35170.00
35370.00
35440.00
35670.00
35950.00
36180.00
36230.00
36540.00
36760.00
36930.00
37090.00
37240.00
37140.00
37150.00
37070.00
37020.00
37110.00
37130.00
36990.00
36860.00
36720.00
36490.00
36260.00
36590.00
37250.00
37840.00
38560.00
39100.00
39090.00
38750.00
38350.00
38010.00
37960.00
37890.00
37630.00
37290.00
36680.00
35880.00
35150.00
34670.00
34260.00
33940.00
33300.00
32690.00
32460.00
32570.00
32680.00
33120.00
33260.00
33200.00
32710.00
32390.00
32360.00
32800.00
33240.00
33730.00
33880.00
33900.00
33780.00
33420.00
33280.00
33320.00
33460.00
33650.00
33850.00
33880.00
33860.00
33890.00
34030.00
34170.00
34390.00
34770.00
34880.00
34770.00
34720.00
34860.00
34870.00
34810.00
34670.00
34460.00
34170.00
33710.00
33300.00
33050.00
32910.00
32400.00
32040.00
31930.00
31920.00
32020.00
32350.00
33080.00
33750.00
34310.00
34460.00
34850.00
34750.00
34630.00
34430.00
34450.00
34180.00
34110.00
34350.00
34620.00
35020.00
35500.00
35840.00
35690.00
35690.00
35480.00
35840.00
36370.00
37280.00
37960.00
38580.00
38540.00
38520.00
38160.00
37920.00
37700.00
37500.00
37100.00
36920.00
36670.00
36540.00
36440.00
36390.00
36280.00
36380.00
36430.00
36540.00
36480.00
36450.00
36120.00
35880.00
35520.00
35330.00
34950.00
34640.00
34350.00
34260.00
