39970.00
40580.00
40870.00
40870.00
40860.00
40570.00
40050.00
39190.00
38220.00
37500.00
36670.00
36080.00
35610.00
35360.00
35050.00
34640.00
34280.00
34140.00
34120.00
34220.00
34550.00
34840.00
35060.00
35330.00
35640.00
35950.00
36550.00
37250.00
37730.00
38120.00
38600.00
38550.00
38440.00
38900.00
39010.00
38960.00
39050.00
39270.00
38880.00
38650.00
38380.00
38070.00
37540.00
37100.00
37140.00
37040.00
36730.00
36770.00
36680.00
36810.00
37000.00
37880.00
38590.00
39300.00
39440.00
39750.00
39510.00
39090.00
38940.00
38760.00
38350.00
38110.00
37850.00
37480.00
37320.00
37220.00
37290.00
37430.00
37720.00
37900.00
38140.00
38220.00
38210.00
38030.00
37670.00
37290.00
37130.00
37110.00
36870.00
36970.00
37000.00
36410.00
35870.00
35260.00
34610.00
34090.00
34040.00
34000.00
34250.00
34220.00
34280.00
34280.00
34390.00
34440.00
34490.00
34340.00
34130.00
33810.00
33450.00
33200.00
33070.00
33090.00
33260.00
33620.00
33950.00
34290.00
34610.00
34550.00
34390.00
34230.00
34050.00
33830.00
33670.00
33350.00
33030.00
32720.00
32180.00
31670.00
31330.00
31020.00
30550.00
30340.00
29920.00
29490.00
29030.00
28730.00
28400.00
28370.00
28480.00
28640.00
28770.00
29050.00
29400.00
29600.00
29740.00
29900.00
29750.00
29400.00
29330.00
29270.00
29150.00
29210.00
29230.00
28890.00
28420.00
28050.00
27730.00
27660.00
27750.00
28390.00
29040.00
29710.00
30440.00
31130.00
31310.00
31450.00
31470.00
31360.00
31280.00
31300.00
31280.00
31240.00
31630.00
32410.00
32950.00
33490.00
33960.00
34030.00
33540.00
33190.00
32910.00
33100.00
33310.00
33760.00
34250.00
34760.00
34830.00
34900.00
34820.00
35010.00
35050.00
35060.00
34990.00
34980.00
34820.00
34700.00
34660.00
34730.00
34820.00
34950.00
35000.00
35120.00
35260.00
35310.00
35310.00
35370.00
35350.00
35140.00
34890.00
34480.00
34180.00
33930.00
33700.00
33520.00
33600.00
33620.00
33630.00
33500.00
33370.00
33150.00
33280.00
33430.00
33770.00
34020.00
34210.00
34150.00
34110.00
34110.00
34130.00
34230.00
34260.00
34320.00
34160.00
34090.00
34030.00
33990.00
33840.00
33790.00
33680.00
33570.00
33460.00
33360.00
33210.00
33010.00
32820.00
32600.00
32390.00
32240.00
32090.00
31840.00
31680.00
