7252.00
7212.00
7186.00
7176.00
7162.00
7176.00
7166.00
7176.00
7238.00
7334.00
7426.00
7510.00
7610.00
7686.00
7742.00
7768.00
7786.00
7786.00
7732.00
7680.00
7650.00
7632.00
7620.00
7686.00
7742.00
7790.00
7938.00
8112.00
8240.00
8264.00
8278.00
8168.00
8002.00
7840.00
7730.00
7652.00
7620.00
7606.00
7556.00
7546.00
7510.00
7506.00
7524.00
7584.00
7650.00
7782.00
7918.00
7982.00
8016.00
8082.00
8060.00
8036.00
8044.00
8060.00
8034.00
8060.00
8070.00
8090.00
8122.00
8154.00
8174.00
8146.00
8128.00
8128.00
8190.00
8218.00
8240.00
8282.00
8316.00
8302.00
8346.00
8444.00
8524.00
8588.00
8596.00
8534.00
8416.00
8296.00
8166.00
8054.00
7986.00
7900.00
7832.00
7772.00
7762.00
7712.00
7656.00
7570.00
7474.00
7368.00
7330.00
7302.00
7278.00
7264.00
7268.00
7220.00
7198.00
7148.00
7114.00
7066.00
7068.00
7086.00
7150.00
7242.00
7316.00
7386.00
7524.00
7650.00
7654.00
7678.00
7686.00
7608.00
7522.00
7514.00
7470.00
7436.00
7410.00
7402.00
7384.00
7402.00
7400.00
7404.00
7338.00
7270.00
7204.00
7154.00
7088.00
7072.00
7088.00
7078.00
7068.00
7070.00
7108.00
7110.00
7132.00
7118.00
7118.00
7056.00
7020.00
6964.00
6912.00
6820.00
6700.00
6556.00
6416.00
6314.00
6236.00
6220.00
6234.00
6262.00
6244.00
6252.00
6278.00
6320.00
6336.00
6358.00
6330.00
6292.00
6228.00
6202.00
6208.00
6236.00
6274.00
6304.00
6316.00
6310.00
6274.00
6244.00
6222.00
6216.00
6230.00
6266.00
6302.00
6328.00
6336.00
6326.00
6304.00
6260.00
6236.00
6204.00
6178.00
6160.00
6124.00
6054.00
6002.00
5942.00
5898.00
5896.00
5932.00
5968.00
6010.00
6024.00
6010.00
5990.00
5948.00
5884.00
5848.00
5844.00
5836.00
5820.00
5828.00
5844.00
5918.00
5968.00
6042.00
6108.00
6168.00
6158.00
6170.00
6196.00
6256.00
6306.00
6320.00
6300.00
6254.00
6186.00
6120.00
6076.00
6084.00
6088.00
6072.00
6062.00
6058.00
6010.00
5996.00
5994.00
5974.00
5948.00
5954.00
5948.00
5922.00
5922.00
5938.00
5946.00
5948.00
5988.00
6022.00
6050.00
6104.00
6122.00
6126.00
