27706.60
27493.18
27561.08
27434.96
27347.64
27279.72
27677.46
27842.38
28434.16
30752.76
32838.52
34769.06
36670.50
39163.70
39629.34
40279.32
40415.14
40580.06
39774.86
39280.10
38814.44
38746.54
38494.30
38397.28
38096.54
37727.90
37174.92
37019.70
36680.16
36330.92
36020.48
36098.10
35894.38
35797.38
35244.42
35050.40
34798.16
34798.16
34623.52
35108.58
35050.36
34798.14
34119.06
33604.90
32760.90
32159.44
31664.68
31654.98
31373.66
31257.24
31140.82
30888.58
30296.80
30054.26
30044.56
30190.08
30277.40
30733.36
31082.60
31266.92
31305.72
31305.72
31102.00
31247.52
31422.14
31402.74
31383.32
31470.62
31276.60
31596.74
32295.22
33061.62
33410.86
33798.90
33391.46
32770.60
32217.64
32110.94
32081.84
32217.64
32314.64
31946.00
31422.12
30306.48
29384.88
28657.30
28172.24
27784.20
27735.70
27609.58
27483.46
27415.54
27134.20
26862.56
27095.40
27095.40
27240.92
27512.56
28026.74
28114.04
28240.16
28434.18
28734.92
28948.34
28919.24
28570.00
27978.24
27910.32
27929.72
28094.64
29006.54
29840.84
29966.96
30005.76
29986.36
29639.10
29684.36
29856.64
30119.52
30440.00
30790.00
31170.00
31210.00
31420.00
31650.00
31930.00
32030.00
32170.00
31950.00
31500.00
32440.00
33480.00
34740.00
35490.00
36300.00
35780.00
35140.00
33860.00
33070.00
32470.00
31630.00
31120.00
30630.00
29850.00
29410.00
29390.00
29140.00
29750.00
30980.00
31890.00
32410.00
32990.00
33680.00
33940.00
33980.00
34100.00
34290.00
34490.00
34710.00
34810.00
35070.00
35030.00
34690.00
34480.00
34760.00
34730.00
34760.00
34680.00
34650.00
34400.00
34140.00
33870.00
33660.00
33500.00
33530.00
33720.00
33580.00
33370.00
33000.00
32490.00
31920.00
31650.00
31260.00
30930.00
30730.00
30500.00
30320.00
30490.00
31160.00
31360.00
31520.00
31600.00
31530.00
31040.00
30800.00
30600.00
30460.00
30540.00
30560.00
30590.00
30640.00
30770.00
30760.00
30510.00
30270.00
29920.00
29650.00
29210.00
28970.00
29050.00
29170.00
29190.00
29390.00
29560.00
29110.00
28580.00
28170.00
27800.00
27540.00
27620.00
27750.00
27760.00
27490.00
27230.00
26790.00
26670.00
26440.00
26300.00
26300.00
26490.00
26500.00
26640.00
26910.00
27020.00
27000.00
26940.00
26800.00
26590.00
26420.00
26530.00
26810.00
