49220.00
48400.00
47870.00
47750.00
47490.00
47410.00
47710.00
47740.00
47690.00
48130.00
48460.00
48500.00
48640.00
48300.00
47980.00
47530.00
47280.00
47210.00
47330.00
47630.00
47210.00
46570.00
45910.00
45660.00
45590.00
46090.00
47030.00
48120.00
48750.00
49440.00
50420.00
51090.00
52120.00
53640.00
54360.00
55400.00
56500.00
57580.00
58860.00
60140.00
61100.00
62440.00
63680.00
64040.00
64720.00
65680.00
65860.00
66600.00
67840.00
69400.00
70240.00
71920.00
72820.00
73520.00
74480.00
75880.00
76280.00
75820.00
75680.00
74800.00
74220.00
74060.00
75000.00
75900.00
77220.00
78160.00
79560.00
79700.00
79040.00
78260.00
77540.00
76960.00
77440.00
78380.00
79020.00
79880.00
80540.00
80600.00
80860.00
81220.00
80840.00
79660.00
79200.00
78580.00
77700.00
77460.00
78360.00
79780.00
81360.00
82600.00
84100.00
84620.00
84280.00
83520.00
83040.00
82040.00
80860.00
79740.00
78420.00
77120.00
76000.00
76160.00
76300.00
77300.00
78640.00
79900.00
81120.00
82220.00
82560.00
82900.00
83000.00
82400.00
81500.00
81080.00
80000.00
78900.00
77920.00
77360.00
77020.00
76860.00
76980.00
76660.00
76000.00
74600.00
73800.00
72780.00
72260.00
71460.00
71120.00
70320.00
70000.00
69440.00
69560.00
69440.00
69320.00
68860.00
68240.00
67120.00
66720.00
66660.00
66580.00
66280.00
66100.00
65200.00
64180.00
63460.00
63300.00
63540.00
64060.00
63600.00
62700.00
60720.00
58780.00
56340.00
55220.00
54400.00
53980.00
54440.00
55320.00
56000.00
56440.00
57380.00
57480.00
57640.00
57600.00
57440.00
57160.00
56900.00
56640.00
57080.00
57660.00
58680.00
59340.00
60540.00
60980.00
61220.00
61260.00
60840.00
59500.00
58660.00
58300.00
57720.00
57220.00
57320.00
57340.00
57060.00
57080.00
57740.00
57460.00
57100.00
57280.00
57400.00
57180.00
57800.00
58200.00
58140.00
57860.00
57760.00
57580.00
57440.00
57380.00
58100.00
58940.00
59500.00
60520.00
61300.00
61540.00
61180.00
60500.00
59800.00
59300.00
58540.00
58200.00
57740.00
56360.00
55000.00
53460.00
52060.00
51440.00
51400.00
51280.00
51540.00
51720.00
51840.00
51980.00
52300.00
52300.00
52540.00
52640.00
52640.00
52800.00
52820.00
52500.00
52380.00
52280.00
52020.00
52400.00
52940.00
53080.00
53400.00
53460.00
