4700.00
4721.00
4749.00
4797.00
4821.00
4858.00
4862.00
4889.00
4909.00
4897.00
4885.00
4903.00
4892.00
4908.00
4952.00
4991.00
5009.00
5008.00
4995.00
5013.00
5035.00
5061.00
5093.00
5116.00
5112.00
5086.00
5090.00
5090.00
5074.00
5048.00
5032.00
5006.00
4989.00
4987.00
4956.00
4954.00
4922.00
4883.00
4841.00
4837.00
4802.00
4776.00
4768.00
4763.00
4744.00
4740.00
4756.00
4761.00
4750.00
4760.00
4734.00
4691.00
4645.00
4610.00
4577.00
4572.00
4575.00
4582.00
4581.00
4566.00
4551.00
4534.00
4518.00
4508.00
4519.00
4556.00
4580.00
4595.00
4596.00
4587.00
4552.00
4534.00
4517.00
4511.00
4505.00
4499.00
4499.00
4515.00
4526.00
4507.00
4490.00
4458.00
4403.00
4327.00
4272.00
4238.00
4204.00
4178.00
4196.00
4223.00
4209.00
4215.00
4217.00
4202.00
4181.00
4167.00
4126.00
4087.00
4059.00
4034.00
4014.00
3990.00
3972.00
3957.00
3959.00
3954.00
3974.00
3996.00
4004.00
3998.00
4056.00
4079.00
4109.00
4148.00
4211.00
4236.00
4284.00
4334.00
4386.00
4398.00
4398.00
4409.00
4384.00
4354.00
4334.00
4317.00
4295.00
4304.00
4302.00
4285.00
4283.00
4275.00
4263.00
4257.00
4252.00
4213.00
4165.00
4100.00
4029.00
3968.00
3903.00
3831.00
3722.00
3634.00
3539.00
3493.00
3473.00
3522.00
3550.00
3578.00
3564.00
3550.00
3545.00
3561.00
3591.00
3623.00
3640.00
3626.00
3605.00
3587.00
3594.00
3623.00
3661.00
3688.00
3700.00
3691.00
3685.00
3695.00
3713.00
3755.00
3800.00
3842.00
3872.00
3897.00
3913.00
3942.00
3949.00
3943.00
3923.00
3897.00
3852.00
3812.00
3774.00
3749.00
3736.00
3723.00
3720.00
3734.00
3747.00
3748.00
3753.00
3747.00
3734.00
3720.00
3693.00
3684.00
3671.00
3676.00
3677.00
3685.00
3681.00
3684.00
3688.00
3688.00
3701.00
3734.00
3776.00
3842.00
3911.00
3975.00
4016.00
4056.00
4044.00
4033.00
4010.00
3991.00
3981.00
3994.00
4011.00
4026.00
4031.00
4021.00
3977.00
3920.00
3874.00
3836.00
3805.00
3797.00
3806.00
3834.00
3900.00
3958.00
4026.00
4095.00
4154.00
4176.00
4221.00
4273.00
4329.00
4300.00
4257.00
