5232.00
5260.00
5258.00
5300.00
5352.00
5444.00
5520.00
5608.00
5636.00
5674.00
5694.00
5732.00
5796.00
5912.00
6048.00
6240.00
6450.00
6370.00
6174.00
5950.00
5718.00
5424.00
5390.00
5350.00
5242.00
5046.00
4891.00
4790.00
4760.00
4788.00
4839.00
4905.00
4911.00
4896.00
4847.00
4844.00
4822.00
4812.00
4809.00
4810.00
4772.00
4750.00
4755.00
4766.00
4784.00
4868.00
4937.00
4977.00
5012.00
5049.00
4995.00
4943.00
4868.00
4790.00
4751.00
4770.00
4770.00
4791.00
4824.00
4828.00
4788.00
4766.00
4736.00
4722.00
4702.00
4710.00
4690.00
4608.00
4513.00
4421.00
4307.00
4220.00
4186.00
4113.00
4047.00
4012.00
3974.00
3970.00
4004.00
4024.00
4028.00
4010.00
3969.00
3906.00
3841.00
3843.00
3914.00
3921.00
4013.00
4109.00
4143.00
4097.00
4089.00
3998.00
3932.00
3839.00
3782.00
3764.00
3762.00
3743.00
3752.00
3777.00
3795.00
3834.00
3882.00
3924.00
3944.00
3966.00
3966.00
3956.00
3940.00
3927.00
3927.00
3917.00
3894.00
3871.00
3839.00
3811.00
3783.00
3772.00
3746.00
3726.00
3652.00
3573.00
3505.00
3470.00
3453.00
3445.00
3456.00
3449.00
3433.00
3408.00
3413.00
3414.00
3417.00
3389.00
3353.00
3283.00
3216.00
3161.00
3129.00
3096.00
3051.00
2973.00
2908.00
2860.00
2842.00
2868.00
2906.00
2934.00
2940.00
2943.00
2975.00
3061.00
3142.00
3217.00
3245.00
3245.00
3205.00
3176.00
3187.00
3223.00
3266.00
3319.00
3373.00
3407.00
3420.00
3431.00
3436.00
3450.00
3458.00
3492.00
3508.00
3523.00
3491.00
3470.00
3431.00
3401.00
3381.00
3391.00
3404.00
3418.00
3407.00
3356.00
3304.00
3247.00
3204.00
3217.00
3270.00
3314.00
3388.00
3473.00
3513.00
3552.00
3587.00
3599.00
3593.00
3619.00
3679.00
3729.00
3797.00
3871.00
3932.00
3933.00
3927.00
3894.00
3892.00
3939.00
4026.00
4169.00
4297.00
4410.00
4466.00
4547.00
4570.00
4556.00
4574.00
4587.00
4519.00
4455.00
4409.00
4329.00
4243.00
4197.00
4162.00
4205.00
4221.00
4232.00
4272.00
4341.00
4365.00
4384.00
4432.00
4445.00
4434.00
4428.00
4433.00
4400.00
4380.00
4376.00
4379.00
