5568.00
5636.00
5742.00
5874.00
5916.00
5986.00
6036.00
6044.00
6042.00
6064.00
6068.00
6060.00
6068.00
6070.00
6138.00
6186.00
6268.00
6310.00
6354.00
6368.00
6408.00
6402.00
6444.00
6490.00
6542.00
6602.00
6648.00
6668.00
6728.00
6694.00
6654.00
6634.00
6650.00
6622.00
6582.00
6562.00
6534.00
6450.00
6352.00
6300.00
6218.00
6172.00
6158.00
6218.00
6254.00
6300.00
6326.00
6328.00
6266.00
6226.00
6164.00
6086.00
6038.00
5962.00
5888.00
5872.00
5868.00
5874.00
5924.00
5972.00
6016.00
6068.00
6110.00
6148.00
6246.00
6336.00
6424.00
6502.00
6550.00
6570.00
6578.00
6590.00
6592.00
6612.00
6570.00
6558.00
6530.00
6548.00
6672.00
6826.00
6940.00
7052.00
7150.00
7138.00
7224.00
7352.00
7476.00
7594.00
7682.00
7732.00
7766.00
7804.00
7766.00
7746.00
7700.00
7672.00
7650.00
7686.00
7728.00
7774.00
7768.00
7774.00
7884.00
8026.00
8152.00
8320.00
8472.00
8524.00
8498.00
8460.00
8390.00
8300.00
8204.00
8136.00
8046.00
7970.00
7994.00
7978.00
7984.00
7966.00
7920.00
7842.00
7770.00
7742.00
7766.00
7808.00
7800.00
7796.00
7748.00
7654.00
7538.00
7434.00
7370.00
7272.00
7196.00
7124.00
7016.00
6826.00
6730.00
6660.00
6606.00
6556.00
6524.00
6412.00
6318.00
6304.00
6346.00
6456.00
6594.00
6738.00
6784.00
6794.00
6810.00
6832.00
6832.00
6812.00
6782.00
6744.00
6708.00
6642.00
6616.00
6642.00
6678.00
6702.00
6722.00
6728.00
6676.00
6630.00
6596.00
6612.00
6644.00
6708.00
6742.00
6766.00
6756.00
6750.00
6724.00
6702.00
6654.00
6600.00
6484.00
6394.00
6298.00
6196.00
6108.00
6050.00
5964.00
5934.00
5942.00
5960.00
5992.00
6042.00
6046.00
6066.00
6070.00
6086.00
6100.00
6116.00
6116.00
6122.00
6122.00
6124.00
6126.00
6128.00
6138.00
6150.00
6184.00
6222.00
6256.00
6286.00
6292.00
6252.00
6198.00
6108.00
6012.00
5936.00
5884.00
5866.00
5882.00
5890.00
5882.00
5868.00
5820.00
5752.00
5676.00
5640.00
5618.00
5582.00
5566.00
5574.00
5568.00
5552.00
5566.00
5604.00
5632.00
5670.00
5734.00
5834.00
5914.00
5976.00
6026.00
