2935.00
2909.00
2889.00
2886.00
2867.00
2864.00
2862.00
2856.00
2832.00
2821.00
2814.00
2819.00
2834.00
2889.00
2939.00
2985.00
3013.00
3038.00
3033.00
3014.00
2994.00
2973.00
2949.00
2911.00
2878.00
2841.00
2814.00
2787.00
2801.00
2813.00
2835.00
2869.00
2910.00
2920.00
2894.00
2875.00
2834.00
2775.00
2712.00
2674.00
2631.00
2606.00
2593.00
2577.00
2552.00
2502.00
2456.00
2415.00
2366.00
2368.00
2393.00
2409.00
2430.00
2466.00
2473.00
2477.00
2482.00
2495.00
2555.00
2605.00
2673.00
2735.00
2779.00
2787.00
2831.00
2879.00
2922.00
2967.00
3003.00
3018.00
2987.00
2955.00
2916.00
2886.00
2843.00
2816.00
2793.00
2790.00
2782.00
2785.00
2788.00
2778.00
2766.00
2738.00
2715.00
2691.00
2710.00
2700.00
2715.00
2715.00
2714.00
2680.00
2656.00
2629.00
2607.00
2577.00
2545.00
2513.00
2472.00
2420.00
2393.00
2379.00
2372.00
2378.00
2408.00
2426.00
2442.00
2455.00
2461.00
2467.00
2501.00
2668.00
2782.00
2895.00
2974.00
3024.00
2959.00
2963.00
2984.00
3014.00
3029.00
3041.00
3039.00
3058.00
3120.00
3215.00
3308.00
3360.00
3366.00
3315.00
3222.00
3127.00
3079.00
2987.00
2904.00
2840.00
2755.00
2644.00
2732.00
2758.00
2761.00
2786.00
2887.00
2991.00
3114.00
3273.00
3399.00
3479.00
3367.00
3293.00
3217.00
3183.00
3110.00
3089.00
3096.00
3135.00
3160.00
3240.00
3252.00
3230.00
3172.00
3100.00
3005.00
2967.00
2957.00
2934.00
2934.00
2915.00
2904.00
2904.00
2930.00
2934.00
2961.00
2990.00
3022.00
3038.00
3051.00
3054.00
3059.00
3060.00
3053.00
3062.00
3060.00
3028.00
2979.00
2940.00
2889.00
2856.00
2853.00
2862.00
2875.00
2918.00
2965.00
2991.00
2986.00
2990.00
2946.00
2898.00
2865.00
2857.00
2838.00
2822.00
2806.00
2769.00
2743.00
2716.00
2712.00
2714.00
2727.00
2753.00
2757.00
2770.00
2776.00
2764.00
2725.00
2708.00
2680.00
2665.00
2671.00
2693.00
2721.00
2748.00
2741.00
2721.00
2687.00
2653.00
2609.00
2590.00
2584.00
2580.00
2584.00
2605.00
2619.00
2626.00
2640.00
2636.00
2610.00
2646.00
2677.00
2691.00
2721.00
