1822.00
1811.00
1810.00
1803.00
1801.00
1808.00
1839.00
1856.00
1896.00
1968.00
1997.00
2012.00
2035.00
2037.00
2007.00
2052.00
2088.00
2109.00
2110.00
2111.00
2081.00
2055.00
2045.00
2050.00
2051.00
2071.00
2081.00
2102.00
2117.00
2121.00
2095.00
2079.00
2042.00
2012.00
1963.00
1946.00
1925.00
1914.00
1898.00
1913.00
1912.00
1905.00
1881.00
1873.00
1843.00
1823.00
1799.00
1794.00
1747.00
1725.00
1689.00
1667.00
1632.00
1629.00
1623.00
1633.00
1634.00
1653.00
1672.00
1686.00
1677.00
1672.00
1656.00
1661.00
1668.00
1677.00
1675.00
1682.00
1661.00
1651.00
1642.00
1638.00
1625.00
1611.00
1580.00
1568.00
1556.00
1555.00
1558.00
1560.00
1547.00
1518.00
1491.00
1462.00
1448.00
1444.00
1452.00
1445.00
1435.00
1423.00
1402.00
1384.00
1372.00
1367.00
1362.00
1353.00
1340.00
1332.00
1324.00
1314.00
1311.00
1331.00
1344.00
1362.00
1373.00
1382.00
1372.00
1391.00
1393.00
1399.00
1407.00
1421.00
1405.00
1405.00
1402.00
1398.00
1391.00
1377.00
1359.00
1344.00
1326.00
1314.00
1305.00
1288.00
1271.00
1260.00
1250.00
1240.00
1235.00
1224.00
1240.00
1240.00
1237.00
1237.00
1239.00
1206.00
1177.00
1144.00
1119.00
1109.00
1102.00
1103.00
1100.00
1080.00
1054.00
1041.00
1030.00
1044.00
1067.00
1086.00
1089.00
1088.00
1091.00
1096.00
1104.00
1113.00
1115.00
1114.00
1115.00
1109.00
1113.00
1128.00
1146.00
1159.00
1181.00
1199.00
1227.00
1244.00
1261.00
1282.00
1302.00
1304.00
1306.00
1304.00
1295.00
1289.00
1279.00
1269.00
1259.00
1244.00
1229.00
1224.00
1216.00
1213.00
1214.00
1216.00
1226.00
1240.00
1257.00
1273.00
1278.00
1275.00
1260.00
1244.00
1224.00
1203.00
1181.00
1171.00
1154.00
1138.00
1128.00
1120.00
1118.00
1120.00
1125.00
1130.00
1134.00
1132.00
1141.00
1148.00
1157.00
1169.00
1181.00
1180.00
1175.00
1168.00
1157.00
1146.00
1134.00
1123.00
1104.00
1088.00
1070.00
1053.00
1047.00
1071.00
1104.00
1137.00
1174.00
1212.00
1231.00
1237.00
1238.00
1242.00
1231.00
1218.00
1198.00
1179.00
1153.00
1146.00
1133.00
