4173.00
4165.00
4169.00
4182.00
4183.00
4196.00
4199.00
4215.00
4221.00
4243.00
4260.00
4284.00
4297.00
4310.00
4307.00
4308.00
4307.00
4303.00
4308.00
4314.00
4309.00
4285.00
4275.00
4252.00
4234.00
4227.00
4247.00
4252.00
4267.00
4288.00
4303.00
4300.00
4290.00
4277.00
4244.00
4214.00
4187.00
4168.00
4139.00
4107.00
4073.00
4048.00
4025.00
4012.00
4051.00
4086.00
4122.00
4149.00
4167.00
4140.00
4091.00
4044.00
4006.00
3975.00
3961.00
3973.00
3982.00
3991.00
4003.00
4006.00
4006.00
4003.00
3996.00
3986.00
3984.00
3993.00
4001.00
4011.00
4011.00
4003.00
3987.00
3972.00
3952.00
3946.00
3939.00
3945.00
3953.00
3961.00
3965.00
3955.00
3923.00
3861.00
3808.00
3735.00
3686.00
3640.00
3608.00
3555.00
3518.00
3479.00
3433.00
3406.00
3395.00
3384.00
3351.00
3315.00
3279.00
3246.00
3231.00
3227.00
3226.00
3228.00
3228.00
3227.00
3230.00
3237.00
3239.00
3245.00
3246.00
3255.00
3269.00
3275.00
3282.00
3277.00
3274.00
3280.00
3284.00
3281.00
3269.00
3223.00
3168.00
3123.00
3076.00
3037.00
3021.00
3011.00
3008.00
3003.00
2973.00
2925.00
2871.00
2820.00
2772.00
2753.00
2738.00
2717.00
2679.00
2629.00
2587.00
2577.00
2556.00
2532.00
2499.00
2456.00
2398.00
2364.00
2323.00
2295.00
2273.00
2244.00
2204.00
2215.00
2247.00
2282.00
2328.00
2387.00
2393.00
2389.00
2384.00
2382.00
2402.00
2424.00
2444.00
2460.00
2467.00
2438.00
2436.00
2445.00
2478.00
2523.00
2567.00
2596.00
2602.00
2590.00
2560.00
2544.00
2518.00
2501.00
2471.00
2443.00
2419.00
2376.00
2337.00
2305.00
2294.00
2265.00
2267.00
2287.00
2305.00
2303.00
2316.00
2333.00
2337.00
2347.00
2344.00
2341.00
2337.00
2329.00
2317.00
2309.00
2291.00
2274.00
2271.00
2277.00
2295.00
2338.00
2373.00
2395.00
2411.00
2422.00
2403.00
2383.00
2356.00
2330.00
2300.00
2284.00
2287.00
2296.00
2305.00
2331.00
2335.00
2337.00
2339.00
2324.00
2290.00
2276.00
2261.00
2244.00
2239.00
2251.00
2290.00
2308.00
2332.00
2357.00
2376.00
2366.00
2366.00
2362.00
2362.00
2358.00
2347.00
