8767.26
8761.60
8767.26
8776.68
8803.08
8838.89
8861.51
8891.67
8908.64
8948.22
8987.81
9057.55
9138.61
9223.44
9261.14
9295.07
9306.38
9302.61
9298.84
9310.15
9319.57
9340.31
9359.16
9383.66
9410.05
9423.25
9425.13
9423.25
9413.82
9404.40
9400.63
9400.63
9400.63
9406.28
9402.51
9396.86
9398.74
9400.63
9402.51
9398.74
9406.28
9408.17
9410.05
9411.94
9419.48
9440.21
9451.52
9481.68
9528.81
9575.94
9623.06
9717.31
9820.99
9905.82
9981.22
10037.77
10047.19
10047.19
10047.19
10056.62
10084.89
10132.02
10150.87
10179.14
10207.42
10207.42
10169.72
10141.44
10122.59
10103.74
10094.32
10132.02
10169.72
10188.57
10216.84
10292.25
10367.65
10490.17
10631.55
10772.93
10895.45
10989.71
11046.26
11102.81
11149.93
11168.78
11178.21
11168.78
11121.66
11112.23
11102.81
11112.23
11149.93
11215.91
11272.46
11329.01
11376.14
11376.14
11357.29
11300.73
11225.33
11159.36
11149.93
11149.93
11149.93
11178.21
11197.06
11197.06
11206.48
11225.33
11244.18
11263.03
11281.88
11291.31
11319.59
11338.44
11376.42
11395.27
11423.82
11414.12
11394.71
11365.59
11336.47
11268.53
11229.71
11200.59
11142.35
11055.00
10987.06
10880.29
10841.47
10880.29
10977.35
11103.53
11258.82
11346.18
11385.00
11385.00
11365.59
11346.18
11307.35
11268.53
11220.00
11161.76
11084.12
11045.29
11006.47
11006.47
11064.71
11122.94
11122.94
11132.65
11132.65
11093.82
11074.41
11093.82
11093.82
11093.82
11084.12
11084.12
11103.53
11132.65
11161.76
11190.88
11200.59
11200.59
11190.88
11171.47
11161.76
11161.76
11161.76
11161.76
11190.88
11220.00
11249.12
11258.82
11307.35
11336.47
11355.88
11375.29
11394.71
11394.71
11394.71
11394.71
11394.71
11414.12
11443.23
11482.06
11530.59
11569.41
11588.82
11608.24
11598.53
11588.82
11579.12
11579.12
11550.00
11520.88
11501.47
11491.76
11482.06
11482.06
11501.47
11501.47
11501.47
11501.47
11511.18
11511.18
11511.18
11511.18
11482.06
11443.24
11433.53
11414.12
11404.41
11423.82
11452.94
11452.94
11472.35
11501.47
11530.59
11550.00
11569.41
11588.82
11598.53
11608.24
11627.65
11647.06
11666.47
11685.88
11695.59
11695.59
11685.88
11647.06
11569.41
11501.47
11462.65
11452.94
11462.65
11521.47
11570.29
