4441.00
4518.00
4588.00
4651.00
4662.00
4687.00
4693.00
4709.00
4738.00
4787.00
4814.00
4831.00
4862.00
4870.00
4845.00
4840.00
4838.00
4828.00
4827.00
4845.00
4839.00
4829.00
4855.00
4879.00
4900.00
4920.00
4935.00
4907.00
4884.00
4863.00
4846.00
4841.00
4847.00
4847.00
4823.00
4818.00
4806.00
4783.00
4748.00
4714.00
4653.00
4625.00
4592.00
4580.00
4582.00
4611.00
4613.00
4624.00
4620.00
4616.00
4590.00
4567.00
4535.00
4486.00
4436.00
4418.00
4388.00
4373.00
4372.00
4388.00
4402.00
4421.00
4440.00
4480.00
4513.00
4536.00
4557.00
4626.00
4762.00
4893.00
5024.00
5206.00
5338.00
5404.00
5476.00
5548.00
5564.00
5568.00
5582.00
5558.00
5520.00
5486.00
5452.00
5356.00
5314.00
5312.00
5310.00
5308.00
5344.00
5358.00
5328.00
5290.00
5252.00
5216.00
5184.00
5162.00
5196.00
5244.00
5298.00
5350.00
5380.00
5340.00
5318.00
5294.00
5284.00
5274.00
5304.00
5356.00
5378.00
5424.00
5526.00
5662.00
5720.00
5756.00
5758.00
5744.00
5660.00
5618.00
5598.00
5576.00
5520.00
5492.00
5426.00
5354.00
5314.00
5294.00
5270.00
5252.00
5276.00
5262.00
5282.00
5334.00
5406.00
5452.00
5494.00
5488.00
5456.00
5400.00
5360.00
5362.00
5344.00
5296.00
5194.00
5034.00
4844.00
4730.00
4630.00
4614.00
4669.00
4730.00
4749.00
4770.00
4804.00
4810.00
4831.00
4850.00
4853.00
4823.00
4780.00
4676.00
4601.00
4560.00
4514.00
4492.00
4529.00
4541.00
4531.00
4552.00
4569.00
4559.00
4553.00
4558.00
4559.00
4584.00
4639.00
4688.00
4722.00
4748.00
4739.00
4715.00
4681.00
4644.00
4596.00
4546.00
4488.00
4440.00
4391.00
4380.00
4388.00
4404.00
4408.00
4430.00
4427.00
4426.00
4410.00
4418.00
4438.00
4458.00
4470.00
4490.00
4493.00
4491.00
4491.00
4499.00
4507.00
4523.00
4549.00
4575.00
4656.00
4682.00
4676.00
4658.00
4641.00
4553.00
4491.00
4457.00
4427.00
4408.00
4386.00
4400.00
4408.00
4406.00
4402.00
4403.00
4411.00
4450.00
4496.00
4560.00
4659.00
4734.00
4781.00
4828.00
4862.00
4857.00
4870.00
4883.00
4886.00
4888.00
4928.00
4958.00
4984.00
