7852.00
7882.00
7934.00
8000.00
8142.00
8260.00
8384.00
8498.00
8598.00
8606.00
8598.00
8594.00
8600.00
8622.00
8654.00
8750.00
8966.00
9104.00
9242.00
9306.00
9314.00
9194.00
9156.00
9126.00
9114.00
9098.00
9066.00
9022.00
8930.00
8870.00
8828.00
8800.00
8786.00
8806.00
8752.00
8692.00
8620.00
8522.00
8378.00
8278.00
8196.00
8176.00
8180.00
8242.00
8296.00
8340.00
8348.00
8324.00
8262.00
8228.00
8158.00
8078.00
8026.00
7960.00
7910.00
7932.00
7954.00
8002.00
8074.00
8140.00
8162.00
8188.00
8188.00
8204.00
8206.00
8222.00
8216.00
8236.00
8238.00
8248.00
8242.00
8248.00
8222.00
8190.00
8124.00
8076.00
8004.00
7984.00
7960.00
7950.00
7918.00
7882.00
7788.00
7678.00
7572.00
7502.00
7482.00
7496.00
7528.00
7550.00
7552.00
7502.00
7432.00
7386.00
7402.00
7394.00
7426.00
7460.00
7494.00
7514.00
7570.00
7626.00
7694.00
7772.00
7832.00
7876.00
7852.00
7832.00
7796.00
7752.00
7710.00
7716.00
7710.00
7704.00
7698.00
7700.00
7722.00
7766.00
7812.00
7838.00
7844.00
7854.00
7802.00
7738.00
7686.00
7660.00
7628.00
7604.00
7584.00
7552.00
7498.00
7450.00
7450.00
7426.00
7388.00
7356.00
7292.00
7184.00
7116.00
7086.00
7036.00
6972.00
6842.00
6662.00
6524.00
6448.00
6422.00
6496.00
6626.00
6726.00
6816.00
6924.00
7030.00
7148.00
7224.00
7258.00
7222.00
7192.00
7134.00
7104.00
7100.00
7130.00
7160.00
7192.00
7220.00
7234.00
7258.00
7268.00
7306.00
7364.00
7424.00
7484.00
7562.00
7612.00
7648.00
7688.00
7684.00
7662.00
7638.00
7596.00
7572.00
7566.00
7528.00
7468.00
7456.00
7408.00
7418.00
7458.00
7522.00
7560.00
7606.00
7626.00
7654.00
7682.00
7680.00
7682.00
7648.00
7624.00
7598.00
7582.00
7556.00
7550.00
7608.00
7684.00
7768.00
7846.00
7938.00
7954.00
7970.00
7996.00
8086.00
8158.00
8226.00
8230.00
8214.00
8182.00
8150.00
8132.00
8176.00
8230.00
8220.00
8216.00
8184.00
8150.00
8124.00
8142.00
8142.00
8156.00
8144.00
8142.00
8126.00
8144.00
8158.00
8184.00
8216.00
8246.00
8250.00
8266.00
8300.00
8278.00
8250.00
