189600.00
187700.00
185700.00
184900.00
184800.00
185100.00
184900.00
182900.00
181000.00
178600.00
175700.00
174700.00
175500.00
177200.00
178500.00
178900.00
179000.00
179600.00
179900.00
179400.00
178000.00
176600.00
174300.00
171800.00
170800.00
172700.00
175400.00
178600.00
185000.00
190700.00
195000.00
199200.00
203000.00
203300.00
203100.00
201900.00
200200.00
198000.00
196600.00
196100.00
194800.00
191800.00
189900.00
187900.00
187600.00
190700.00
194200.00
196900.00
198200.00
197600.00
194400.00
192900.00
191300.00
189800.00
188900.00
190300.00
190300.00
191300.00
193800.00
195700.00
196800.00
199700.00
201000.00
202300.00
206300.00
213100.00
217100.00
223200.00
227500.00
230500.00
230200.00
231900.00
232000.00
232200.00
230900.00
228500.00
223000.00
219000.00
216900.00
214000.00
211700.00
210500.00
208700.00
204700.00
201800.00
199900.00
199500.00
198300.00
198000.00
196600.00
194700.00
192000.00
188300.00
185800.00
184000.00
181900.00
179800.00
179800.00
179300.00
178500.00
178400.00
179200.00
178800.00
178300.00
177700.00
176800.00
174600.00
173200.00
171800.00
171200.00
170400.00
170900.00
170800.00
170200.00
168600.00
167600.00
166200.00
165100.00
163600.00
162300.00
161400.00
162300.00
161900.00
161700.00
162100.00
162800.00
161400.00
161300.00
162500.00
162600.00
161300.00
160800.00
160400.00
159100.00
158500.00
157500.00
156600.00
154900.00
153000.00
149700.00
145700.00
140800.00
135400.00
130200.00
126800.00
125100.00
124000.00
124200.00
125400.00
126000.00
125800.00
125500.00
126100.00
125500.00
125500.00
125500.00
124900.00
123700.00
123200.00
122800.00
124000.00
126200.00
130100.00
133200.00
136600.00
137900.00
139500.00
139100.00
139700.00
140200.00
140600.00
140400.00
140200.00
139700.00
138500.00
138900.00
139000.00
138900.00
140000.00
140600.00
141200.00
142200.00
143500.00
143700.00
145600.00
145900.00
147000.00
148600.00
149400.00
150300.00
151900.00
153100.00
153200.00
154800.00
155600.00
156700.00
157000.00
157500.00
158100.00
163200.00
169900.00
177700.00
185800.00
194000.00
198700.00
201200.00
200300.00
198700.00
196100.00
191000.00
187900.00
186300.00
185100.00
183500.00
183900.00
183000.00
183600.00
183300.00
184200.00
185700.00
186600.00
187800.00
190500.00
191500.00
190400.00
190300.00
189000.00
188700.00
189200.00
190900.00
192300.00
193600.00
193900.00
194900.00
196000.00
197200.00
198000.00
198800.00
198500.00
197500.00
197200.00
