3572.00
3574.00
3580.00
3596.00
3606.00
3626.00
3635.00
3649.00
3634.00
3646.00
3646.00
3634.00
3653.00
3661.00
3700.00
3726.00
3736.00
3731.00
3735.00
3699.00
3688.00
3714.00
3756.00
3810.00
3866.00
3924.00
3966.00
3973.00
3968.00
3951.00
3922.00
3894.00
3879.00
3871.00
3861.00
3899.00
3979.00
4040.00
4064.00
4099.00
4065.00
3983.00
3916.00
3898.00
3857.00
3845.00
3829.00
3807.00
3786.00
3763.00
3721.00
3694.00
3659.00
3587.00
3534.00
3511.00
3477.00
3469.00
3479.00
3485.00
3490.00
3502.00
3505.00
3525.00
3552.00
3570.00
3570.00
3574.00
3550.00
3528.00
3520.00
3525.00
3523.00
3527.00
3514.00
3516.00
3541.00
3621.00
3737.00
3861.00
3918.00
3948.00
3918.00
3827.00
3741.00
3703.00
3661.00
3622.00
3604.00
3583.00
3550.00
3514.00
3467.00
3411.00
3390.00
3357.00
3337.00
3339.00
3363.00
3350.00
3359.00
3381.00
3408.00
3434.00
3474.00
3512.00
3536.00
3548.00
3553.00
3560.00
3588.00
3618.00
3643.00
3645.00
3649.00
3604.00
3537.00
3487.00
3451.00
3393.00
3347.00
3371.00
3341.00
3307.00
3277.00
3255.00
3188.00
3138.00
3126.00
3134.00
3124.00
3129.00
3160.00
3153.00
3114.00
3099.00
3042.00
2943.00
2879.00
2852.00
2814.00
2805.00
2753.00
2653.00
2570.00
2512.00
2452.00
2481.00
2540.00
2573.00
2605.00
2633.00
2659.00
2685.00
2706.00
2708.00
2690.00
2671.00
2669.00
2654.00
2654.00
2678.00
2747.00
2783.00
2840.00
2885.00
2923.00
2905.00
2907.00
2917.00
2956.00
2983.00
3017.00
3046.00
3055.00
3043.00
3033.00
3016.00
3004.00
2982.00
2970.00
2962.00
2957.00
2969.00
2982.00
2971.00
2979.00
2997.00
2991.00
3014.00
3035.00
3053.00
3053.00
3054.00
3040.00
3026.00
3009.00
3014.00
3040.00
3033.00
3035.00
3040.00
3055.00
3062.00
3083.00
3115.00
3161.00
3166.00
3164.00
3160.00
3136.00
3096.00
3067.00
3012.00
2948.00
2891.00
2845.00
2822.00
2816.00
2827.00
2828.00
2819.00
2794.00
2766.00
2731.00
2722.00
2711.00
2700.00
2698.00
2731.00
2757.00
2784.00
2814.00
2840.00
2834.00
2845.00
2849.00
2832.00
2817.00
2819.00
2815.00
