1052.00
1062.00
1070.00
1088.00
1108.00
1123.00
1129.00
1132.00
1133.00
1138.00
1143.00
1153.00
1167.00
1168.00
1160.00
1155.00
1148.00
1142.00
1146.00
1167.00
1185.00
1200.00
1214.00
1221.00
1214.00
1216.00
1221.00
1224.00
1226.00
1217.00
1203.00
1186.00
1172.00
1162.00
1150.00
1139.00
1125.00
1123.00
1113.00
1110.00
1107.00
1111.00
1101.00
1106.00
1110.00
1117.00
1126.00
1138.00
1137.00
1143.00
1141.00
1140.00
1139.00
1139.00
1146.00
1159.00
1168.00
1176.00
1190.00
1192.00
1190.00
1192.00
1197.00
1200.00
1208.00
1217.00
1215.00
1218.00
1215.00
1213.00
1215.00
1223.00
1230.00
1240.00
1234.00
1228.00
1238.00
1247.00
1269.00
1317.00
1381.00
1409.00
1474.00
1531.00
1564.00
1562.00
1573.00
1506.00
1440.00
1385.00
1348.00
1302.00
1290.00
1264.00
1241.00
1208.00
1183.00
1160.00
1148.00
1127.00
1122.00
1130.00
1147.00
1164.00
1181.00
1194.00
1199.00
1207.00
1207.00
1214.00
1223.00
1233.00
1230.00
1250.00
1255.00
1248.00
1239.00
1229.00
1203.00
1200.00
1203.00
1210.00
1202.00
1187.00
1167.00
1152.00
1139.00
1139.00
1148.00
1146.00
1142.00
1141.00
1144.00
1143.00
1149.00
1150.00
1142.00
1110.00
1090.00
1075.00
1058.00
1046.00
1044.60
1025.80
1011.80
1010.80
1012.80
1028.20
1059.00
1078.00
1089.00
1098.00
1113.00
1122.00
1129.00
1136.00
1133.00
1127.00
1120.00
1112.00
1107.00
1113.00
1118.00
1132.00
1155.00
1171.00
1178.00
1183.00
1178.00
1174.00
1177.00
1184.00
1197.00
1206.00
1202.00
1195.00
1177.00
1153.00
1134.00
1113.00
1093.00
1085.00
1071.00
1052.00
1046.00
1039.00
1032.00
1034.00
1042.00
1048.00
1057.00
1065.00
1064.00
1062.00
1053.00
1038.00
1023.40
1015.40
1008.40
1004.20
1002.20
1000.80
999.80
997.80
1000.00
1003.00
1008.00
1011.00
1016.00
1022.00
1021.00
1020.00
1019.00
1011.80
998.60
991.80
986.40
984.40
984.00
986.80
986.80
984.80
978.40
969.80
960.00
960.40
959.80
958.40
962.00
972.00
978.40
986.40
996.20
1005.80
1012.00
1015.00
1014.00
1012.00
1010.00
1015.00
1018.00
