5873.94
5900.46
5911.07
5978.26
6041.92
6110.88
6142.70
6167.46
6183.37
6262.94
6310.68
6416.78
6508.72
6611.28
6644.87
6685.54
6678.46
6673.16
6605.97
6568.84
6545.85
6514.02
6462.75
6443.30
6388.48
6344.28
6312.45
6317.75
6255.87
6192.21
6128.56
6094.96
6050.76
6040.15
6041.92
6063.14
6070.21
6064.90
6034.84
5987.10
5921.68
5831.50
5766.08
5741.32
5713.03
5658.22
5686.51
5707.73
5739.55
5783.76
5831.50
5836.80
5792.60
5659.99
5564.50
5486.70
5377.08
5329.33
5354.09
5366.47
5380.61
5419.51
5454.88
5506.15
5559.20
5599.87
5605.17
5629.93
5619.32
5608.71
5596.33
5598.10
5575.11
5571.58
5525.60
5518.53
5525.60
5569.81
5617.55
5667.06
5720.11
5709.50
5644.07
5578.65
5534.45
5461.95
5423.05
5331.10
5180.81
5035.81
4894.36
4738.76
4694.55
4671.57
4664.49
4655.65
4687.48
4652.12
4372.74
4015.57
3651.32
3286.19
2949.35
2897.19
2915.75
2944.93
2968.80
2981.17
2981.17
2972.33
2959.07
2940.50
2932.55
2913.10
2879.50
2844.14
2812.31
2785.79
2781.37
2776.06
2770.08
2787.29
2786.61
2784.33
2795.00
2825.00
2846.00
2921.00
2997.00
3067.00
3119.00
3164.00
3163.00
3117.00
3050.00
3042.00
3048.00
3034.00
3077.00
3141.00
3121.00
3051.00
2975.00
2848.00
2739.00
2657.00
2609.00
2596.00
2604.00
2594.00
2584.00
2584.00
2609.00
2647.00
2694.00
2720.00
2683.00
2604.00
2516.00
2412.00
2342.00
2331.00
2335.00
2350.00
2378.00
2398.00
2413.00
2430.00
2449.00
2479.00
2509.00
2543.00
2566.00
2585.00
2588.00
2588.00
2567.00
2561.00
2560.00
2535.00
2507.00
2477.00
2442.00
2387.00
2363.00
2344.00
2344.00
2355.00
2389.00
2416.00
2436.00
2447.00
2442.00
2417.00
2384.00
2361.00
2348.00
2342.00
2343.00
2348.00
2346.00
2343.00
2346.00
2349.00
2352.00
2354.00
2354.00
2337.00
2323.00
2309.00
2289.00
2262.00
2238.00
2213.00
2183.00
2169.00
2165.00
2168.00
2168.00
2173.00
2173.00
2172.00
2170.00
2170.00
2182.00
2190.00
2194.00
2198.00
2200.00
2190.00
2191.00
2201.00
2212.00
2221.00
2233.00
2232.00
2223.00
2202.00
2188.00
2164.00
2135.00
