4842.00
4939.00
5011.00
5137.00
5219.00
5262.00
5234.00
5286.00
5464.00
5930.00
6390.00
6890.00
7336.00
7634.00
7604.00
7598.00
7466.00
7314.00
7188.00
7082.00
6964.00
6930.00
6900.00
6802.00
6730.00
6632.00
6536.00
6492.00
6434.00
6316.00
6206.00
6156.00
6054.00
6020.00
5964.00
5970.00
5954.00
5980.00
5942.00
5980.00
5966.00
5916.00
5818.00
5770.00
5672.00
5616.00
5574.00
5606.00
5570.00
5558.00
5498.00
5432.00
5322.00
5262.00
5230.00
5302.00
5374.00
5482.00
5626.00
5748.00
5816.00
5862.00
5876.00
5866.00
5892.00
5888.00
5866.00
5880.00
5868.00
5844.00
5834.00
5828.00
5750.00
5712.00
5642.00
5618.00
5624.00
5676.00
5694.00
5732.00
5710.00
5656.00
5570.00
5510.00
5474.00
5482.00
5514.00
5540.00
5538.00
5488.00
5412.00
5308.00
5199.00
5101.00
5055.00
4980.00
4941.00
4947.00
4962.00
4974.00
5013.00
5066.00
5117.00
5206.00
5276.00
5368.00
5504.00
5650.00
5792.00
5964.00
6022.00
5954.00
5870.00
5748.00
5588.00
5514.00
5500.00
5428.00
5358.00
5290.00
5206.00
5148.00
5114.00
5068.00
5036.00
5026.00
5018.00
5032.00
5056.00
5058.00
5060.00
5036.00
5018.00
5002.00
4993.00
4955.00
4898.00
4791.00
4693.00
4609.00
4543.00
4493.00
4420.00
4300.00
4223.00
4191.00
4200.00
4276.00
4398.00
4484.00
4530.00
4540.00
4570.00
4608.00
4615.00
4601.00
4568.00
4532.00
4515.00
4536.00
4594.00
4664.00
4726.00
4750.00
4765.00
4765.00
4786.00
4808.00
4825.00
4844.00
4864.00
4861.00
4879.00
4905.00
4919.00
4945.00
4964.00
4942.00
4912.00
4882.00
4831.00
4789.00
4752.00
4700.00
4665.00
4615.00
4578.00
4556.00
4582.00
4595.00
4633.00
4672.00
4695.00
4674.00
4633.00
4599.00
4549.00
4553.00
4575.00
4614.00
4646.00
4687.00
4685.00
4698.00
4730.00
4766.00
4820.00
4881.00
4928.00
4949.00
4949.00
4934.00
4897.00
4849.00
4785.00
4730.00
4702.00
4694.00
4694.00
4706.00
4714.00
4694.00
4680.00
4658.00
4627.00
4637.00
4653.00
4656.00
4669.00
4709.00
4709.00
4703.00
4708.00
4746.00
4773.00
4808.00
4833.00
4843.00
4820.00
4802.00
4792.00
