25450.00
25720.00
25930.00
26050.00
26030.00
25790.00
25410.00
25090.00
24860.00
24720.00
24640.00
24610.00
24510.00
24420.00
24380.00
24450.00
24460.00
24570.00
24650.00
24560.00
24450.00
24410.00
24360.00
24420.00
24600.00
24670.00
25000.00
25290.00
25410.00
25490.00
25730.00
25660.00
25610.00
25590.00
25570.00
25590.00
25570.00
25520.00
25400.00
25250.00
24940.00
24790.00
24650.00
24720.00
24960.00
25080.00
25090.00
25150.00
24990.00
24670.00
24410.00
24310.00
24180.00
24150.00
24300.00
24620.00
24960.00
25230.00
25740.00
26190.00
26480.00
26600.00
26780.00
26710.00
26690.00
26720.00
26710.00
26640.00
26560.00
26340.00
26050.00
25870.00
25640.00
25370.00
25000.00
24870.00
24740.00
24830.00
24980.00
25060.00
25010.00
24800.00
24560.00
24280.00
24170.00
24040.00
23920.00
23750.00
23600.00
23350.00
23110.00
22940.00
22720.00
22490.00
22310.00
22100.00
21930.00
21800.00
21760.00
21730.00
21730.00
21800.00
21880.00
21880.00
21970.00
22110.00
22180.00
22170.00
22480.00
22600.00
22700.00
22910.00
23100.00
23110.00
23210.00
23310.00
23250.00
23270.00
23170.00
23070.00
23030.00
23230.00
23340.00
23430.00
23640.00
23770.00
23920.00
24210.00
24560.00
24800.00
25080.00
25240.00
25360.00
25360.00
25450.00
25480.00
25420.00
25170.00
25010.00
24810.00
24710.00
24540.00
24340.00
24100.00
23780.00
23470.00
23280.00
23160.00
23150.00
23090.00
22560.00
22080.00
21700.00
21190.00
20740.00
20640.00
20340.00
20030.00
19790.00
19570.00
19390.00
19380.00
19460.00
19560.00
19710.00
19810.00
19870.00
19950.00
20040.00
20090.00
20250.00
20390.00
20440.00
20490.00
20570.00
20580.00
20550.00
20530.00
20440.00
20350.00
20330.00
20300.00
20140.00
20000.00
19870.00
19620.00
19380.00
19350.00
19360.00
19390.00
19460.00
19640.00
19700.00
19720.00
19620.00
19530.00
19460.00
19480.00
19430.00
19490.00
19580.00
19590.00
19630.00
19680.00
19800.00
19900.00
20020.00
20050.00
20150.00
20170.00
20080.00
19830.00
19560.00
19240.00
18800.00
18410.00
18210.00
18050.00
17940.00
17910.00
17940.00
17950.00
17930.00
17860.00
17750.00
17630.00
17460.00
17330.00
17380.00
17560.00
17710.00
17980.00
18140.00
18130.00
18130.00
18160.00
18090.00
18160.00
18320.00
18320.00
18380.00
