2001.00
1993.00
1949.00
1932.00
1896.00
1876.00
1867.00
1866.00
1849.00
1871.00
1877.00
1899.00
1929.00
1964.00
1977.00
1996.00
1998.00
1997.00
1992.00
2001.00
2013.00
2017.00
2087.00
2149.00
2189.00
2229.00
2274.00
2205.00
2148.00
2088.00
2033.00
1977.00
1971.00
1979.00
1961.00
1944.00
1939.00
1925.00
1892.00
1876.00
1846.00
1816.00
1787.00
1781.00
1786.00
1813.00
1830.00
1846.00
1842.00
1830.00
1809.00
1790.00
1777.00
1766.00
1779.00
1797.00
1814.00
1835.00
1864.00
1880.00
1900.00
1915.00
1928.00
1940.00
1955.00
1967.00
1973.00
1983.00
1982.00
1979.00
1972.00
1969.00
1954.00
1936.00
1918.00
1904.00
1892.00
1891.00
1896.00
1890.00
1877.00
1856.00
1828.00
1799.00
1782.00
1773.00
1778.00
1790.00
1823.00
1832.00
1829.00
1825.00
1808.00
1770.00
1759.00
1758.00
1775.00
1798.00
1817.00
1838.00
1857.00
1866.00
1867.00
1878.00
1894.00
1903.00
1899.00
1906.00
1903.00
1897.00
1902.00
1906.00
1901.00
1893.00
1868.00
1838.00
1810.00
1797.00
1795.00
1793.00
1787.00
1794.00
1780.00
1764.00
1753.00
1760.00
1752.00
1749.00
1747.00
1730.00
1693.00
1666.00
1653.00
1632.00
1627.00
1615.00
1588.00
1533.00
1498.00
1472.00
1446.00
1428.00
1396.00
1347.00
1297.00
1273.00
1254.00
1273.00
1305.00
1336.00
1347.00
1360.00
1377.00
1392.00
1401.00
1412.00
1406.00
1411.00
1414.00
1408.00
1411.00
1440.00
1443.00
1445.00
1464.00
1459.00
1438.00
1431.00
1430.00
1428.00
1445.00
1469.00
1483.00
1507.00
1511.00
1520.00
1510.00
1503.00
1475.00
1455.00
1430.00
1415.00
1401.00
1378.00
1364.00
1349.00
1338.00
1337.00
1349.00
1363.00
1375.00
1390.00
1387.00
1384.00
1373.00
1369.00
1353.00
1344.00
1330.00
1317.00
1301.00
1305.00
1316.00
1323.00
1340.00
1356.00
1363.00
1360.00
1371.00
1374.00
1379.00
1387.00
1392.00
1385.00
1372.00
1359.00
1351.00
1357.00
1369.00
1381.00
1392.00
1389.00
1386.00
1381.00
1401.00
1408.00
1423.00
1423.00
1427.00
1414.00
1420.00
1424.00
1429.00
1432.00
1450.00
1462.00
1468.00
1472.00
1476.00
1467.00
1460.00
