196.20
198.00
198.60
201.00
202.20
203.40
204.00
204.60
204.60
205.00
205.40
205.60
205.80
205.40
205.20
203.60
203.20
202.40
202.00
201.00
201.80
201.20
201.60
202.00
202.60
202.00
202.00
202.80
203.80
203.80
204.00
204.00
203.00
201.40
199.60
199.20
198.80
198.00
197.00
196.80
195.40
192.80
191.40
190.60
190.00
189.80
190.80
190.60
190.20
190.00
189.00
188.20
186.80
185.80
185.00
185.00
185.20
187.20
200.20
215.60
228.20
244.00
259.80
261.80
260.60
262.60
262.20
259.80
259.20
259.80
259.20
257.00
253.80
249.80
243.80
239.40
232.80
233.00
231.80
230.80
227.80
225.40
219.60
216.00
213.40
212.80
212.80
211.00
210.20
209.20
209.20
214.00
221.80
229.40
236.40
238.40
237.00
234.00
228.40
222.60
221.40
222.20
236.00
259.40
284.20
309.40
333.40
364.60
388.60
414.00
438.00
456.20
455.60
462.80
481.80
504.80
538.60
566.00
587.00
590.40
585.80
575.00
566.60
553.60
543.00
538.20
534.00
542.00
578.00
594.20
607.20
607.40
577.60
520.20
485.00
444.20
410.00
390.00
373.40
354.40
336.60
322.00
309.20
295.00
280.80
275.20
278.60
287.40
297.40
315.60
327.20
330.40
334.40
338.40
333.20
328.00
323.60
317.00
310.00
306.80
308.00
311.40
315.60
318.80
319.60
319.80
319.60
315.60
312.20
312.60
311.00
308.00
308.00
307.60
303.00
298.60
293.40
288.20
283.20
277.60
276.20
275.60
276.60
276.20
276.40
274.60
272.20
268.20
266.60
268.20
267.60
267.40
266.40
265.00
261.00
256.80
255.60
254.20
252.20
251.40
251.80
250.80
251.00
252.40
253.60
255.20
257.00
256.60
254.80
253.00
250.80
247.80
244.60
242.20
238.40
238.60
238.40
239.80
239.60
240.60
237.20
233.80
230.80
229.40
226.60
224.80
225.00
224.40
224.80
227.60
232.80
234.80
237.80
239.20
239.00
235.60
233.00
228.80
229.60
228.40
227.20
