6878.00
6974.00
7130.00
7328.00
7402.00
7516.00
7526.00
7514.00
7530.00
7584.00
7588.00
7594.00
7642.00
7762.00
7868.00
8004.00
8136.00
8248.00
8258.00
8298.00
8286.00
8250.00
8230.00
8286.00
8302.00
8326.00
8392.00
8452.00
8432.00
8416.00
8418.00
8416.00
8382.00
8354.00
8308.00
8296.00
8240.00
8220.00
8182.00
8156.00
8098.00
8104.00
8114.00
8168.00
8218.00
8268.00
8278.00
8248.00
8272.00
8288.00
8210.00
8118.00
8042.00
7822.00
7644.00
7602.00
7582.00
7598.00
7672.00
7740.00
7774.00
7818.00
7838.00
7864.00
7900.00
7930.00
7936.00
7976.00
7982.00
7980.00
7986.00
7984.00
7938.00
7916.00
7872.00
7864.00
7882.00
7954.00
8062.00
8196.00
8270.00
8248.00
8184.00
8030.00
7856.00
7756.00
7700.00
7632.00
7584.00
7544.00
7462.00
7392.00
7314.00
7294.00
7292.00
7240.00
7222.00
7226.00
7240.00
7272.00
7322.00
7368.00
7418.00
7460.00
7452.00
7498.00
7526.00
7514.00
7458.00
7414.00
7354.00
7296.00
7260.00
7244.00
7200.00
7126.00
7030.00
7082.00
7108.00
7420.00
7770.00
8074.00
8270.00
8400.00
8268.00
8248.00
8284.00
8796.00
9626.00
10432.00
10938.00
11380.00
11350.00
10880.00
10382.00
10054.00
9746.00
9330.00
9154.00
9038.00
8916.00
8906.00
9064.00
9024.00
9070.00
9560.00
9818.00
9926.00
10222.00
10420.00
10144.00
9956.00
9868.00
9754.00
9606.00
9528.00
9568.00
9568.00
9608.00
9620.00
9524.00
9460.00
9418.00
9388.00
9470.00
9562.00
9570.00
9520.00
9446.00
9322.00
9242.00
9198.00
9216.00
9190.00
9110.00
9042.00
8918.00
8738.00
8598.00
8532.00
8492.00
8502.00
8558.00
8560.00
8650.00
8666.00
8666.00
8660.00
8774.00
8778.00
8812.00
8876.00
8890.00
8850.00
8768.00
8706.00
8656.00
8642.00
8592.00
8572.00
8548.00
8494.00
8442.00
8348.00
8288.00
8182.00
8080.00
7940.00
7876.00
7778.00
7730.00
7652.00
7630.00
7532.00
7430.00
7368.00
7412.00
7516.00
7682.00
7842.00
7936.00
7946.00
7854.00
7728.00
7600.00
7534.00
7502.00
7476.00
7546.00
7674.00
7762.00
7838.00
7970.00
8012.00
8032.00
8070.00
8056.00
8028.00
8014.00
8028.00
8036.00
