10092.00
10122.00
10200.00
10300.00
10330.00
10360.00
10350.00
10380.00
10420.00
10510.00
10590.00
10630.00
10650.00
10630.00
10560.00
10500.00
10510.00
10570.00
10610.00
10660.00
10740.00
10770.00
10740.00
10770.00
10880.00
10930.00
10980.00
10990.00
10970.00
10910.00
10860.00
10830.00
10890.00
10970.00
10960.00
10990.00
11030.00
11000.00
10890.00
10840.00
10750.00
10710.00
10680.00
10730.00
10800.00
10900.00
10910.00
10910.00
10880.00
10840.00
10730.00
10710.00
10680.00
10660.00
10610.00
10640.00
10600.00
10620.00
10660.00
10710.00
10730.00
10770.00
10750.00
10700.00
10670.00
10690.00
10770.00
10890.00
11030.00
11180.00
11320.00
11320.00
11360.00
11390.00
11320.00
11260.00
11270.00
11330.00
11370.00
11470.00
11500.00
11410.00
11180.00
10950.00
10730.00
10580.00
10530.00
10550.00
10530.00
10520.00
10470.00
10430.00
10350.00
10290.00
10250.00
10210.00
10190.00
10150.00
10210.00
10230.00
10260.00
10290.00
10370.00
10400.00
10430.00
10480.00
10510.00
10490.00
10430.00
10410.00
10380.00
10340.00
10310.00
10290.00
10270.00
10220.00
10190.00
10160.00
10160.00
10120.00
10100.00
10100.00
10072.00
10022.00
9992.00
9982.00
9952.00
9938.00
9930.00
9890.00
9830.00
9780.00
9762.00
9748.00
9758.00
9736.00
9686.00
9564.00
9468.00
9418.00
9480.00
9506.00
9512.00
9476.00
9452.00
9366.00
9332.00
9396.00
9480.00
9512.00
9524.00
9562.00
9584.00
9674.00
9746.00
9814.00
9812.00
9820.00
9770.00
9720.00
9720.00
9764.00
9800.00
9824.00
9860.00
9862.00
9868.00
9870.00
9874.00
9880.00
9862.00
9834.00
9818.00
9802.00
9782.00
9776.00
9764.00
9748.00
9728.00
9726.00
9730.00
9812.00
9888.00
9966.00
10226.00
10490.00
10670.00
10930.00
11260.00
11400.00
11550.00
11770.00
11910.00
12000.00
12080.00
12290.00
12500.00
12710.00
12830.00
12970.00
12870.00
12810.00
12730.00
12640.00
12650.00
12730.00
12720.00
12720.00
12780.00
12780.00
12860.00
12970.00
13060.00
13160.00
13080.00
12930.00
12800.00
12780.00
13040.00
13390.00
13740.00
14000.00
14170.00
14060.00
13970.00
13880.00
13890.00
14090.00
14380.00
14640.00
15030.00
15550.00
15890.00
16120.00
16330.00
16490.00
16390.00
16450.00
16560.00
16710.00
16750.00
