3475.88
3474.93
3477.78
3481.59
3480.64
3477.78
3473.98
3472.08
3470.17
3469.22
3469.22
3471.12
3469.22
3469.22
3471.12
3479.69
3487.30
3507.27
3522.49
3535.81
3538.66
3539.62
3533.91
3532.01
3534.86
3543.42
3551.98
3566.25
3579.57
3587.18
3592.89
3596.69
3593.84
3590.03
3585.28
3578.62
3576.71
3578.62
3582.42
3588.13
3594.79
3599.54
3598.59
3596.69
3597.64
3597.64
3597.64
3599.54
3605.25
3616.67
3635.69
3659.47
3695.62
3749.84
3792.65
3833.55
3881.12
3921.07
3948.65
3968.63
3992.41
3996.22
3989.56
3973.39
3969.58
3958.17
3962.92
3973.39
3983.85
3998.12
4018.10
4032.36
4056.15
4102.76
4158.88
4192.18
4234.03
4268.28
4276.84
4273.98
4290.15
4304.42
4302.52
4303.47
4299.67
4295.86
4281.59
4268.28
4235.93
4194.08
4150.32
4106.56
4076.12
4075.17
4095.15
4112.27
4139.86
4172.20
4203.59
4227.37
4249.25
4264.47
4269.23
4264.47
4262.57
4272.08
4286.35
4295.86
4312.03
4327.25
4334.86
4331.06
4332.01
4324.40
4311.08
4288.25
4258.76
4234.03
4221.66
4220.71
4225.47
4242.59
4242.59
4233.08
4210.25
4178.86
4148.42
4118.93
4094.20
4072.32
4070.41
4079.93
4118.93
4165.54
4216.91
4259.71
4288.25
4300.62
4297.76
4293.01
4290.15
4285.40
4274.93
4251.15
4231.18
4211.20
4202.64
4214.05
4248.30
4282.54
4313.94
4336.77
4334.86
4324.40
4315.84
4306.33
4291.11
4291.11
4293.01
4289.20
4286.35
4295.86
4321.55
4353.89
4402.40
4452.82
4498.48
4527.97
4550.80
4568.87
4585.99
4601.21
4639.26
4669.70
4687.78
4687.78
4702.05
4689.68
4694.44
4701.10
4731.54
4743.90
4758.17
4761.03
4751.51
4740.10
4731.54
4722.02
4720.12
4725.83
4728.68
4736.29
4742.00
4747.71
4756.27
4762.93
4771.49
4786.71
4800.03
4813.34
4830.47
4845.69
4874.22
4927.49
4984.57
5034.04
5087.31
5117.75
5138.67
5155.80
5117.75
5058.77
5028.33
4975.06
4925.59
4950.32
4995.98
4992.18
4992.18
4961.74
4925.59
4876.13
4823.81
4785.76
4780.05
4768.64
4739.15
4717.27
4645.92
4560.31
4481.36
4475.65
4497.53
4564.12
4633.56
4695.39
4709.66
4721.07
4764.57
4821.78
4869.04
