2610.00
2631.00
2710.00
2785.00
2900.00
3042.00
3111.00
3092.00
3074.00
3019.00
2946.00
2933.00
2924.00
2927.00
2932.00
2980.00
3002.00
3083.00
3140.00
3161.00
3172.00
3179.00
3133.00
3145.00
3198.00
3258.00
3333.00
3434.00
3480.00
3514.00
3528.00
3544.00
3528.00
3531.00
3517.00
3500.00
3397.00
3323.00
3270.00
3217.00
3275.00
3404.00
3543.00
3642.00
3675.00
3629.00
3571.00
3518.00
3467.00
3489.00
3431.00
3378.00
3284.00
3187.00
3082.00
3027.00
2969.00
2930.00
2931.00
2948.00
2962.00
2967.00
2977.00
2988.00
3007.00
3025.00
3051.00
3072.00
3057.00
3038.00
3037.00
3034.00
3013.00
2995.00
2968.00
2942.00
2925.00
2928.00
2947.00
2970.00
2988.00
2969.00
2947.00
2924.00
2920.00
2914.00
2940.00
2948.00
2938.00
2901.00
2837.00
2755.00
2691.00
2641.00
2606.00
2577.00
2569.00
2562.00
2555.00
2551.00
2566.00
2614.00
2673.00
2736.00
2796.00
2856.00
2868.00
2870.00
2863.00
2862.00
2863.00
2882.00
2884.00
2890.00
2871.00
2872.00
2864.00
2806.00
2753.00
2719.00
2634.00
2561.00
2542.00
2507.00
2489.00
2510.00
2525.00
2557.00
2584.00
2582.00
2555.00
2529.00
2495.00
2468.00
2448.00
2413.00
2386.00
2334.00
2315.00
2313.00
2335.00
2337.00
2319.00
2270.00
2212.00
2163.00
2119.00
2121.00
2139.00
2143.00
2123.00
2113.00
2112.00
2096.00
2091.00
2091.00
2073.00
2053.00
2049.00
2044.00
2067.00
2107.00
2156.00
2205.00
2255.00
2281.00
2296.00
2297.00
2308.00
2320.00
2326.00
2359.00
2380.00
2383.00
2384.00
2396.00
2379.00
2389.00
2395.00
2398.00
2406.00
2424.00
2423.00
2411.00
2375.00
2297.00
2342.00
2507.00
2619.00
2763.00
2942.00
2983.00
2885.00
2863.00
2810.00
2759.00
2725.00
2712.00
2678.00
2676.00
2672.00
2668.00
2667.00
2685.00
2696.00
2717.00
2753.00
2785.00
2807.00
2811.00
2817.00
2809.00
2823.00
2820.00
2826.00
2810.00
2810.00
2810.00
2830.00
2845.00
2857.00
2844.00
2812.00
2757.00
2711.00
2686.00
2636.00
2576.00
2543.00
2519.00
2500.00
2489.00
2490.00
2494.00
2486.00
2464.00
2470.00
2476.00
2502.00
2537.00
2653.00
