6930.10
6935.92
6961.17
6968.93
6978.64
6976.70
6941.75
6926.21
6897.09
6869.90
6864.08
6883.50
6881.55
6897.09
6930.10
6933.98
6920.39
6939.81
6933.98
6906.80
6922.33
6961.17
6970.88
6998.06
7060.20
7102.91
7141.75
7209.71
7260.20
7291.26
7306.80
7295.15
7262.14
7227.19
7180.58
7192.23
7227.19
7258.25
7277.67
7291.26
7273.79
7258.25
7244.66
7264.08
7250.48
7242.72
7201.94
7149.52
7036.90
6978.64
6860.19
6776.70
6751.46
6747.57
6720.39
6739.81
6733.98
6695.15
6675.73
6685.44
6710.68
6739.81
6786.41
6831.07
6877.67
6910.68
6926.21
6920.39
6891.26
6850.48
6798.06
6770.87
6720.39
6697.09
6656.31
6625.25
6570.88
6533.98
6489.32
6475.73
6460.20
6473.79
6475.73
6411.65
6351.46
6300.97
6229.13
6137.87
6100.97
6062.14
6027.18
6011.65
6027.18
6073.79
6102.91
6100.97
6058.25
6021.36
5972.81
5939.80
5918.45
5945.63
5972.81
6009.71
6046.60
6118.45
6170.87
6213.59
6238.83
6240.78
6217.48
6180.58
6157.28
6124.27
6093.20
6064.08
6031.07
5998.06
5996.11
5994.17
5976.70
5996.12
5965.05
5877.67
5798.06
5747.57
5689.32
5662.14
6017.48
6227.19
6423.30
6563.11
6747.57
6580.58
6566.99
6522.33
6458.25
6289.32
6155.34
5998.06
5833.01
5712.62
5473.79
5213.59
4991.26
4849.52
4734.95
4808.74
4901.94
4988.35
5021.36
5108.74
5233.01
5368.93
5495.15
5623.30
5693.21
5739.81
5770.88
5798.06
5844.66
5900.97
5933.98
5955.34
5955.34
5937.87
5908.74
5871.85
5850.49
5856.31
5877.67
5899.03
5926.21
5937.86
5935.92
5926.21
5881.55
5844.66
5803.88
5759.22
5757.28
5768.93
5749.52
5753.40
5765.05
5691.26
5633.01
5642.72
5652.43
5681.55
5743.69
5811.65
5846.60
5860.20
5879.61
5908.74
5932.04
5972.82
6007.77
6005.82
6015.53
6040.77
6085.43
6147.57
6225.24
6295.14
6349.51
6368.93
6380.58
6384.47
6403.88
6431.07
6431.07
6417.48
6376.70
6328.16
6322.33
6355.34
6382.53
6460.20
6502.91
6510.68
6497.09
6448.54
6341.75
6250.49
6174.76
6089.32
6044.66
6050.48
6050.48
6044.66
6060.19
6071.84
6075.73
6087.38
6091.26
6085.44
6122.33
6158.80
6213.26
