171100.00
173300.00
176300.00
178400.00
179200.00
179800.00
179500.00
179700.00
180500.00
181200.00
181500.00
181900.00
181300.00
181700.00
181600.00
182400.00
183400.00
185200.00
185300.00
186200.00
185800.00
185800.00
184800.00
184400.00
184000.00
183700.00
183900.00
184800.00
186400.00
187300.00
187700.00
187200.00
185800.00
185000.00
185000.00
184900.00
185700.00
187900.00
188300.00
189100.00
190100.00
190500.00
189300.00
189300.00
189400.00
190300.00
191300.00
193200.00
194200.00
194800.00
194400.00
192900.00
191400.00
189700.00
186500.00
184600.00
183600.00
182800.00
182200.00
183300.00
184100.00
184700.00
184700.00
185100.00
185100.00
186700.00
188000.00
189600.00
190600.00
191800.00
191100.00
191400.00
191700.00
191300.00
190400.00
189800.00
187600.00
185500.00
183800.00
181900.00
179700.00
177000.00
174500.00
172000.00
169800.00
168600.00
168400.00
167900.00
167400.00
167900.00
167400.00
167700.00
167100.00
167000.00
165500.00
164500.00
163600.00
163600.00
163500.00
163900.00
163700.00
162800.00
162300.00
162100.00
161800.00
161800.00
161600.00
160600.00
159800.00
159400.00
159300.00
159600.00
160200.00
160400.00
160600.00
160500.00
160100.00
160300.00
161300.00
161600.00
163800.00
166500.00
168100.00
168400.00
169100.00
169300.00
169800.00
170400.00
171400.00
172700.00
172000.00
171000.00
171200.00
172300.00
173200.00
173800.00
174400.00
173500.00
172200.00
171100.00
171000.00
170100.00
169400.00
168000.00
166400.00
163900.00
162100.00
160600.00
158300.00
157300.00
157100.00
157200.00
158100.00
160500.00
161800.00
162500.00
162300.00
161000.00
159500.00
157800.00
158500.00
159800.00
161100.00
162100.00
163700.00
163600.00
163600.00
164400.00
165800.00
167600.00
169000.00
169800.00
170300.00
170300.00
169600.00
169200.00
168900.00
168400.00
167500.00
166800.00
166000.00
164900.00
164400.00
164600.00
165000.00
164500.00
165500.00
166500.00
166300.00
165100.00
165000.00
164100.00
162400.00
162300.00
161800.00
162000.00
161800.00
161900.00
161700.00
161600.00
160900.00
160600.00
160500.00
160200.00
160300.00
160300.00
160600.00
160700.00
160600.00
160100.00
160000.00
159600.00
159100.00
158000.00
157500.00
156000.00
154100.00
152300.00
151300.00
149900.00
148800.00
148200.00
147600.00
146400.00
145300.00
144300.00
143900.00
143700.00
144100.00
145200.00
146600.00
147100.00
147800.00
148500.00
149400.00
150400.00
151500.00
152500.00
153600.00
153400.00
152700.00
