417.28
421.25
425.61
431.16
436.72
441.48
445.44
447.43
449.01
449.41
450.60
450.20
451.00
450.20
451.00
451.79
453.77
456.15
459.33
461.71
462.90
464.09
464.09
464.09
462.90
462.90
462.10
460.91
461.31
462.50
463.69
478.37
485.51
470.91
474.73
475.34
463.61
458.39
473.36
467.37
463.20
456.78
449.94
440.85
437.00
431.33
425.98
423.41
421.81
416.67
414.75
413.04
412.18
410.79
410.79
410.04
410.58
409.94
411.01
412.18
414.00
415.71
417.10
418.28
418.39
417.42
416.78
416.25
415.28
414.11
414.21
413.79
413.36
412.93
412.08
410.90
409.62
408.44
407.58
407.16
406.84
406.84
414.22
421.06
424.05
425.98
427.16
420.42
413.68
415.07
422.34
442.02
454.86
462.56
464.27
462.45
450.79
445.34
444.27
444.16
442.56
438.60
436.57
435.39
439.03
443.20
445.34
446.94
447.58
444.05
441.17
440.10
438.60
439.46
440.52
440.95
443.09
444.70
444.48
445.02
445.34
444.27
442.98
442.56
441.81
441.81
441.81
442.13
442.66
443.31
442.98
443.20
444.05
444.59
444.80
444.91
443.63
442.77
441.70
441.38
442.77
443.52
444.37
444.70
444.16
443.09
444.80
447.05
452.07
458.06
469.19
479.56
487.15
490.15
487.37
480.20
472.72
468.12
467.69
423.31
420.26
420.01
418.68
415.46
461.20
463.60
462.40
460.60
458.40
456.40
453.80
451.60
449.60
449.60
449.40
450.40
451.20
451.40
450.40
448.80
447.00
454.40
460.20
461.80
463.00
464.60
456.60
451.40
449.60
448.40
446.80
446.20
445.20
444.60
444.00
444.00
444.00
444.40
445.40
447.40
448.40
449.00
449.40
449.60
448.80
448.20
448.40
448.40
448.00
447.40
447.60
447.40
446.20
445.20
445.00
444.20
443.60
444.00
444.60
444.80
445.00
444.40
444.20
443.20
443.20
442.60
443.20
443.40
444.00
443.80
444.40
444.20
444.20
444.40
444.20
443.80
443.40
443.00
443.00
443.60
443.80
