6124.00
6188.00
6280.00
6408.00
6490.00
6556.00
6580.00
6588.00
6578.00
6622.00
6664.00
6728.00
6804.00
6870.00
6900.00
6928.00
6944.00
6964.00
6972.00
6970.00
6980.00
6998.00
7048.00
7128.00
7216.00
7300.00
7410.00
7478.00
7498.00
7512.00
7506.00
7494.00
7486.00
7506.00
7482.00
7484.00
7448.00
7382.00
7318.00
7272.00
7210.00
7190.00
7214.00
7218.00
7252.00
7270.00
7266.00
7230.00
7208.00
7168.00
7110.00
7024.00
6974.00
6898.00
6916.00
6978.00
7052.00
7122.00
7216.00
7242.00
7286.00
7342.00
7380.00
7408.00
7450.00
7466.00
7478.00
7494.00
7508.00
7498.00
7478.00
7460.00
7442.00
7424.00
7386.00
7380.00
7382.00
7408.00
7490.00
7614.00
7776.00
7920.00
8140.00
8532.00
9252.00
9792.00
10162.00
10400.00
10320.00
9892.00
9530.00
9292.00
9088.00
8948.00
8804.00
8690.00
8558.00
8462.00
8380.00
8400.00
8468.00
8590.00
8696.00
8860.00
8886.00
8884.00
8948.00
9148.00
9292.00
9446.00
9560.00
9626.00
9536.00
9454.00
9356.00
9296.00
9240.00
9330.00
9310.00
9244.00
9160.00
9120.00
8862.00
8694.00
8620.00
8572.00
8458.00
8414.00
8390.00
8352.00
8304.00
8284.00
8258.00
8244.00
8206.00
8172.00
8082.00
7976.00
7872.00
7822.00
7778.00
7776.00
7724.00
7600.00
7478.00
7452.00
7440.00
7572.00
7752.00
7910.00
7948.00
7986.00
7934.00
7924.00
7914.00
7914.00
7888.00
7894.00
7884.00
7878.00
7884.00
7974.00
7990.00
7992.00
7986.00
7960.00
7844.00
7778.00
7738.00
7764.00
7800.00
7862.00
7944.00
7996.00
7986.00
7950.00
7896.00
7878.00
7850.00
7824.00
7802.00
7794.00
7726.00
7700.00
7734.00
7808.00
7878.00
7994.00
8094.00
8122.00
8142.00
8172.00
8204.00
8282.00
8330.00
8356.00
8412.00
8402.00
8326.00
8332.00
8318.00
8270.00
8232.00
8214.00
8164.00
8156.00
8180.00
8236.00
8280.00
8308.00
8336.00
8282.00
8206.00
8098.00
7978.00
7842.00
7760.00
7732.00
7782.00
7828.00
7854.00
7860.00
7820.00
7742.00
7668.00
7646.00
7642.00
7640.00
7640.00
7682.00
7708.00
7746.00
7792.00
7836.00
7842.00
7840.00
7840.00
7822.00
7840.00
7844.00
7844.00
