9256.00
9314.00
9368.00
9452.00
9550.00
9642.00
9704.00
9746.00
9778.00
9774.00
9776.00
9806.00
10100.00
10370.00
10632.00
10884.00
11080.00
11040.00
10970.00
10960.00
10980.00
10970.00
10940.00
11040.00
11150.00
11170.00
11290.00
11400.00
11410.00
11400.00
11510.00
11530.00
11580.00
11610.00
11540.00
11420.00
11370.00
11330.00
11330.00
11350.00
11370.00
11390.00
11420.00
11370.00
11360.00
11350.00
11280.00
11160.00
11040.00
10880.00
10660.00
10490.00
10340.00
10204.00
10144.00
10154.00
10164.00
10194.00
10290.00
10320.00
10360.00
10360.00
10360.00
10370.00
10440.00
10520.00
10610.00
10620.00
10600.00
10530.00
10440.00
10380.00
10400.00
10400.00
10400.00
10390.00
10350.00
10270.00
10240.00
10220.00
10170.00
10118.00
10084.00
9996.00
9932.00
9902.00
9840.00
9772.00
9696.00
9552.00
9390.00
9270.00
9120.00
8986.00
8982.00
9006.00
9020.00
9076.00
9144.00
9152.00
9156.00
9236.00
9346.00
9506.00
9644.00
9782.00
9822.00
9810.00
9694.00
9608.00
9498.00
9426.00
9334.00
9358.00
9318.00
9276.00
9218.00
9208.00
9130.00
9090.00
9062.00
9070.00
8998.00
8932.00
8874.00
8910.00
8906.00
8932.00
8972.00
8996.00
8920.00
8888.00
8882.00
8884.00
8876.00
8866.00
8842.00
8740.00
8594.00
8548.00
8454.00
8354.00
8336.00
8252.00
8052.00
7932.00
7818.00
7700.00
7704.00
7750.00
7750.00
7772.00
7830.00
7876.00
7910.00
7954.00
7930.00
7878.00
7800.00
7708.00
7644.00
7626.00
7628.00
7652.00
7706.00
7740.00
7762.00
7750.00
7750.00
7756.00
7806.00
7852.00
7916.00
7950.00
7962.00
7930.00
7900.00
7856.00
7812.00
7768.00
7738.00
7716.00
7682.00
7644.00
7628.00
7598.00
7578.00
7628.00
7720.00
7792.00
7834.00
7854.00
7798.00
7712.00
7630.00
7584.00
7542.00
7530.00
7528.00
7516.00
7504.00
7496.00
7490.00
7498.00
7518.00
7540.00
7564.00
7586.00
7596.00
7624.00
7654.00
7690.00
7726.00
7716.00
7646.00
7584.00
7524.00
7460.00
7458.00
7490.00
7496.00
7492.00
7452.00
7378.00
7300.00
7244.00
7178.00
7146.00
7126.00
7116.00
7108.00
7124.00
7144.00
7160.00
7182.00
7200.00
7210.00
7204.00
7200.00
7192.00
7182.00
