1010.00
1013.00
1017.00
1022.00
1032.00
1041.00
1046.00
1053.00
1062.00
1065.00
1066.00
1072.00
1073.00
1073.00
1073.00
1074.00
1075.00
1080.00
1089.00
1099.00
1110.00
1119.00
1126.00
1127.00
1134.00
1140.00
1146.00
1145.00
1146.00
1140.00
1135.00
1129.00
1130.00
1129.00
1113.00
1103.00
1089.00
1076.00
1059.00
1056.00
1044.00
1038.00
1028.00
1027.00
1025.00
1027.00
1033.00
1036.00
1037.00
1036.00
1030.00
1020.00
1013.60
1004.20
998.20
1000.20
1000.20
1002.60
1006.00
1010.00
1011.00
1011.00
1010.00
1013.00
1019.00
1022.00
1023.00
1026.00
1022.00
1017.00
1014.00
1014.00
1012.00
1014.00
1012.00
1010.00
1006.80
1005.80
1003.80
1001.80
999.40
995.60
989.60
977.40
964.60
952.60
953.00
952.20
954.00
956.60
1015.00
1067.60
1098.40
1124.80
1157.00
1118.00
1069.00
1046.00
1035.00
1013.60
1006.80
1010.80
1018.80
1023.80
1038.20
1057.00
1070.00
1077.00
1082.00
1079.00
1080.00
1080.00
1079.00
1073.00
1078.00
1075.00
1073.00
1083.00
1094.00
1104.00
1119.00
1131.00
1134.00
1128.00
1116.00
1101.00
1093.00
1079.00
1076.00
1068.00
1056.00
1047.00
1043.00
1042.00
1049.00
1051.00
1042.00
1033.00
1084.00
1097.00
1107.00
1131.00
1192.00
1205.00
1236.00
1265.00
1284.00
1268.00
1234.00
1211.00
1192.00
1165.00
1139.00
1126.00
1110.00
1108.00
1111.00
1117.00
1108.00
1103.00
1093.00
1086.00
1077.00
1073.00
1074.00
1071.00
1070.00
1059.00
1054.00
1053.00
1059.00
1062.00
1069.00
1071.00
1072.00
1067.00
1060.00
1054.00
1044.00
1030.00
1018.00
1012.00
1004.00
1001.80
1001.40
1001.00
998.00
998.00
999.20
1001.60
1004.00
1013.00
1028.00
1033.00
1036.00
1034.00
1029.00
1019.00
1015.00
1016.00
1021.00
1023.00
1023.00
1028.00
1032.00
1034.00
1035.00
1038.00
1039.00
1041.00
1037.00
1034.00
1031.00
1025.00
1014.00
1012.00
1010.00
1007.00
1010.00
1012.00
1013.00
1015.00
1015.00
1015.00
1013.00
1014.00
1016.00
1020.00
1026.00
1034.00
1042.00
1050.00
1059.00
1061.00
1067.00
1073.00
1076.00
1076.00
1078.00
1081.00
1083.00
