14410.00
14520.00
14600.00
14580.00
14550.00
14500.00
14450.00
14410.00
14520.00
14660.00
14770.00
14890.00
15050.00
15100.00
15120.00
15120.00
15080.00
15070.00
15070.00
15100.00
15190.00
15420.00
15560.00
15720.00
15910.00
16110.00
16190.00
16300.00
16420.00
16440.00
16450.00
16450.00
16570.00
16840.00
17230.00
17740.00
18180.00
18470.00
18550.00
18540.00
18370.00
18270.00
18260.00
18670.00
19470.00
20440.00
21240.00
21880.00
22000.00
21900.00
21310.00
21000.00
20700.00
20380.00
19900.00
19780.00
19520.00
19420.00
19280.00
19180.00
18990.00
18990.00
19030.00
19230.00
19370.00
19430.00
19400.00
19190.00
18940.00
18750.00
18800.00
18700.00
18630.00
18540.00
18370.00
18260.00
18350.00
18370.00
18670.00
18910.00
18920.00
18670.00
18560.00
18120.00
17800.00
17650.00
17590.00
17450.00
17330.00
17190.00
17090.00
16890.00
16660.00
16620.00
16630.00
16440.00
16370.00
16390.00
16370.00
16250.00
16260.00
16330.00
16410.00
16610.00
16880.00
17220.00
17540.00
17710.00
17670.00
17590.00
17420.00
17110.00
16900.00
16810.00
16780.00
16610.00
16570.00
16580.00
16570.00
16450.00
16380.00
16340.00
16100.00
15760.00
15570.00
15490.00
15380.00
15380.00
15430.00
15360.00
15230.00
15160.00
15180.00
15140.00
15110.00
15060.00
14870.00
14600.00
14370.00
14240.00
14210.00
14260.00
13850.00
13330.00
12830.00
12360.00
12050.00
12290.00
12620.00
12870.00
13010.00
13040.00
13100.00
13250.00
13370.00
13520.00
13530.00
13440.00
13390.00
13330.00
13290.00
13350.00
13450.00
13530.00
13660.00
13720.00
13740.00
13750.00
13730.00
13750.00
13900.00
14070.00
14230.00
14320.00
14330.00
13990.00
13650.00
13360.00
13120.00
12870.00
12930.00
12970.00
12890.00
13550.00
14170.00
14720.00
15290.00
15920.00
15740.00
15630.00
15460.00
15260.00
15080.00
14980.00
14980.00
14980.00
14990.00
15050.00
15120.00
15120.00
15170.00
15260.00
15330.00
15450.00
15530.00
15640.00
15710.00
15750.00
15680.00
15650.00
15610.00
15610.00
15610.00
15590.00
15410.00
15200.00
15050.00
15010.00
14990.00
15080.00
15130.00
15140.00
15000.00
14820.00
14650.00
14560.00
14550.00
14580.00
14640.00
14730.00
14880.00
14940.00
15060.00
15210.00
15270.00
15320.00
15370.00
15330.00
15380.00
15480.00
15610.00
