26960.00
27490.00
28100.00
28710.00
28880.00
29210.00
29240.00
29170.00
29320.00
29690.00
29770.00
29830.00
29890.00
29750.00
29570.00
29470.00
29510.00
29720.00
30010.00
30160.00
30150.00
29870.00
29480.00
29030.00
28730.00
28650.00
28780.00
28910.00
29530.00
30100.00
30690.00
31260.00
31950.00
32180.00
32230.00
32310.00
32300.00
32180.00
31820.00
31410.00
30960.00
30600.00
30150.00
29820.00
29980.00
30020.00
29960.00
30060.00
30120.00
29830.00
29510.00
29270.00
29060.00
28830.00
28770.00
29210.00
29570.00
29980.00
30390.00
30770.00
30730.00
30720.00
30610.00
30530.00
30340.00
30250.00
30160.00
30000.00
29720.00
29560.00
29340.00
29130.00
28880.00
28750.00
28590.00
28480.00
28270.00
27900.00
27480.00
27080.00
26650.00
26190.00
25980.00
25840.00
25830.00
25860.00
25910.00
25820.00
25750.00
25480.00
25180.00
24940.00
24790.00
24750.00
24730.00
24650.00
24620.00
24640.00
24800.00
24980.00
25230.00
25500.00
25730.00
25780.00
25860.00
26020.00
26050.00
26060.00
26030.00
26080.00
26040.00
26230.00
26310.00
26400.00
26320.00
26310.00
26120.00
26100.00
26090.00
26070.00
26060.00
26180.00
26050.00
25890.00
25800.00
25700.00
25540.00
25430.00
25380.00
25250.00
24970.00
24830.00
24880.00
24960.00
25120.00
25210.00
25190.00
24920.00
24630.00
24270.00
23950.00
23490.00
22930.00
22300.00
21780.00
21410.00
21180.00
21270.00
21300.00
21380.00
21360.00
21430.00
21490.00
21720.00
21920.00
22050.00
22020.00
21960.00
21850.00
21650.00
21680.00
21780.00
21870.00
21960.00
22140.00
22200.00
22220.00
22360.00
22550.00
22750.00
22940.00
23130.00
23210.00
23280.00
23180.00
23120.00
22950.00
22790.00
22520.00
22400.00
22300.00
22200.00
22080.00
21960.00
21890.00
21670.00
21630.00
21770.00
21960.00
22030.00
22250.00
22320.00
22260.00
22240.00
22170.00
22040.00
21930.00
21850.00
21710.00
21380.00
21050.00
20850.00
20750.00
20730.00
21070.00
21460.00
21920.00
22150.00
22260.00
22220.00
22290.00
22180.00
22120.00
22030.00
21950.00
21750.00
21690.00
21730.00
21770.00
21790.00
21750.00
21660.00
21400.00
21180.00
21080.00
21050.00
21160.00
21440.00
21760.00
22090.00
22440.00
22690.00
22980.00
23250.00
23410.00
23640.00
23720.00
23660.00
23670.00
23760.00
23720.00
