3051.00
3117.00
3179.00
3248.00
3294.00
3334.00
3363.00
3384.00
3400.00
3421.00
3437.00
3447.00
3461.00
3475.00
3486.00
3487.00
3482.00
3477.00
3487.00
3526.00
3577.00
3622.00
3677.00
3716.00
3711.00
3705.00
3705.00
3699.00
3685.00
3676.00
3683.00
3692.00
3703.00
3732.00
3705.00
3667.00
3619.00
3613.00
3590.00
3621.00
3633.00
3647.00
3616.00
3593.00
3543.00
3503.00
3465.00
3429.00
3383.00
3363.00
3324.00
3285.00
3255.00
3217.00
3189.00
3205.00
3231.00
3251.00
3285.00
3325.00
3344.00
3359.00
3372.00
3384.00
3378.00
3373.00
3368.00
3369.00
3361.00
3365.00
3372.00
3380.00
3382.00
3389.00
3395.00
3416.00
3444.00
3466.00
3491.00
3500.00
3485.00
3444.00
3401.00
3334.00
3280.00
3231.00
3186.00
3148.00
3125.00
3108.00
3091.00
3086.00
3071.00
3067.00
3066.00
3060.00
3050.00
3056.00
3060.00
3055.00
3070.00
3110.00
3151.00
3200.00
3249.00
3280.00
3297.00
3309.00
3312.00
3316.00
3323.00
3321.00
3315.00
3307.00
3293.00
3276.00
3256.00
3245.00
3228.00
3219.00
3222.00
3236.00
3232.00
3222.00
3208.00
3187.00
3167.00
3158.00
3165.00
3163.00
3159.00
3151.00
3140.00
3119.00
3100.00
3069.00
3023.00
2939.00
2879.00
2830.00
2794.00
2770.00
2728.00
2641.00
2559.00
2509.00
2460.00
2478.00
2530.00
2589.00
2624.00
2681.00
2737.00
2795.00
2836.00
2860.00
2851.00
2844.00
2830.00
2821.00
2829.00
2854.00
2880.00
2909.00
2931.00
2956.00
2974.00
2994.00
3011.00
3058.00
3103.00
3165.00
3238.00
3305.00
3357.00
3389.00
3379.00
3332.00
3291.00
3234.00
3188.00
3168.00
3160.00
3145.00
3147.00
3149.00
3151.00
3152.00
3166.00
3167.00
3159.00
3154.00
3148.00
3140.00
3132.00
3131.00
3122.00
3117.00
3110.00
3104.00
3094.00
3089.00
3087.00
3091.00
3095.00
3104.00
3114.00
3122.00
3131.00
3142.00
3154.00
3162.00
3172.00
3159.00
3141.00
3124.00
3108.00
3089.00
3089.00
3092.00
3087.00
3083.00
3080.00
3066.00
3052.00
3113.00
3137.00
3137.00
3136.00
3142.00
3093.00
3072.00
3075.00
3085.00
3088.00
3074.00
3057.00
3030.00
3007.00
2996.00
2989.00
