5308.00
5312.00
5344.00
5380.00
5390.00
5414.00
5420.00
5454.00
5500.00
5562.00
5604.00
5628.00
5634.00
5630.00
5616.00
5598.00
5622.00
5644.00
5664.00
5690.00
5712.00
5714.00
5700.00
5684.00
5680.00
5690.00
5692.00
5702.00
5736.00
5742.00
5778.00
5838.00
5914.00
5978.00
6002.00
6018.00
5998.00
5980.00
5948.00
5978.00
6004.00
6050.00
6076.00
6164.00
6184.00
6192.00
6154.00
6122.00
6066.00
6056.00
6008.00
6016.00
6026.00
5984.00
5968.00
5988.00
5982.00
5958.00
5990.00
5994.00
6008.00
6030.00
6060.00
6056.00
6062.00
6058.00
6058.00
6044.00
6024.00
6004.00
5974.00
5946.00
5926.00
5944.00
5934.00
5974.00
5986.00
6014.00
6026.00
6054.00
6022.00
5992.00
5952.00
5856.00
5800.00
5790.00
5834.00
5966.00
6088.00
6196.00
6264.00
6266.00
6150.00
6120.00
6094.00
6076.00
6100.00
6174.00
6222.00
6278.00
6324.00
6374.00
6428.00
6482.00
6512.00
6554.00
6584.00
6588.00
6580.00
6546.00
6510.00
6478.00
6422.00
6346.00
6306.00
6262.00
6206.00
6180.00
6166.00
6120.00
6082.00
6066.00
6020.00
5984.00
5958.00
5946.00
5902.00
5884.00
5868.00
5852.00
5814.00
5802.00
5768.00
5732.00
5684.00
5626.00
5566.00
5492.00
5408.00
5354.00
5310.00
5262.00
5184.00
5087.00
4979.00
4918.00
4860.00
4844.00
4865.00
4900.00
4886.00
4869.00
4915.00
4957.00
4988.00
5009.00
5009.00
4982.00
4953.00
4910.00
4903.00
4913.00
4918.00
4913.00
4921.00
4912.00
4901.00
4897.00
4937.00
4996.00
5060.00
5124.00
5170.00
5180.00
5168.00
5140.00
5098.00
5065.00
5013.00
4963.00
4919.00
4888.00
4855.00
4835.00
4815.00
4775.00
4748.00
4736.00
4730.00
4717.00
4729.00
4731.00
4714.00
4706.00
4703.00
4706.00
4701.00
4716.00
4722.00
4712.00
4696.00
4690.00
4684.00
4684.00
4704.00
4731.00
4758.00
4770.00
4791.00
4810.00
4828.00
4844.00
4862.00
4856.00
4849.00
4873.00
4903.00
4933.00
4976.00
5000.00
4975.00
4947.00
4919.00
4882.00
4856.00
4837.00
4819.00
4793.00
4762.00
4737.00
4731.00
4731.00
4739.00
4758.00
4776.00
4776.00
4792.00
4806.00
4827.00
4828.00
4826.00
