33760.00
33710.00
33690.00
33620.00
33520.00
33460.00
33380.00
33290.00
33250.00
33350.00
33400.00
33490.00
33620.00
33800.00
33850.00
33930.00
33970.00
34150.00
34390.00
34840.00
35360.00
35960.00
36380.00
36780.00
37410.00
37990.00
38200.00
38420.00
38550.00
38290.00
37940.00
37990.00
38060.00
38100.00
38290.00
38690.00
39050.00
39400.00
39760.00
40000.00
40040.00
40080.00
40090.00
40110.00
40110.00
40100.00
40000.00
39890.00
39810.00
39730.00
39690.00
39730.00
39800.00
39870.00
39720.00
39570.00
39390.00
39320.00
39250.00
39430.00
39700.00
40100.00
40430.00
40750.00
41220.00
41640.00
41940.00
42370.00
42810.00
43180.00
43500.00
44130.00
44600.00
45050.00
45220.00
45220.00
44770.00
44430.00
44090.00
43860.00
43760.00
43690.00
43340.00
42740.00
42320.00
41980.00
41800.00
41890.00
42430.00
42840.00
43260.00
43450.00
43620.00
43540.00
43400.00
43190.00
43150.00
43000.00
42800.00
42740.00
42740.00
42780.00
42840.00
42990.00
43090.00
43200.00
43250.00
43400.00
43520.00
43640.00
43770.00
43880.00
43850.00
43860.00
43640.00
43370.00
43110.00
42910.00
42670.00
42700.00
42560.00
42420.00
42210.00
42100.00
41970.00
42020.00
42080.00
42200.00
42310.00
42220.00
42220.00
42250.00
42270.00
42230.00
42290.00
42310.00
42210.00
41890.00
41850.00
41840.00
41840.00
41920.00
41920.00
41600.00
41420.00
41230.00
41020.00
41120.00
41170.00
41130.00
40940.00
40650.00
40370.00
40100.00
39650.00
39350.00
39110.00
38930.00
38790.00
38950.00
39140.00
39450.00
39640.00
39990.00
40190.00
40310.00
40350.00
40420.00
40330.00
40270.00
40180.00
40140.00
40090.00
40230.00
40350.00
40460.00
40590.00
40780.00
40830.00
40870.00
40980.00
41020.00
40990.00
41010.00
41000.00
41010.00
41000.00
41040.00
41120.00
41270.00
41260.00
41330.00
41300.00
41220.00
41080.00
41030.00
41110.00
41000.00
41000.00
41130.00
41420.00
41590.00
41970.00
42280.00
42500.00
42590.00
42650.00
42760.00
42750.00
42730.00
42610.00
42490.00
42390.00
42250.00
42110.00
41870.00
41620.00
41320.00
41130.00
41000.00
41000.00
41010.00
41030.00
41000.00
40800.00
40780.00
40730.00
40740.00
40860.00
41050.00
41130.00
41240.00
41220.00
41130.00
41270.00
41330.00
41330.00
41410.00
41450.00
41250.00
41160.00
