9132.00
9160.00
9192.00
9258.00
9302.00
9328.00
9398.00
9506.00
9616.00
9746.00
9836.00
9886.00
9986.00
10106.00
10160.00
10222.00
10310.00
10330.00
10300.00
10310.00
10350.00
10390.00
10440.00
10510.00
10700.00
10910.00
11070.00
11220.00
11370.00
11380.00
11330.00
11280.00
11270.00
11260.00
11250.00
11300.00
11330.00
11370.00
11370.00
11390.00
11390.00
11360.00
11310.00
11280.00
11250.00
11200.00
11230.00
11250.00
11400.00
11660.00
11900.00
12030.00
12300.00
12390.00
12420.00
12500.00
12660.00
12660.00
12720.00
12770.00
12790.00
12790.00
12820.00
12850.00
12860.00
12900.00
13030.00
13080.00
13090.00
13080.00
13120.00
13110.00
13130.00
13170.00
13240.00
13250.00
13210.00
13250.00
13300.00
13330.00
13330.00
13340.00
13220.00
13190.00
13190.00
13110.00
13070.00
13060.00
13020.00
12940.00
12940.00
12900.00
12910.00
12890.00
12900.00
12950.00
13050.00
13070.00
13040.00
13000.00
13040.00
13070.00
13180.00
13370.00
13460.00
13440.00
13490.00
13510.00
13500.00
13500.00
13490.00
13360.00
13250.00
13070.00
13060.00
13000.00
13010.00
13000.00
13070.00
13010.00
12970.00
12980.00
13020.00
12890.00
12830.00
12830.00
12760.00
12680.00
12720.00
12670.00
12560.00
12500.00
12390.00
12300.00
12360.00
12420.00
12350.00
12170.00
12100.00
12080.00
12050.00
12010.00
12100.00
11990.00
11760.00
11600.00
11530.00
11510.00
11550.00
11570.00
11590.00
11600.00
11600.00
11690.00
11700.00
11830.00
11920.00
12040.00
12090.00
12250.00
12240.00
12280.00
12280.00
12260.00
12220.00
12230.00
12310.00
12580.00
12840.00
13040.00
13260.00
13360.00
13230.00
13330.00
13460.00
13480.00
13520.00
13560.00
13400.00
13320.00
13330.00
13290.00
13340.00
13430.00
13620.00
13860.00
14150.00
14360.00
14560.00
14610.00
14600.00
14620.00
14630.00
14680.00
14730.00
14760.00
14700.00
14720.00
14710.00
14710.00
14670.00
14730.00
14720.00
14690.00
14630.00
14620.00
14600.00
14600.00
14590.00
14660.00
14800.00
15010.00
15230.00
15380.00
15450.00
15470.00
15370.00
15350.00
15480.00
15560.00
15470.00
15370.00
15050.00
14680.00
14390.00
14270.00
14110.00
14090.00
14060.00
14000.00
13900.00
13830.00
13840.00
13880.00
13960.00
14050.00
14180.00
14210.00
14240.00
14280.00
14320.00
