36390.00
36700.00
37480.00
37860.00
38030.00
37770.00
36940.00
35990.00
35630.00
35660.00
35550.00
35730.00
35870.00
35780.00
35490.00
35270.00
34900.00
34760.00
34580.00
34430.00
34480.00
34480.00
34430.00
34920.00
35480.00
35800.00
36300.00
36870.00
36770.00
36590.00
36430.00
36350.00
36030.00
35910.00
35660.00
35770.00
35200.00
34680.00
34260.00
33470.00
32510.00
32430.00
32380.00
32310.00
32890.00
33340.00
33460.00
33580.00
33490.00
33100.00
32720.00
32470.00
32330.00
32190.00
32290.00
32590.00
32510.00
32570.00
33100.00
33810.00
34410.00
35290.00
35990.00
36770.00
37260.00
37740.00
38210.00
38440.00
38310.00
38120.00
37880.00
37590.00
37430.00
37350.00
37150.00
37120.00
37030.00
37230.00
37300.00
37520.00
37920.00
38030.00
37850.00
37620.00
37350.00
36800.00
37440.00
38120.00
39270.00
40180.00
41010.00
40840.00
40640.00
40040.00
39870.00
39780.00
39510.00
39350.00
39320.00
38920.00
38930.00
39010.00
39320.00
39650.00
40080.00
40190.00
40710.00
40660.00
40390.00
40230.00
39930.00
39500.00
39280.00
39060.00
38840.00
38510.00
38100.00
37960.00
37820.00
37580.00
37460.00
37510.00
37150.00
36810.00
36580.00
36400.00
36240.00
36140.00
36070.00
35930.00
35720.00
35400.00
35250.00
35030.00
34790.00
34580.00
34450.00
34210.00
34160.00
34070.00
33970.00
33900.00
33710.00
33570.00
33480.00
33490.00
33530.00
33620.00
33990.00
34730.00
35340.00
35880.00
36400.00
36650.00
36420.00
36190.00
36050.00
35930.00
35730.00
35750.00
35680.00
35600.00
35640.00
35630.00
35530.00
35490.00
35160.00
35030.00
35030.00
35000.00
34960.00
35150.00
35150.00
35340.00
35580.00
35910.00
36140.00
36360.00
36070.00
35930.00
35860.00
35660.00
35400.00
35300.00
35030.00
34590.00
34290.00
34130.00
34110.00
34170.00
34560.00
35120.00
35670.00
36200.00
36500.00
36570.00
36400.00
36290.00
35960.00
35840.00
35550.00
35490.00
35720.00
35790.00
35760.00
35860.00
35720.00
35290.00
35170.00
35010.00
35260.00
35600.00
35760.00
35700.00
35740.00
35530.00
35400.00
35340.00
35540.00
35660.00
35680.00
35650.00
35550.00
35420.00
35470.00
35500.00
35190.00
35100.00
34940.00
34680.00
34500.00
34580.00
34580.00
34570.00
34660.00
34650.00
34640.00
34610.00
34480.00
34310.00
34210.00
