26930.00
27140.00
27540.00
27880.00
28130.00
28340.00
28230.00
28030.00
27790.00
27630.00
27430.00
27370.00
27510.00
27610.00
27670.00
27750.00
27780.00
27720.00
27880.00
28110.00
28350.00
28810.00
29150.00
29220.00
29360.00
29650.00
29820.00
30120.00
30600.00
30770.00
30830.00
30750.00
30660.00
30590.00
30440.00
30430.00
30880.00
31370.00
31710.00
32200.00
32630.00
32540.00
32380.00
32380.00
32330.00
32280.00
32700.00
33580.00
34280.00
35260.00
36070.00
36680.00
37000.00
37440.00
37620.00
37960.00
38120.00
38120.00
38170.00
38210.00
38290.00
38440.00
38540.00
38450.00
38740.00
38830.00
38810.00
39360.00
39700.00
39350.00
39400.00
39250.00
38550.00
38120.00
38000.00
37710.00
37750.00
38320.00
39040.00
39730.00
40070.00
40090.00
39420.00
38470.00
37720.00
37340.00
37310.00
37420.00
37670.00
37850.00
37860.00
38030.00
38160.00
38100.00
38220.00
37980.00
37240.00
36570.00
36420.00
36420.00
37130.00
38170.00
39140.00
39900.00
40030.00
40300.00
40420.00
40630.00
40600.00
40910.00
40770.00
41010.00
41490.00
42080.00
42580.00
42930.00
43070.00
42820.00
42730.00
42460.00
42410.00
41870.00
41410.00
40700.00
40350.00
39970.00
39910.00
39760.00
39690.00
38890.00
38140.00
37570.00
37170.00
36580.00
36540.00
36340.00
35740.00
34920.00
34340.00
33790.00
33130.00
32660.00
32060.00
30810.00
30050.00
29470.00
29210.00
29370.00
30200.00
30530.00
30620.00
30610.00
30550.00
30460.00
30320.00
30600.00
30470.00
30450.00
30460.00
30320.00
30080.00
30180.00
30110.00
30050.00
30430.00
30580.00
30500.00
30680.00
30890.00
31090.00
31270.00
31540.00
31510.00
31450.00
31220.00
31330.00
31310.00
31390.00
31490.00
31580.00
31680.00
31870.00
31890.00
31770.00
31670.00
31230.00
31110.00
31250.00
31430.00
31720.00
32190.00
32530.00
32660.00
32810.00
32770.00
32720.00
32680.00
32640.00
32550.00
32360.00
32350.00
32640.00
33010.00
33360.00
33820.00
34440.00
35430.00
36240.00
36810.00
37720.00
38070.00
37770.00
37560.00
37940.00
37790.00
37810.00
37730.00
37550.00
37110.00
36720.00
36270.00
35790.00
35630.00
35470.00
35520.00
35730.00
36010.00
36150.00
36180.00
36230.00
36060.00
36150.00
36360.00
36680.00
36940.00
37630.00
38070.00
38260.00
38400.00
38500.00
38300.00
