24460.00
24580.00
24670.00
24660.00
24690.00
24890.00
24980.00
25010.00
25040.00
25070.00
25090.00
25280.00
25430.00
25460.00
25440.00
25440.00
25430.00
25470.00
25510.00
25510.00
25340.00
24940.00
24390.00
23850.00
23440.00
23190.00
23100.00
23200.00
23360.00
23470.00
23600.00
23620.00
23670.00
23700.00
23700.00
23710.00
23720.00
23640.00
23530.00
23450.00
23240.00
23020.00
22880.00
22760.00
22710.00
22940.00
23170.00
23280.00
23240.00
23160.00
22900.00
22670.00
22510.00
22430.00
22450.00
22470.00
22470.00
22490.00
22440.00
22420.00
22510.00
22570.00
22670.00
22830.00
22880.00
22970.00
23110.00
23190.00
23280.00
23460.00
23530.00
23590.00
23600.00
23570.00
23440.00
23370.00
23260.00
23280.00
23190.00
23020.00
22820.00
22590.00
22260.00
22040.00
21930.00
21820.00
21740.00
21670.00
21610.00
21580.00
21480.00
21380.00
21300.00
21170.00
20940.00
20680.00
20430.00
20220.00
20040.00
19960.00
19940.00
20060.00
20060.00
20160.00
20230.00
20410.00
20370.00
20470.00
20580.00
20670.00
20660.00
20750.00
20770.00
20750.00
20710.00
20630.00
20570.00
20570.00
20670.00
20730.00
20810.00
20930.00
20850.00
20640.00
20470.00
20270.00
20040.00
19810.00
19480.00
19130.00
18790.00
18520.00
18450.00
18500.00
18570.00
18630.00
18580.00
18430.00
18390.00
18380.00
18300.00
18290.00
18240.00
18110.00
17960.00
18100.00
18320.00
18600.00
18910.00
19160.00
19130.00
19060.00
19040.00
19030.00
19080.00
19170.00
19180.00
19120.00
19060.00
19050.00
19090.00
19180.00
19540.00
19900.00
20170.00
20470.00
20700.00
20680.00
20610.00
20590.00
20520.00
20530.00
20610.00
20640.00
20720.00
20860.00
20810.00
20770.00
20770.00
20720.00
20780.00
20920.00
20960.00
21050.00
21250.00
21260.00
21360.00
21540.00
21680.00
21720.00
21780.00
21750.00
21720.00
21720.00
21650.00
21640.00
21760.00
21810.00
21840.00
21850.00
21750.00
21610.00
21630.00
21600.00
21610.00
21710.00
21760.00
21650.00
21610.00
21440.00
21270.00
21130.00
20950.00
20640.00
20400.00
20150.00
19990.00
19850.00
19790.00
19800.00
19770.00
19660.00
19600.00
19550.00
19500.00
19500.00
19450.00
19380.00
19370.00
19400.00
19460.00
19500.00
19520.00
19480.00
19410.00
19340.00
19320.00
19380.00
19490.00
19500.00
19500.00
