5318.00
5326.00
5326.00
5326.00
5310.00
5300.00
5292.00
5296.00
5304.00
5306.00
5308.00
5302.00
5296.00
5286.00
5296.00
5300.00
5306.00
5310.00
5318.00
5332.00
5346.00
5358.00
5370.00
5380.00
5374.00
5372.00
5376.00
5384.00
5392.00
5396.00
5400.00
5404.00
5404.00
5400.00
5392.00
5388.00
5384.00
5376.00
5364.00
5364.00
5362.00
5360.00
5358.00
5370.00
5376.00
5388.00
5402.00
5414.00
5414.00
5410.00
5386.00
5374.00
5374.00
5374.00
5384.00
5406.00
5416.00
5418.00
5422.00
5426.00
5432.00
5430.00
5432.00
5440.00
5448.00
5456.00
5472.00
5488.00
5496.00
5502.00
5496.00
5488.00
5484.00
5484.00
5484.00
5520.00
5550.00
5558.00
5582.00
5596.00
5580.00
5558.00
5536.00
5496.00
5474.00
5460.00
5456.00
5466.00
5470.00
5462.00
5448.00
5432.00
5420.00
5418.00
5414.00
5408.00
5408.00
5402.00
5390.00
5384.00
5380.00
5380.00
5392.00
5410.00
5432.00
5456.00
5476.00
5478.00
5486.00
5502.00
5522.00
5542.00
5556.00
5570.00
5566.00
5556.00
5540.00
5546.00
5542.00
5530.00
5528.00
5528.00
5516.00
5504.00
5504.00
5500.00
5498.00
5500.00
5500.00
5506.00
5500.00
5500.00
5500.00
5500.00
5498.00
5500.00
5492.00
5470.00
5446.00
5422.00
5406.00
5390.00
5370.00
5346.00
5320.00
5284.00
5258.00
5250.00
5246.00
5246.00
5250.00
5246.00
5238.00
5242.00
5240.00
5234.00
5228.00
5232.00
5230.00
5232.00
5248.00
5268.00
5278.00
5294.00
5312.00
5324.00
5334.00
5342.00
5352.00
5368.00
5384.00
5398.00
5412.00
5418.00
5412.00
5404.00
5396.00
5398.00
5394.00
5390.00
5386.00
5382.00
5368.00
5358.00
5344.00
5324.00
5314.00
5320.00
5326.00
5346.00
5366.00
5384.00
5392.00
5396.00
5400.00
5402.00
5400.00
5398.00
5410.00
5406.00
5410.00
5418.00
5432.00
5432.00
5440.00
5450.00
5452.00
5446.00
5458.00
5468.00
5476.00
5484.00
5492.00
5480.00
5464.00
5452.00
5444.00
5438.00
5440.00
5446.00
5446.00
5444.00
5436.00
5426.00
5414.00
5402.00
5386.00
5368.00
5354.00
5346.00
5338.00
5338.00
5344.00
5356.00
5368.00
5380.00
5386.00
5392.00
5394.00
5370.00
5338.00
