2252.00
2347.00
2440.00
2478.00
2511.00
2545.00
2519.00
2496.00
2474.00
2462.00
2463.00
2467.00
2476.00
2496.00
2517.00
2541.00
2543.00
2619.00
2661.00
2684.00
2718.00
2800.00
2801.00
2865.00
2915.00
2939.00
2923.00
2896.00
2835.00
2805.00
2787.00
2762.00
2736.00
2715.00
2664.00
2632.00
2625.00
2628.00
2616.00
2611.00
2603.00
2581.00
2559.00
2549.00
2537.00
2540.00
2531.00
2528.00
2518.00
2519.00
2492.00
2483.00
2469.00
2475.00
2483.00
2492.00
2487.00
2488.00
2484.00
2477.00
2475.00
2481.00
2490.00
2490.00
2499.00
2510.00
2523.00
2524.00
2529.00
2534.00
2531.00
2535.00
2566.00
2608.00
2635.00
2653.00
2652.00
2642.00
2615.00
2602.00
2594.00
2581.00
2563.00
2536.00
2509.00
2494.00
2480.00
2475.00
2502.00
2497.00
2480.00
2452.00
2387.00
2314.00
2282.00
2244.00
2222.00
2223.00
2212.00
2190.00
2185.00
2193.00
2209.00
2229.00
2238.00
2245.00
2268.00
2277.00
2285.00
2316.00
2342.00
2348.00
2354.00
2354.00
2330.00
2315.00
2296.00
2297.00
2305.00
2341.00
2387.00
2409.00
2411.00
2399.00
2387.00
2398.00
2434.00
2470.00
2520.00
2533.00
2490.00
2437.00
2391.00
2340.00
2304.00
2278.00
2247.00
2197.00
2162.00
2133.00
2096.00
2073.00
2045.00
1984.00
1923.00
1904.00
1892.00
1904.00
1928.00
1947.00
1930.00
1916.00
1911.00
1915.00
1933.00
1955.00
1961.00
1961.00
1987.00
2025.00
2069.00
2120.00
2176.00
2201.00
2225.00
2247.00
2292.00
2327.00
2372.00
2388.00
2412.00
2415.00
2409.00
2374.00
2348.00
2330.00
2379.00
2422.00
2490.00
2544.00
2568.00
2545.00
2582.00
2614.00
2689.00
2703.00
2767.00
2796.00
2784.00
2764.00
2820.00
2812.00
2776.00
2780.00
2738.00
2723.00
2689.00
2698.00
2695.00
2719.00
2735.00
2747.00
2783.00
2806.00
2823.00
2826.00
2842.00
2786.00
2744.00
2711.00
2682.00
2629.00
2599.00
2558.00
2506.00
2427.00
2385.00
2359.00
2358.00
2358.00
2378.00
2371.00
2381.00
2381.00
2398.00
2420.00
2433.00
2409.00
2413.00
2422.00
2448.00
2567.00
2734.00
2932.00
3110.00
3212.00
3282.00
3286.00
3249.00
3238.00
3323.00
