4555.00
4626.00
4675.00
4627.00
4629.00
4670.00
4724.00
4786.00
4918.00
5028.00
5159.00
5253.00
5348.00
5384.00
5366.00
5298.00
5280.00
5268.00
5242.00
5294.00
5332.00
5368.00
5400.00
5418.00
5438.00
5400.00
5348.00
5332.00
5274.00
5222.00
5266.00
5312.00
5358.00
5460.00
5482.00
5588.00
5654.00
5710.00
5744.00
6030.00
6254.00
6488.00
6764.00
7094.00
7202.00
7202.00
7252.00
7122.00
6994.00
6994.00
7030.00
7100.00
7294.00
7406.00
7390.00
7428.00
7474.00
7454.00
7578.00
7738.00
7818.00
7774.00
7710.00
7586.00
7404.00
7184.00
7014.00
7300.00
7688.00
8162.00
8752.00
9350.00
9432.00
9402.00
9404.00
9282.00
9168.00
9114.00
9026.00
8820.00
8606.00
8318.00
8134.00
7932.00
7748.00
7676.00
7710.00
7614.00
7460.00
7328.00
7226.00
7006.00
6854.00
6786.00
6798.00
6732.00
6720.00
6762.00
6816.00
6860.00
6926.00
7006.00
7048.00
7104.00
7154.00
7166.00
7228.00
7242.00
7194.00
7096.00
7064.00
6940.00
6840.00
6812.00
6752.00
6648.00
6624.00
6604.00
6566.00
6532.00
6498.00
6444.00
6348.00
6230.00
6188.00
6178.00
6180.00
6222.00
6272.00
6226.00
6208.00
6198.00
6210.00
6226.00
6270.00
6244.00
6146.00
5964.00
5840.00
5782.00
5754.00
5800.00
5824.00
5788.00
5716.00
5682.00
5646.00
5724.00
5812.00
5932.00
5978.00
6022.00
6080.00
6176.00
6220.00
6288.00
6290.00
6296.00
6292.00
6246.00
6248.00
6320.00
6344.00
6334.00
6412.00
6434.00
6388.00
6362.00
6362.00
6318.00
6310.00
6406.00
6524.00
6602.00
6688.00
6756.00
6734.00
6690.00
6668.00
6676.00
6678.00
6698.00
6690.00
6680.00
6622.00
6592.00
6606.00
6668.00
6810.00
6968.00
7094.00
7176.00
7230.00
7196.00
7116.00
7066.00
6992.00
6952.00
6932.00
6940.00
7002.00
7058.00
7100.00
7120.00
7166.00
7124.00
7102.00
7060.00
7020.00
6976.00
6968.00
6976.00
6972.00
6922.00
6852.00
6746.00
6668.00
6644.00
6680.00
6734.00
6824.00
6912.00
6968.00
6990.00
6994.00
7046.00
7070.00
7088.00
7120.00
7168.00
7168.00
7158.00
7118.00
7104.00
7086.00
7048.00
6974.00
6912.00
6834.00
6788.00
6758.00
