56360.00
56540.00
56720.00
57300.00
57080.00
57160.00
57060.00
57040.00
57040.00
57400.00
57560.00
57780.00
58080.00
58120.00
58060.00
58100.00
58540.00
58920.00
59040.00
59440.00
59640.00
59360.00
59320.00
59580.00
59540.00
59560.00
60040.00
59240.00
58400.00
57500.00
56700.00
55380.00
55280.00
55080.00
54740.00
54500.00
54000.00
53480.00
52960.00
52400.00
51700.00
51620.00
51560.00
51540.00
51820.00
52140.00
52120.00
52140.00
52000.00
51800.00
51440.00
51380.00
51300.00
51060.00
50860.00
50900.00
50800.00
50680.00
50900.00
50980.00
51060.00
50800.00
50640.00
50360.00
50120.00
50020.00
50220.00
50260.00
50060.00
49870.00
49370.00
48720.00
48020.00
47470.00
46750.00
46280.00
46050.00
46150.00
46290.00
46270.00
46120.00
45670.00
45200.00
44670.00
44940.00
45490.00
46260.00
46800.00
47160.00
46830.00
46190.00
45520.00
44950.00
44540.00
43910.00
42870.00
42220.00
41430.00
40960.00
40950.00
41360.00
41490.00
41750.00
42060.00
42260.00
42640.00
42680.00
42650.00
42540.00
42610.00
42600.00
42840.00
43070.00
43120.00
43000.00
42920.00
42810.00
42970.00
43250.00
43790.00
44250.00
44890.00
45040.00
44590.00
43820.00
43070.00
42260.00
41610.00
41690.00
41750.00
41630.00
41860.00
42270.00
42360.00
42510.00
42650.00
42250.00
41520.00
40870.00
40400.00
39990.00
39780.00
39480.00
39100.00
38510.00
38110.00
37840.00
38100.00
38400.00
39010.00
39390.00
39720.00
39980.00
40340.00
40630.00
40870.00
40750.00
40420.00
40160.00
39760.00
39570.00
39600.00
39790.00
40030.00
40320.00
40780.00
41130.00
41500.00
41740.00
41970.00
41950.00
42140.00
42180.00
42470.00
42660.00
42980.00
42990.00
43000.00
42570.00
42320.00
42100.00
41930.00
41800.00
41800.00
41870.00
41700.00
41680.00
42030.00
42730.00
43210.00
43870.00
44530.00
44930.00
45050.00
45330.00
45530.00
45890.00
46070.00
46470.00
46650.00
46910.00
47050.00
47360.00
47290.00
47920.00
48420.00
48880.00
49480.00
49930.00
49790.00
49720.00
49660.00
49600.00
49660.00
49520.00
49540.00
49480.00
49250.00
49090.00
49080.00
48730.00
48730.00
48610.00
48360.00
48190.00
48160.00
47740.00
47620.00
47650.00
47930.00
48220.00
48640.00
48870.00
49020.00
49050.00
49210.00
49270.00
49320.00
49510.00
49490.00
49470.00
