6800.00
6852.00
6916.00
6974.00
6996.00
7030.00
7046.00
7060.00
7066.00
7074.00
7122.00
7234.00
7370.00
7532.00
7674.00
7808.00
7892.00
7950.00
7924.00
7918.00
7876.00
7806.00
7776.00
7982.00
8150.00
8354.00
8572.00
8772.00
8828.00
8930.00
9020.00
9140.00
9236.00
9298.00
9304.00
9328.00
9322.00
9360.00
9338.00
9376.00
9372.00
9388.00
9392.00
9494.00
9636.00
9796.00
9916.00
10004.00
9986.00
9886.00
9788.00
9712.00
9642.00
9610.00
9612.00
9618.00
9620.00
9624.00
9642.00
9644.00
9650.00
9648.00
9658.00
9670.00
9690.00
9684.00
9700.00
9698.00
9652.00
9624.00
9612.00
9590.00
9576.00
9602.00
9624.00
9658.00
9688.00
9704.00
9712.00
9702.00
9742.00
9824.00
9984.00
10228.00
10450.00
10610.00
10680.00
10630.00
10446.00
10326.00
10326.00
10446.00
10586.00
10760.00
10870.00
10830.00
10680.00
10570.00
10560.00
10510.00
10470.00
10440.00
10440.00
10320.00
10380.00
10460.00
10850.00
11250.00
11710.00
12060.00
12330.00
12230.00
12070.00
11890.00
11750.00
11660.00
11680.00
11660.00
11640.00
11600.00
11570.00
11580.00
11520.00
11430.00
11330.00
11330.00
11230.00
11180.00
11200.00
11180.00
11110.00
11100.00
11180.00
11280.00
11430.00
11440.00
11540.00
11550.00
11670.00
11670.00
11750.00
11680.00
11570.00
11280.00
11160.00
11080.00
11090.00
11200.00
11290.00
11340.00
11280.00
11170.00
11120.00
11100.00
11040.00
11190.00
11260.00
11310.00
11410.00
11480.00
11440.00
11460.00
11450.00
11410.00
11400.00
11350.00
11290.00
11320.00
11300.00
11250.00
11310.00
11400.00
11350.00
11340.00
11400.00
11350.00
11280.00
11220.00
11070.00
10860.00
10720.00
10620.00
10580.00
10640.00
10670.00
10570.00
10470.00
10340.00
10180.00
10110.00
10180.00
10210.00
10250.00
10340.00
10360.00
10410.00
10450.00
10530.00
10570.00
10650.00
10690.00
10760.00
10860.00
10960.00
11070.00
11120.00
11130.00
11130.00
11160.00
11180.00
11150.00
11170.00
11120.00
10980.00
10810.00
10730.00
10640.00
10560.00
10530.00
10430.00
10320.00
10208.00
10098.00
9984.00
10014.00
10054.00
10106.00
10136.00
10180.00
10160.00
10140.00
10130.00
10190.00
10230.00
10330.00
10410.00
10510.00
10550.00
10680.00
10660.00
10640.00
