3014.00
3027.00
3042.00
3055.00
3061.00
3072.00
3087.00
3104.00
3135.00
3186.00
3238.00
3284.00
3323.00
3336.00
3331.00
3310.00
3287.00
3265.00
3254.00
3246.00
3248.00
3257.00
3273.00
3283.00
3289.00
3308.00
3317.00
3322.00
3337.00
3359.00
3365.00
3365.00
3374.00
3372.00
3348.00
3338.00
3328.00
3314.00
3290.00
3285.00
3275.00
3268.00
3257.00
3267.00
3273.00
3277.00
3288.00
3298.00
3301.00
3299.00
3290.00
3276.00
3272.00
3263.00
3264.00
3267.00
3267.00
3263.00
3262.00
3258.00
3260.00
3270.00
3290.00
3312.00
3332.00
3363.00
3398.00
3419.00
3440.00
3473.00
3490.00
3487.00
3487.00
3506.00
3513.00
3522.00
3547.00
3566.00
3573.00
3570.00
3560.00
3530.00
3498.00
3451.00
3415.00
3398.00
3396.00
3399.00
3417.00
3420.00
3423.00
3423.00
3417.00
3401.00
3404.00
3399.00
3393.00
3391.00
3390.00
3387.00
3396.00
3411.00
3439.00
3471.00
3507.00
3523.00
3536.00
3528.00
3534.00
3528.00
3531.00
3533.00
3544.00
3545.00
3538.00
3538.00
3537.00
3525.00
3519.00
3521.00
3512.00
3506.00
3506.00
3494.00
3485.00
3481.00
3476.00
3478.00
3474.00
3474.00
3460.00
3452.00
3453.00
3449.00
3431.00
3424.00
3400.00
3332.00
3260.00
3203.00
3162.00
3117.00
3083.00
3057.00
3026.00
2979.00
2946.00
2936.00
2942.00
2957.00
2968.00
2980.00
2992.00
2993.00
2984.00
2982.00
2968.00
2953.00
2940.00
2928.00
2918.00
2926.00
2928.00
2935.00
2950.00
2964.00
2975.00
2990.00
3007.00
3025.00
3044.00
3061.00
3084.00
3103.00
3117.00
3116.00
3112.00
3110.00
3105.00
3095.00
3096.00
3099.00
3090.00
3082.00
3075.00
3061.00
3047.00
3039.00
3031.00
3020.00
3017.00
3014.00
3011.00
3011.00
3005.00
3007.00
3003.00
3000.00
3004.00
3008.00
3010.00
3023.00
3054.00
3067.00
3092.00
3112.00
3132.00
3132.00
3141.00
3139.00
3188.00
3273.00
3349.00
3402.00
3474.00
3476.00
3460.00
3487.00
3528.00
3560.00
3645.00
3720.00
3757.00
3809.00
3849.00
3852.00
3834.00
3817.00
3794.00
3815.00
3820.00
3836.00
3861.00
3872.00
3850.00
3847.00
3835.00
3852.00
3876.00
3887.00
3888.00
