3910.00
3912.73
3907.27
3910.91
3904.55
3907.27
3895.46
3898.18
3906.36
3922.73
3932.73
3944.54
3950.91
3966.36
3977.27
3983.64
3981.82
3994.55
3999.09
4011.82
4028.18
4044.55
4038.18
4025.45
4012.73
4006.36
4001.82
4003.64
4003.64
4000.00
3993.64
3995.45
3989.09
3972.73
3954.55
3935.45
3906.36
3873.64
3858.18
3841.82
3831.82
3814.54
3813.63
3817.27
3829.09
3829.09
3835.45
3835.45
3854.54
3872.73
3881.82
3890.00
3894.55
3860.00
3828.18
3810.91
3803.64
3804.54
3820.00
3821.82
3820.00
3819.09
3816.36
3814.54
3815.45
3823.64
3830.00
3846.36
3853.64
3860.00
3863.64
3862.73
3847.27
3848.18
3850.00
3850.91
3854.55
3858.18
3847.27
3840.00
3832.73
3827.27
3825.45
3818.18
3806.36
3800.00
3790.91
3765.45
3730.91
3694.55
3652.73
3610.00
3590.00
3590.91
3597.27
3590.00
3578.18
3578.18
3603.64
3627.27
3669.09
3723.64
3771.82
3798.18
3830.00
3861.82
3882.73
3876.36
3857.27
3831.82
3804.54
3770.91
3772.73
3773.63
3781.82
3788.18
3800.00
3787.27
3780.91
3761.82
3738.18
3719.09
3693.64
3667.27
3647.27
3638.18
3628.18
3626.36
3625.45
3625.45
3621.82
3625.45
3625.45
3621.82
3622.73
3615.45
3593.64
3553.64
3520.00
3483.64
3472.73
3467.27
3450.00
3415.45
3387.27
3348.18
3309.09
3295.45
3296.36
3294.55
3246.36
3197.27
3164.55
3128.18
3094.55
3091.82
3087.27
3070.00
3058.18
3041.82
3043.64
3049.09
3057.27
3059.09
3072.73
3069.09
3063.64
3068.18
3078.18
3080.00
3088.18
3100.91
3106.37
3103.64
3103.64
3106.37
3100.00
3093.64
3089.09
3081.82
3074.55
3070.91
3065.46
3070.00
3069.09
3067.27
3073.64
3080.91
3082.73
3088.18
3087.27
3090.00
3090.00
3089.09
3086.36
3090.00
3085.45
3089.09
3091.82
3096.36
3097.27
3100.00
3100.00
3105.45
3112.73
3126.36
3147.27
3163.64
3171.82
3178.18
3193.64
3199.09
3205.46
3214.55
3220.91
3205.46
3195.46
3191.82
3194.55
3203.64
3215.46
3218.18
3210.00
3194.54
3171.82
3149.09
3124.55
3102.73
3086.37
3085.46
3120.00
3188.18
3271.82
3354.55
3435.46
3503.64
3545.46
3567.27
3600.00
3570.64
3520.09
