4104.00
4100.00
4093.00
4104.00
4097.00
4097.00
4093.00
4078.00
4078.00
4077.00
4068.00
4064.00
4068.00
4062.00
4056.00
4064.00
4068.00
4079.00
4094.00
4109.00
4137.00
4154.00
4184.00
4198.00
4220.00
4232.00
4263.00
4260.00
4269.00
4270.00
4279.00
4274.00
4284.00
4290.00
4281.00
4243.00
4215.00
4193.00
4181.00
4198.00
4211.00
4226.00
4232.00
4232.00
4217.00
4212.00
4201.00
4198.00
4191.00
4190.00
4185.00
4191.00
4191.00
4190.00
4192.00
4200.00
4195.00
4188.00
4178.00
4164.00
4135.00
4116.00
4109.00
4115.00
4117.00
4141.00
4156.00
4167.00
4156.00
4156.00
4158.00
4167.00
4158.00
4181.00
4202.00
4221.00
4227.00
4242.00
4239.00
4230.00
4198.00
4159.00
4134.00
4107.00
4089.00
4085.00
4094.00
4091.00
4083.00
4076.00
4071.00
4055.00
4048.00
4039.00
4037.00
4016.00
4015.00
4001.00
3984.00
3963.00
3960.00
3954.00
3959.00
3981.00
3998.00
4028.00
4049.00
4058.00
4064.00
4069.00
4068.00
4065.00
4058.00
4065.00
4064.00
4057.00
4065.00
4079.00
4058.00
4041.00
4037.00
4026.00
3996.00
3976.00
3948.00
3922.00
3895.00
3873.00
3855.00
3849.00
3831.00
3814.00
3796.00
3781.00
3744.00
3711.00
3653.00
3597.00
3546.00
3537.00
3526.00
3532.00
3551.00
3573.00
3574.00
3594.00
3610.00
3630.00
3646.00
3675.00
3651.00
3659.00
3667.00
3675.00
3678.00
3700.00
3687.00
3672.00
3668.00
3665.00
3675.00
3699.00
3726.00
3734.00
3739.00
3734.00
3727.00
3731.00
3738.00
3732.00
3738.00
3747.00
3762.00
3754.00
3747.00
3742.00
3726.00
3689.00
3679.00
3675.00
3681.00
3678.00
3672.00
3673.00
3666.00
3651.00
3656.00
3677.00
3683.00
3706.00
3719.00
3727.00
3719.00
3727.00
3702.00
3694.00
3700.00
3722.00
3732.00
3741.00
3740.00
3730.00
3709.00
3690.00
3683.00
3677.00
3655.00
3641.00
3624.00
3617.00
3611.00
3631.00
3634.00
3638.00
3638.00
3626.00
3612.00
3603.00
3596.00
3590.00
3600.00
3596.00
3585.00
3565.00
3555.00
3534.00
3544.00
3545.00
3530.00
3504.00
3477.00
3424.00
3396.00
3384.00
3376.00
3368.00
3358.00
3348.00
3362.00
3376.00
3390.00
