439215.80
439509.80
442451.00
440686.40
439510.00
439216.00
436569.00
434118.00
434804.20
433823.80
433823.80
433039.40
431862.80
429117.60
427156.80
423627.20
422843.00
423235.20
423529.40
423823.40
427647.00
434803.80
439803.80
447058.60
453627.20
455784.00
455195.80
460293.80
464117.40
468039.00
473431.20
476960.60
477254.80
477745.00
479019.60
481666.60
485392.00
486372.40
484607.80
482352.80
478039.20
474313.80
472549.00
470294.00
470294.00
468627.20
465882.20
462647.00
459509.80
454804.00
451274.60
449019.60
444509.80
443431.40
442941.20
443823.60
444902.00
449117.60
450980.20
449607.60
446764.60
442647.00
438235.40
434902.20
433823.80
431568.80
429804.00
427451.00
423921.60
421274.60
421372.60
420980.60
419902.20
420294.20
419313.80
418823.60
419705.80
422843.00
425588.20
427941.00
427745.00
423823.60
418137.40
410392.20
403823.60
400392.20
399411.80
399313.60
399607.80
399313.80
398921.60
397549.00
396372.60
397058.80
397254.80
395000.00
394215.60
394803.80
395392.20
396372.60
399019.60
400784.40
401372.60
401764.60
402647.00
402451.00
402941.20
401372.60
399902.00
399804.00
401568.60
403235.20
405882.40
406862.80
407843.20
406372.60
403529.40
403725.40
404902.00
404411.80
382941.20
363333.40
339411.80
315882.40
291960.80
292058.80
291176.40
291470.60
292254.80
293137.00
291568.40
290882.20
291274.20
291372.20
291568.40
292254.80
291470.40
288921.40
287156.80
285588.20
285392.00
285392.00
282352.80
278137.20
273725.40
268137.20
267451.00
271372.60
274215.60
276568.60
278431.40
276764.80
274804.00
276862.80
278431.40
279509.80
278627.40
276764.60
273137.20
271470.40
270980.20
272646.80
274705.80
276568.60
276862.80
276862.80
275098.20
273823.60
273529.40
274902.00
279019.60
283921.60
287843.20
290294.20
290490.20
287745.20
284215.80
281372.60
278039.20
275588.20
275784.20
276372.40
276176.40
278823.60
282157.00
282745.20
283039.20
285196.00
285196.00
286568.60
289117.60
291176.40
292647.00
294705.80
299313.60
303137.20
310980.40
316862.80
323137.20
325490.20
327353.00
326764.80
328137.40
328431.60
327549.20
326470.80
324608.00
321274.60
318039.40
314313.80
313235.20
314117.60
316274.40
319215.40
320980.20
320588.20
320784.20
321470.60
320980.40
323333.40
323137.20
321862.80
320490.20
319117.80
316862.80
317745.20
317059.00
311568.80
305392.20
300098.20
294902.20
290000.20
289412.00
290196.40
291274.80
291666.80
293725.60
295490.20
297156.80
295933.20
296507.80
