2280.00
2290.00
2303.00
2322.00
2334.00
2355.00
2372.00
2389.00
2410.00
2432.00
2439.00
2443.00
2447.00
2447.00
2472.00
2503.00
2529.00
2553.00
2573.00
2568.00
2574.00
2624.00
2670.00
2715.00
2781.00
2814.00
2805.00
2814.00
2818.00
2784.00
2770.00
2752.00
2724.00
2720.00
2699.00
2669.00
2628.00
2603.00
2546.00
2518.00
2494.00
2489.00
2467.00
2467.00
2463.00
2485.00
2492.00
2490.00
2482.00
2478.00
2434.00
2405.00
2379.00
2355.00
2333.00
2330.00
2335.00
2349.00
2370.00
2391.00
2415.00
2424.00
2432.00
2435.00
2447.00
2458.00
2474.00
2488.00
2494.00
2493.00
2513.00
2529.00
2531.00
2535.00
2525.00
2498.00
2472.00
2460.00
2455.00
2452.00
2442.00
2404.00
2371.00
2336.00
2321.00
2307.00
2322.00
2406.00
2491.00
2543.00
2584.00
2624.00
2595.00
2558.00
2539.00
2525.00
2498.00
2462.00
2433.00
2416.00
2416.00
2435.00
2460.00
2497.00
2526.00
2557.00
2577.00
2587.00
2581.00
2576.00
2565.00
2554.00
2542.00
2535.00
2528.00
2520.00
2516.00
2529.00
2551.00
2566.00
2574.00
2584.00
2572.00
2549.00
2539.00
2533.00
2538.00
2553.00
2566.00
2556.00
2534.00
2503.00
2482.00
2463.00
2452.00
2435.00
2408.00
2354.00
2308.00
2273.00
2244.00
2228.00
2198.00
2131.00
2077.00
2043.00
2001.00
1992.00
2018.00
2038.00
2042.00
2051.00
2064.00
2091.00
2111.00
2125.00
2114.00
2104.00
2085.00
2067.00
2073.00
2127.00
2179.00
2237.00
2309.00
2302.00
2268.00
2244.00
2205.00
2157.00
2170.00
2190.00
2197.00
2198.00
2206.00
2219.00
2212.00
2205.00
2189.00
2165.00
2141.00
2123.00
2112.00
2107.00
2104.00
2096.00
2099.00
2095.00
2098.00
2096.00
2107.00
2121.00
2132.00
2146.00
2156.00
2149.00
2132.00
2119.00
2105.00
2093.00
2095.00
2100.00
2106.00
2111.00
2118.00
2121.00
2124.00
2126.00
2130.00
2132.00
2156.00
2182.00
2207.00
2224.00
2230.00
2213.00
2211.00
2211.00
2232.00
2253.00
2275.00
2280.00
2285.00
2268.00
2261.00
2257.00
2249.00
2248.00
2263.00
2278.00
2294.00
2316.00
2326.00
2324.00
2318.00
2305.00
2295.00
2288.00
2291.00
2285.00
2274.00
