40320.00
41100.00
41660.00
42360.00
42960.00
42670.00
42290.00
41650.00
41070.00
40320.00
40020.00
39520.00
39170.00
38690.00
38280.00
38000.00
37950.00
37950.00
37950.00
38010.00
38980.00
39550.00
39960.00
40180.00
40230.00
39580.00
39500.00
39390.00
39520.00
39920.00
40130.00
40170.00
40370.00
40580.00
40500.00
40550.00
40390.00
40220.00
39920.00
39850.00
39680.00
39440.00
39180.00
39000.00
38700.00
38560.00
38570.00
38390.00
38040.00
37590.00
36860.00
36520.00
37030.00
37560.00
38230.00
39370.00
41140.00
43480.00
47240.00
49940.00
52420.00
53680.00
53600.00
53040.00
53040.00
53160.00
53300.00
53640.00
52980.00
52840.00
52560.00
53620.00
53600.00
53620.00
53340.00
52820.00
51120.00
50520.00
50080.00
49810.00
49890.00
49860.00
49300.00
48950.00
48780.00
48550.00
47970.00
48510.00
48210.00
47710.00
46950.00
46290.00
44910.00
44150.00
43490.00
42820.00
42680.00
42340.00
41840.00
41430.00
41210.00
41780.00
42380.00
43350.00
44280.00
45310.00
45330.00
45580.00
45450.00
45310.00
45140.00
44930.00
44600.00
44440.00
44080.00
43870.00
43410.00
43110.00
42920.00
43140.00
43390.00
44340.00
44940.00
45410.00
45580.00
45540.00
45170.00
44830.00
44530.00
44290.00
44050.00
43670.00
43430.00
42940.00
42480.00
42010.00
41590.00
41420.00
41320.00
41130.00
41080.00
40920.00
40500.00
40130.00
39800.00
39600.00
39490.00
39550.00
39660.00
39790.00
39840.00
39580.00
39260.00
39000.00
38560.00
37980.00
37730.00
37500.00
37310.00
37370.00
37470.00
37530.00
37750.00
37950.00
38090.00
38210.00
38330.00
38310.00
38310.00
38340.00
38350.00
38440.00
38570.00
38680.00
38760.00
38830.00
38890.00
38930.00
38950.00
39000.00
39330.00
39610.00
39890.00
39760.00
39810.00
39440.00
39210.00
38970.00
39140.00
39120.00
39140.00
39010.00
38910.00
38710.00
38480.00
38400.00
38330.00
38170.00
38130.00
37980.00
37860.00
37770.00
37660.00
37610.00
37810.00
37910.00
38030.00
38370.00
38690.00
38910.00
39100.00
39450.00
39730.00
39770.00
39870.00
40070.00
40040.00
39900.00
39980.00
39940.00
39840.00
39840.00
39920.00
39970.00
40030.00
40100.00
40100.00
40120.00
40270.00
40640.00
41070.00
41460.00
41720.00
41640.00
41460.00
41520.00
41610.00
41750.00
42130.00
42480.00
42830.00
