10930.00
10960.00
10970.00
11100.00
11170.00
11210.00
11230.00
11270.00
11220.00
11190.00
11190.00
11230.00
11250.00
11290.00
11330.00
11340.00
11350.00
11420.00
11490.00
11540.00
11650.00
11710.00
11680.00
11670.00
11680.00
11600.00
11510.00
11500.00
11490.00
11500.00
11580.00
11690.00
11790.00
11810.00
11770.00
11730.00
11750.00
11770.00
11780.00
11820.00
11850.00
11820.00
11840.00
12010.00
12240.00
12510.00
12810.00
12940.00
12980.00
12980.00
12790.00
12620.00
12520.00
12330.00
12150.00
12160.00
12150.00
12170.00
12290.00
12390.00
12550.00
12750.00
12980.00
13180.00
13310.00
13420.00
13380.00
13220.00
13190.00
13240.00
13210.00
13250.00
13480.00
13450.00
13300.00
13200.00
13080.00
12790.00
12640.00
12670.00
12630.00
12600.00
12620.00
12630.00
12520.00
12420.00
12310.00
12240.00
12140.00
12100.00
12070.00
12090.00
12100.00
12190.00
12320.00
12360.00
12320.00
12330.00
12300.00
12280.00
12300.00
12350.00
12330.00
12300.00
12230.00
12180.00
12120.00
11900.00
11760.00
11630.00
11490.00
11350.00
11360.00
11310.00
11220.00
11190.00
11210.00
11200.00
11150.00
11090.00
11000.00
10880.00
10760.00
10630.00
10560.00
10500.00
10500.00
10550.00
10670.00
10690.00
10700.00
10690.00
10710.00
10640.00
10660.00
10670.00
10610.00
10460.00
10380.00
10290.00
10180.00
10140.00
10040.00
9910.00
9810.00
9830.00
9790.00
9846.00
9930.00
9986.00
9944.00
9944.00
9978.00
10024.00
10048.00
10070.00
10090.00
10078.00
10048.00
10058.00
10128.00
10218.00
10300.00
10410.00
10480.00
10450.00
10410.00
10400.00
10370.00
10370.00
10510.00
10610.00
10660.00
10700.00
10660.00
10530.00
10620.00
10610.00
10680.00
10790.00
10830.00
10670.00
10610.00
10450.00
10280.00
10148.00
10012.00
9956.00
9924.00
9934.00
9940.00
9954.00
9938.00
9926.00
9914.00
9920.00
9918.00
9882.00
9818.00
9754.00
9694.00
9646.00
9642.00
9660.00
9676.00
9698.00
9718.00
9730.00
9756.00
9826.00
9882.00
9930.00
9966.00
9948.00
9828.00
9742.00
9684.00
9612.00
9572.00
9560.00
9536.00
9468.00
9404.00
9320.00
9242.00
9204.00
9178.00
9174.00
9204.00
9248.00
9280.00
9300.00
9316.00
9338.00
9358.00
9352.00
9376.00
9394.00
9398.00
9406.00
9408.00
