11400.00
11420.00
11470.00
11480.00
11490.00
11550.00
11610.00
11670.00
11780.00
11910.00
11990.00
12050.00
12140.00
12150.00
12090.00
12080.00
12070.00
12110.00
12110.00
12250.00
12330.00
12400.00
12380.00
12420.00
12380.00
12390.00
12420.00
12500.00
12560.00
12570.00
12580.00
12570.00
12600.00
12650.00
12720.00
12780.00
12890.00
12930.00
13020.00
13120.00
13220.00
13340.00
13460.00
13570.00
13710.00
13810.00
13890.00
14060.00
14170.00
14240.00
14260.00
14200.00
14100.00
14000.00
13970.00
14020.00
14120.00
14170.00
14220.00
14150.00
14120.00
14130.00
14110.00
14090.00
14080.00
14020.00
13920.00
13820.00
13710.00
13610.00
13490.00
13390.00
13430.00
13360.00
13370.00
13390.00
13370.00
13310.00
13380.00
13480.00
13610.00
13760.00
13890.00
13950.00
14010.00
14090.00
14190.00
14270.00
14420.00
14530.00
14590.00
14580.00
14480.00
14400.00
14480.00
14430.00
14360.00
14360.00
14370.00
14240.00
14260.00
14330.00
14400.00
14510.00
14530.00
14600.00
14620.00
14680.00
14670.00
14690.00
14660.00
14750.00
14790.00
14810.00
14850.00
14890.00
14830.00
14740.00
14690.00
14520.00
14310.00
14170.00
14050.00
13900.00
13840.00
13850.00
13790.00
13730.00
13760.00
13870.00
13840.00
13890.00
13980.00
13970.00
13900.00
13850.00
13840.00
13800.00
13730.00
13740.00
13800.00
13770.00
13720.00
13720.00
13530.00
13440.00
13370.00
13320.00
13190.00
13110.00
12960.00
12840.00
12720.00
12710.00
12810.00
12840.00
12840.00
12850.00
12780.00
12700.00
12720.00
12770.00
12790.00
12820.00
12820.00
12780.00
12720.00
12760.00
12820.00
12940.00
13020.00
13120.00
13170.00
13260.00
13260.00
13310.00
13250.00
13210.00
13010.00
12920.00
12820.00
12770.00
12680.00
12690.00
12670.00
12590.00
12550.00
12550.00
12570.00
12620.00
12710.00
12730.00
12680.00
12660.00
12560.00
12500.00
12510.00
12570.00
12570.00
12570.00
12550.00
12530.00
12540.00
12570.00
12570.00
12560.00
12550.00
12500.00
12490.00
12500.00
12530.00
12530.00
12550.00
12510.00
12490.00
12480.00
12490.00
12470.00
12480.00
12490.00
12490.00
12420.00
12320.00
12210.00
12110.00
11820.00
11590.00
11470.00
11470.00
11520.00
11750.00
12000.00
12160.00
12200.00
12170.00
12170.00
12110.00
12060.00
12030.00
11930.00
11850.00
