12820.00
12930.00
13070.00
13230.00
13260.00
13310.00
13350.00
13370.00
13420.00
13470.00
13460.00
13410.00
13430.00
13380.00
13370.00
13420.00
13460.00
13470.00
13500.00
13510.00
13490.00
13500.00
13430.00
13380.00
13320.00
13260.00
13230.00
13230.00
13120.00
13030.00
13020.00
12920.00
12780.00
12720.00
12630.00
12470.00
12410.00
12350.00
12330.00
12360.00
12290.00
12250.00
12280.00
12300.00
12320.00
12420.00
12470.00
12440.00
12400.00
12310.00
12200.00
12120.00
12070.00
12000.00
11940.00
11940.00
11890.00
11860.00
11810.00
11760.00
11710.00
11680.00
11710.00
11810.00
11930.00
12030.00
12150.00
12190.00
12210.00
12400.00
12790.00
13240.00
13640.00
14050.00
14180.00
14210.00
14170.00
14200.00
14090.00
14060.00
13990.00
13780.00
13630.00
13430.00
13250.00
13060.00
12980.00
12840.00
12760.00
12720.00
12600.00
12480.00
12330.00
12320.00
12160.00
12060.00
12080.00
12200.00
12270.00
12480.00
12610.00
12690.00
12660.00
12700.00
12750.00
12870.00
12890.00
12910.00
12820.00
12680.00
12520.00
12400.00
12310.00
12220.00
12150.00
12100.00
12050.00
12010.00
11990.00
11900.00
11800.00
11680.00
11480.00
11280.00
11170.00
11040.00
10960.00
10920.00
10910.00
10830.00
10760.00
10710.00
10700.00
10690.00
10710.00
10730.00
10680.00
10550.00
10430.00
10360.00
10290.00
10186.00
10082.00
9922.00
9792.00
9704.00
9690.00
9824.00
9984.00
10094.00
10098.00
10126.00
10096.00
10126.00
10156.00
10220.00
10190.00
10090.00
9976.00
9906.00
9876.00
9896.00
9950.00
9978.00
9946.00
9912.00
9898.00
9974.00
10060.00
10172.00
10286.00
10410.00
10410.00
10380.00
10320.00
10260.00
10146.00
10092.00
10034.00
9958.00
9878.00
9824.00
9748.00
9686.00
9638.00
9562.00
9540.00
9620.00
9684.00
9808.00
9964.00
10094.00
10134.00
10150.00
10078.00
9988.00
9884.00
9780.00
9726.00
9708.00
9704.00
9708.00
9724.00
9728.00
9720.00
9712.00
9690.00
9678.00
9758.00
9826.00
10038.00
10160.00
10220.00
10200.00
10166.00
9996.00
9920.00
9876.00
9834.00
9846.00
9836.00
9816.00
9818.00
9794.00
9746.00
9694.00
9662.00
9608.00
9604.00
9580.00
9526.00
9448.00
9406.00
9342.00
9304.00
9266.00
9252.00
9220.00
9210.00
9218.00
9282.00
