5786.00
5828.00
5842.00
5876.00
5902.00
5942.00
5980.00
6030.00
6058.00
6186.00
6284.00
6384.00
6484.00
6576.00
6542.00
6502.00
6452.00
6418.00
6402.00
6398.00
6438.00
6478.00
6504.00
6528.00
6546.00
6554.00
6556.00
6558.00
6552.00
6524.00
6488.00
6456.00
6416.00
6372.00
6324.00
6284.00
6250.00
6278.00
6292.00
6322.00
6348.00
6370.00
6352.00
6368.00
6374.00
6414.00
6474.00
6534.00
6560.00
6580.00
6532.00
6456.00
6374.00
6286.00
6208.00
6190.00
6164.00
6140.00
6138.00
6160.00
6160.00
6166.00
6190.00
6224.00
6246.00
6266.00
6290.00
6298.00
6284.00
6256.00
6224.00
6194.00
6154.00
6118.00
6082.00
6048.00
6012.00
5978.00
5934.00
5860.00
5788.00
5674.00
5568.00
5460.00
5420.00
5394.00
5416.00
5444.00
5486.00
5514.00
5512.00
5472.00
5420.00
5370.00
5282.00
5187.00
5124.00
5078.00
5038.00
5030.00
5045.00
5070.00
5098.00
5148.00
5198.00
5256.00
5312.00
5342.00
5342.00
5338.00
5338.00
5324.00
5296.00
5264.00
5236.00
5198.00
5170.00
5170.00
5182.00
5192.00
5198.00
5204.00
5190.00
5182.00
5186.00
5186.00
5194.00
5208.00
5212.00
5192.00
5192.00
5382.00
5604.00
5714.00
5826.00
5950.00
5812.00
5698.00
5664.00
5642.00
5670.00
5746.00
5736.00
5744.00
5732.00
5678.00
5616.00
5528.00
5452.00
5398.00
5278.00
5202.00
5204.00
5216.00
5230.00
5288.00
5286.00
5268.00
5254.00
5210.00
5164.00
5168.00
5174.00
5174.00
5192.00
5200.00
5206.00
5210.00
5220.00
5240.00
5272.00
5286.00
5310.00
5326.00
5324.00
5314.00
5286.00
5242.00
5184.00
5107.00
5032.00
4963.00
4883.00
4801.00
4763.00
4717.00
4693.00
4710.00
4749.00
4776.00
4811.00
4840.00
4829.00
4812.00
4784.00
4751.00
4720.00
4734.00
4745.00
4761.00
4764.00
4767.00
4756.00
4756.00
4770.00
4798.00
4785.00
4748.00
4710.00
4655.00
4604.00
4598.00
4597.00
4564.00
4509.00
4450.00
4398.00
4369.00
4355.00
4369.00
4381.00
4386.00
4376.00
4359.00
4321.00
4286.00
4260.00
4231.00
4224.00
4248.00
4293.00
4329.00
4374.00
4406.00
4431.00
4437.00
4442.00
4438.00
4446.00
4451.00
4457.00
