6870.00
6828.00
6788.00
6756.00
6720.00
6734.00
6742.00
6794.00
6846.00
6902.00
6922.00
6964.00
6988.00
7024.00
7066.00
7098.00
7130.00
7188.00
7226.00
7262.00
7304.00
7314.00
7294.00
7288.00
7290.00
7302.00
7322.00
7326.00
7316.00
7284.00
7252.00
7226.00
7206.00
7180.00
7160.00
7128.00
7086.00
7048.00
7010.00
6956.00
6924.00
6914.00
6890.00
6892.00
6998.00
7078.00
7138.00
7188.00
7200.00
7120.00
7024.00
6914.00
6830.00
6754.00
6700.00
6724.00
6780.00
6862.00
6958.00
7050.00
7096.00
7122.00
7142.00
7168.00
7196.00
7230.00
7270.00
7286.00
7258.00
7220.00
7158.00
7108.00
7044.00
7020.00
6998.00
7008.00
6996.00
7044.00
7064.00
7090.00
7098.00
7082.00
7046.00
7006.00
6958.00
6944.00
6936.00
6924.00
6954.00
6996.00
7010.00
7054.00
7090.00
7094.00
7082.00
7052.00
7022.00
6974.00
6970.00
6994.00
7030.00
7052.00
7102.00
7154.00
7196.00
7232.00
7284.00
7320.00
7334.00
7344.00
7346.00
7342.00
7354.00
7364.00
7378.00
7408.00
7444.00
7460.00
7478.00
7434.00
7416.00
7398.00
7354.00
7320.00
7330.00
7308.00
7320.00
7344.00
7370.00
7394.00
7386.00
7360.00
7332.00
7320.00
7296.00
7312.00
7308.00
7306.00
7242.00
7182.00
7136.00
7056.00
6984.00
6924.00
6852.00
6778.00
6742.00
6702.00
6658.00
6640.00
6602.00
6566.00
6534.00
6530.00
6534.00
6538.00
6520.00
6494.00
6470.00
6452.00
6488.00
6526.00
6576.00
6632.00
6678.00
6682.00
6710.00
6764.00
6846.00
6950.00
7066.00
7152.00
7210.00
7240.00
7236.00
7212.00
7196.00
7202.00
7162.00
7158.00
7164.00
7148.00
7112.00
7096.00
7058.00
6986.00
6956.00
6966.00
6972.00
6996.00
7062.00
7116.00
7144.00
7190.00
7194.00
7182.00
7176.00
7140.00
7092.00
7066.00
7032.00
6966.00
6950.00
6962.00
6978.00
7028.00
7110.00
7154.00
7192.00
7200.00
7206.00
7190.00
7180.00
7156.00
7138.00
7102.00
7092.00
7082.00
7070.00
7076.00
7058.00
7066.00
7068.00
7062.00
7124.00
7210.00
7258.00
7314.00
7408.00
7452.00
7548.00
7620.00
7698.00
7758.00
7810.00
7814.00
7840.00
7858.00
7848.00
7800.00
7754.00
