8172.00
8204.00
8186.00
8164.00
8152.00
8156.00
8166.00
8216.00
8244.00
8284.00
8318.00
8338.00
8358.00
8368.00
8386.00
8398.00
8424.00
8480.00
8562.00
8630.00
8682.00
8708.00
8736.00
8750.00
8748.00
8770.00
8792.00
8774.00
8750.00
8734.00
8696.00
8692.00
8652.00
8600.00
8560.00
8528.00
8468.00
8442.00
8434.00
8402.00
8362.00
8360.00
8360.00
8378.00
8446.00
8532.00
8584.00
8636.00
8656.00
8656.00
8614.00
8546.00
8480.00
8412.00
8314.00
8290.00
8332.00
8380.00
8442.00
8504.00
8524.00
8484.00
8452.00
8414.00
8398.00
8402.00
8444.00
8480.00
8484.00
8500.00
8488.00
8482.00
8440.00
8434.00
8406.00
8400.00
8382.00
8398.00
8456.00
8526.00
8590.00
8644.00
8658.00
8582.00
8490.00
8434.00
8364.00
8314.00
8320.00
8344.00
8312.00
8290.00
8278.00
8246.00
8202.00
8162.00
8146.00
8118.00
8100.00
8116.00
8158.00
8188.00
8240.00
8284.00
8298.00
8280.00
8276.00
8258.00
8240.00
8230.00
8236.00
8202.00
8188.00
8190.00
8188.00
8182.00
8190.00
8188.00
8174.00
8104.00
8052.00
8000.00
7914.00
7840.00
7830.00
7804.00
7794.00
7806.00
7814.00
7814.00
7804.00
7792.00
7780.00
7786.00
7780.00
7782.00
7780.00
7768.00
7700.00
7648.00
7610.00
7512.00
7392.00
7286.00
7160.00
7030.00
6956.00
6910.00
6866.00
6826.00
6786.00
6786.00
6790.00
6814.00
6864.00
6898.00
6870.00
6832.00
6786.00
6734.00
6738.00
6756.00
6798.00
6884.00
6982.00
7028.00
7080.00
7156.00
7222.00
7328.00
7444.00
7534.00
7582.00
7650.00
7640.00
7624.00
7626.00
7640.00
7566.00
7524.00
7494.00
7446.00
7366.00
7318.00
7234.00
7122.00
7054.00
7054.00
7050.00
7082.00
7146.00
7202.00
7224.00
7262.00
7276.00
7270.00
7246.00
7200.00
7146.00
7088.00
7054.00
6986.00
6958.00
6954.00
6982.00
7024.00
7116.00
7182.00
7234.00
7248.00
7254.00
7236.00
7234.00
7232.00
7220.00
7198.00
7200.00
7198.00
7180.00
7180.00
7166.00
7148.00
7104.00
7064.00
7066.00
7064.00
7062.00
7076.00
7108.00
7140.00
7218.00
7276.00
7358.00
7422.00
7456.00
7440.00
7446.00
7426.00
7424.00
7362.00
7308.00
