189600.00
193500.00
194900.00
194400.00
194700.00
195000.00
194700.00
194600.00
194800.00
194500.00
193300.00
192300.00
192200.00
192300.00
192200.00
191600.00
191600.00
191500.00
188900.00
186400.00
184200.00
180700.00
176800.00
175900.00
176600.00
176500.00
177300.00
178600.00
179200.00
178400.00
178900.00
178700.00
178800.00
179400.00
179800.00
179900.00
180600.00
180200.00
179100.00
178300.00
177500.00
176000.00
175600.00
175600.00
175800.00
176500.00
178100.00
179200.00
179500.00
179500.00
178100.00
176200.00
174400.00
173000.00
172000.00
172200.00
172100.00
172300.00
172600.00
172500.00
173900.00
175700.00
177000.00
178600.00
179900.00
179800.00
179300.00
178900.00
177800.00
177000.00
175800.00
174900.00
173800.00
173100.00
172500.00
172000.00
171500.00
171700.00
171600.00
171000.00
170100.00
168100.00
165600.00
163200.00
161300.00
158900.00
155800.00
152800.00
150400.00
147800.00
146000.00
145400.00
144900.00
144300.00
144500.00
143800.00
143700.00
143900.00
144600.00
144200.00
144800.00
145400.00
146000.00
146400.00
146900.00
147400.00
147300.00
147000.00
145700.00
145400.00
145100.00
144800.00
144300.00
144300.00
143200.00
142300.00
141500.00
141700.00
141600.00
141600.00
141300.00
141900.00
141200.00
140600.00
140300.00
140400.00
139800.00
138600.00
138100.00
137500.00
135300.00
133100.00
132000.00
130200.00
128500.00
127700.00
127200.00
126000.00
125100.00
124100.00
123000.00
121400.00
120000.00
117900.00
115600.00
113600.00
111700.00
109600.00
109600.00
109700.00
108800.00
109100.00
110400.00
110600.00
111500.00
113400.00
114400.00
115000.00
115600.00
115700.00
115800.00
115400.00
115200.00
114700.00
114000.00
113200.00
113600.00
113900.00
114200.00
114900.00
115600.00
115600.00
115200.00
114800.00
114700.00
114600.00
114200.00
114300.00
114700.00
114200.00
114000.00
113700.00
112500.00
111300.00
110500.00
109200.00
108700.00
109800.00
110900.00
113600.00
115900.00
117600.00
118600.00
119100.00
117800.00
117100.00
116600.00
115900.00
115400.00
114700.00
113900.00
113500.00
114600.00
114900.00
117400.00
120900.00
123900.00
125200.00
127600.00
128200.00
128800.00
129700.00
130700.00
130300.00
130200.00
129700.00
129000.00
127700.00
127100.00
127500.00
127800.00
127500.00
127700.00
127700.00
126500.00
125500.00
125200.00
125700.00
127400.00
128800.00
129900.00
131000.00
131500.00
131500.00
131800.00
132000.00
131700.00
131200.00
130000.00
128900.00
127900.00
