4703.43
4672.42
4654.97
4635.59
4647.22
4698.58
4752.86
4817.79
4900.17
5006.78
5094.01
5198.68
5316.92
5423.53
5534.02
5619.31
5654.20
5636.75
5629.00
5584.41
5545.65
5541.77
5568.91
5574.72
5565.03
5561.16
5568.91
5594.11
5632.87
5687.15
5733.67
5766.62
5786.00
5786.00
5764.68
5784.07
5795.70
5799.57
5801.51
5803.45
5774.37
5772.44
5762.74
5754.99
5766.62
5756.93
5729.79
5722.04
5718.16
5714.29
5720.10
5718.16
5712.35
5702.65
5694.90
5689.09
5687.15
5689.09
5696.84
5704.59
5723.98
5737.54
5743.36
5747.24
5753.05
5741.42
5731.73
5712.35
5700.72
5691.02
5687.15
5692.96
5712.35
5723.98
5735.61
5749.18
5753.05
5747.24
5749.18
5741.42
5731.73
5735.61
5756.93
5795.69
5880.98
5975.96
6008.91
6032.18
6032.18
5979.84
5910.06
5898.43
5857.72
5822.83
5813.14
5809.26
5801.51
5820.90
5838.34
5836.40
5830.59
5824.77
5824.77
5820.90
5834.46
5846.09
5851.91
5846.09
5846.09
5844.16
5844.16
5853.85
5863.54
5873.23
5869.35
5875.17
5875.17
5886.80
5921.69
5950.76
5972.09
5993.41
5991.47
5972.09
5950.77
5935.26
5910.06
5902.31
5886.80
5873.23
5867.41
5859.66
5853.85
5855.78
5851.91
5846.09
5851.91
5851.91
5842.22
5851.91
5851.91
5842.22
5826.71
5811.20
5795.70
5789.88
5803.45
5809.26
5824.77
5851.91
5869.35
5884.86
5919.75
5956.58
5997.29
6051.56
6082.58
6119.40
6144.60
6150.42
6146.54
6179.49
6222.14
6286.10
6361.70
6437.29
6479.94
6505.14
6495.45
6478.00
6443.11
6410.16
6367.51
6334.56
6293.86
6257.03
6235.71
6220.20
6216.32
6214.38
6241.52
6264.78
6289.98
6307.42
6309.36
6295.79
6270.59
6253.15
6239.58
6251.21
6266.72
6289.98
6334.56
6384.96
6435.36
6472.19
6509.01
6516.77
6524.52
6505.14
6493.51
6485.75
6474.12
6474.12
6491.57
6512.89
6534.21
6567.17
6582.67
6598.18
6687.34
6801.71
6894.75
6985.85
7028.49
7007.17
6980.03
6966.46
6949.02
6978.10
6993.60
6956.78
6918.01
6892.81
6855.98
6838.53
6855.98
6883.12
6902.50
6929.64
6947.08
6974.22
7057.57
7028.50
7005.24
6978.10
6933.52
6836.60
6873.43
6832.76
6776.28
