3035.00
2962.00
2938.00
2922.00
2925.00
2942.00
2991.00
3021.00
3212.00
3416.00
3622.00
3806.00
3952.00
3980.00
3982.00
3983.00
3958.00
3918.00
3846.00
3780.00
3698.00
3640.00
3588.00
3533.00
3446.00
3373.00
3309.00
3295.00
3181.00
3097.00
2995.00
2908.00
2794.00
2814.00
2796.00
2814.00
2836.00
2866.00
2853.00
2877.00
2864.00
2844.00
2814.00
2804.00
2788.00
2801.00
2796.00
2813.00
2799.00
2785.00
2760.00
2738.00
2669.00
2610.00
2562.00
2530.00
2495.00
2500.00
2508.00
2508.00
2488.00
2471.00
2449.00
2443.00
2468.00
2497.00
2514.00
2528.00
2533.00
2531.00
2522.00
2520.00
2517.00
2531.00
2514.00
2501.00
2489.00
2487.00
2475.00
2446.00
2413.00
2375.00
2327.00
2259.00
2228.00
2212.00
2201.00
2189.00
2173.00
2147.00
2118.00
2082.00
2045.00
2015.00
1994.00
1947.00
1923.00
1920.00
1924.00
1919.00
1936.00
1950.00
1963.00
1983.00
2005.00
2025.00
2038.00
2060.00
2058.00
2057.00
2064.00
2059.00
2034.00
2022.00
2001.00
1983.00
1973.00
1956.00
1945.00
1933.00
1904.00
1888.00
1867.00
1832.00
1816.00
1814.00
1807.00
1805.00
1814.00
1814.00
1833.00
1839.00
1844.00
1848.00
1842.00
1802.00
1761.00
1702.00
1655.00
1622.00
1593.00
1577.00
1561.00
1516.00
1470.00
1440.00
1411.00
1418.00
1447.00
1474.00
1478.00
1490.00
1505.00
1517.00
1532.00
1558.00
1554.00
1532.00
1515.00
1491.00
1477.00
1483.00
1494.00
1510.00
1529.00
1537.00
1542.00
1543.00
1541.00
1547.00
1556.00
1563.00
1574.00
1576.00
1564.00
1554.00
1534.00
1505.00
1483.00
1461.00
1437.00
1423.00
1410.00
1393.00
1387.00
1386.00
1388.00
1400.00
1418.00
1426.00
1429.00
1429.00
1419.00
1402.00
1385.00
1373.00
1364.00
1363.00
1366.00
1375.00
1373.00
1371.00
1364.00
1371.00
1374.00
1390.00
1404.00
1422.00
1420.00
1416.00
1417.00
1412.00
1403.00
1393.00
1384.00
1357.00
1342.00
1337.00
1347.00
1362.00
1402.00
1440.00
1466.00
1477.00
1475.00
1448.00
1425.00
1414.00
1426.00
1448.00
1489.00
1526.00
1553.00
1551.00
1552.00
1537.00
1529.00
1543.00
1556.00
1578.00
1605.00
