1212.68
1239.03
1258.54
1268.29
1257.56
1237.07
1210.73
1185.37
1159.02
1135.61
1123.90
1120.00
1126.83
1122.93
1112.20
1102.44
1095.61
1080.00
1064.39
1052.68
1036.10
1020.49
1011.71
1018.54
1031.22
1035.12
1033.17
1032.19
1017.56
1001.95
992.00
983.22
971.90
965.66
957.85
956.10
954.15
956.68
954.34
953.37
946.54
943.61
939.32
938.54
935.61
937.56
936.00
938.34
935.61
936.39
930.73
925.85
918.63
913.37
907.32
904.78
903.02
904.00
906.34
909.46
914.54
918.24
918.63
919.02
918.24
915.90
914.15
916.68
919.02
920.78
923.32
926.83
925.07
923.71
920.78
917.66
913.95
911.80
909.07
909.46
908.10
904.98
901.27
898.73
896.20
894.24
895.22
896.78
896.00
895.02
895.22
893.46
891.90
892.10
892.10
890.54
889.37
887.41
884.49
880.98
879.02
877.85
877.07
877.66
884.29
889.95
894.44
898.34
902.44
901.27
901.27
901.66
902.24
900.49
898.93
896.20
895.22
894.63
895.41
896.39
897.56
898.34
898.15
896.19
894.05
891.90
890.15
887.41
886.05
885.07
883.51
880.98
880.39
880.39
877.85
875.71
871.80
863.02
854.83
850.73
845.46
841.76
835.71
826.34
816.78
809.17
801.37
801.17
802.73
803.12
802.73
810.93
826.93
843.32
853.85
866.93
868.88
862.83
861.46
861.66
859.90
861.46
869.46
870.83
878.24
885.07
902.63
899.51
900.10
901.85
902.63
892.88
896.39
898.93
897.17
896.78
894.24
893.07
891.90
891.51
889.37
888.78
887.41
886.05
884.49
883.90
883.51
883.90
886.24
888.98
893.66
897.56
898.93
899.12
898.93
896.78
894.83
894.63
894.24
893.66
893.27
893.27
893.85
892.10
892.10
893.07
894.05
895.02
896.78
899.51
904.20
905.17
905.37
906.34
904.59
899.71
899.12
897.76
897.56
896.98
896.59
895.61
895.61
894.63
894.44
895.41
896.20
896.39
897.95
899.51
900.10
900.88
904.78
907.71
917.46
927.22
934.83
936.98
942.83
944.39
945.54
