59280.00
60980.00
62740.00
64740.00
65680.00
66160.00
66960.00
67260.00
67660.00
67960.00
67980.00
67800.00
67840.00
67760.00
68060.00
68500.00
68880.00
70080.00
71160.00
72000.00
71980.00
71920.00
71540.00
71920.00
72700.00
74400.00
74960.00
75280.00
74600.00
73440.00
72560.00
71340.00
69580.00
67880.00
66080.00
64400.00
64280.00
64520.00
64120.00
64120.00
63420.00
62840.00
62640.00
63100.00
63580.00
64120.00
64480.00
64520.00
64120.00
63720.00
63320.00
62880.00
62700.00
62540.00
62220.00
62140.00
62200.00
62020.00
62280.00
62300.00
62220.00
61960.00
61800.00
61940.00
62460.00
63260.00
64040.00
64600.00
64920.00
66360.00
67400.00
68340.00
69040.00
69840.00
69320.00
68980.00
69220.00
70300.00
70880.00
71400.00
72360.00
72880.00
73640.00
74320.00
75300.00
75420.00
74760.00
73580.00
72760.00
72040.00
71420.00
71640.00
71500.00
70980.00
70160.00
69660.00
68960.00
68560.00
68820.00
69080.00
69400.00
70040.00
70680.00
71020.00
71620.00
72640.00
73340.00
73720.00
74160.00
74760.00
74880.00
74800.00
74880.00
74760.00
74400.00
73820.00
73620.00
73680.00
74100.00
74420.00
75180.00
75840.00
75500.00
74640.00
73800.00
72580.00
71440.00
71160.00
71240.00
71480.00
71480.00
72140.00
73360.00
74400.00
74980.00
75800.00
75740.00
74680.00
73560.00
72200.00
70420.00
69500.00
69020.00
69300.00
70760.00
72500.00
73420.00
74300.00
74460.00
74040.00
73320.00
72820.00
72380.00
72180.00
71820.00
71760.00
71000.00
70420.00
69820.00
69120.00
68620.00
68900.00
68860.00
68980.00
69200.00
69280.00
68800.00
68080.00
67060.00
66780.00
66580.00
66720.00
67080.00
67460.00
67020.00
66460.00
66140.00
65840.00
65600.00
65600.00
65660.00
65520.00
65500.00
65260.00
65120.00
65060.00
65060.00
64880.00
65120.00
65180.00
64480.00
63540.00
62280.00
61400.00
60380.00
60000.00
59980.00
60160.00
59840.00
59600.00
59560.00
59400.00
59300.00
59440.00
59780.00
59940.00
59480.00
59360.00
59020.00
58560.00
58140.00
58360.00
58240.00
57900.00
57340.00
56760.00
56180.00
55760.00
55480.00
55560.00
55720.00
55520.00
54940.00
54020.00
53140.00
52300.00
51680.00
51300.00
51620.00
51760.00
51760.00
51920.00
52440.00
52600.00
52700.00
52780.00
52720.00
52640.00
52580.00
52680.00
52960.00
