56000.00
56540.00
56820.00
57000.00
57120.00
57340.00
57360.00
57660.00
58100.00
58620.00
58900.00
59440.00
59760.00
59880.00
59720.00
59500.00
59200.00
59400.00
59520.00
59620.00
60020.00
60660.00
60700.00
60720.00
61260.00
61720.00
62280.00
63120.00
63880.00
64220.00
64460.00
64380.00
64140.00
63980.00
63760.00
64100.00
64420.00
64700.00
64800.00
64800.00
64200.00
63600.00
63260.00
63100.00
63360.00
63660.00
63800.00
63760.00
63320.00
62680.00
61840.00
61320.00
60920.00
60760.00
60620.00
60880.00
60840.00
60860.00
61080.00
61380.00
61500.00
61760.00
62260.00
62660.00
63040.00
63200.00
63240.00
63100.00
62780.00
62320.00
62020.00
61860.00
61400.00
61120.00
60680.00
60440.00
60440.00
60540.00
60460.00
60500.00
60240.00
59480.00
58640.00
58000.00
57640.00
57500.00
57260.00
56980.00
56420.00
55660.00
54780.00
54140.00
53660.00
53600.00
53540.00
53180.00
52820.00
52560.00
52340.00
52120.00
52300.00
52600.00
52820.00
53140.00
53460.00
54120.00
54460.00
54600.00
54440.00
54260.00
53880.00
53860.00
54140.00
54300.00
54340.00
54460.00
54460.00
54720.00
54980.00
55240.00
55260.00
55520.00
55160.00
54720.00
54660.00
54640.00
54340.00
54140.00
54260.00
53980.00
53580.00
53380.00
53300.00
53080.00
53800.00
54240.00
54180.00
54220.00
54520.00
53900.00
53520.00
53340.00
52940.00
51990.00
50950.00
50310.00
49830.00
49460.00
49280.00
49340.00
49000.00
48790.00
48670.00
48840.00
48940.00
49230.00
49300.00
49240.00
49100.00
49260.00
49370.00
49710.00
50060.00
50460.00
50460.00
50400.00
50420.00
50620.00
50700.00
50960.00
51280.00
51400.00
51320.00
51100.00
50860.00
50740.00
50480.00
50300.00
50170.00
50000.00
49940.00
49780.00
49530.00
49330.00
49200.00
48740.00
48520.00
48700.00
49050.00
49390.00
49830.00
50190.00
50260.00
50200.00
50100.00
49790.00
49600.00
49300.00
48960.00
48630.00
48510.00
48500.00
48670.00
48880.00
49060.00
49350.00
49480.00
49510.00
49530.00
49520.00
49680.00
49660.00
49640.00
49770.00
49910.00
49710.00
49820.00
50440.00
50780.00
51540.00
52120.00
52620.00
52640.00
52660.00
52280.00
52160.00
51800.00
51420.00
51280.00
51320.00
51440.00
51740.00
51960.00
51860.00
51680.00
51300.00
50980.00
50760.00
50820.00
50640.00
50660.00
