12560.00
12700.00
12790.00
12850.00
12870.00
12910.00
13040.00
13200.00
13360.00
13520.00
13670.00
13720.00
13790.00
13800.00
13790.00
13660.00
13590.00
13470.00
13410.00
13270.00
13310.00
13300.00
13300.00
13360.00
13510.00
13580.00
13620.00
13660.00
13630.00
13660.00
13830.00
14040.00
14260.00
14570.00
14690.00
14800.00
14850.00
14850.00
14730.00
14770.00
14670.00
14650.00
14830.00
15070.00
15180.00
15280.00
15430.00
15440.00
15430.00
15580.00
15740.00
15730.00
15840.00
15900.00
15920.00
16000.00
16180.00
16140.00
16200.00
16180.00
16200.00
16220.00
16380.00
16600.00
16900.00
17180.00
17400.00
17650.00
17760.00
17960.00
18140.00
18330.00
18370.00
18410.00
18260.00
18180.00
18470.00
18750.00
19010.00
19340.00
19620.00
19560.00
19380.00
19350.00
19300.00
19210.00
19180.00
19250.00
19210.00
19000.00
18860.00
18660.00
18560.00
18440.00
18470.00
18550.00
18870.00
19200.00
19460.00
19660.00
19860.00
19890.00
20070.00
20410.00
20820.00
21070.00
21400.00
21440.00
21320.00
21230.00
21160.00
20990.00
20870.00
20730.00
20660.00
20750.00
20830.00
20880.00
20980.00
20950.00
20800.00
20560.00
20290.00
20000.00
19830.00
19680.00
19380.00
18830.00
18540.00
18120.00
17680.00
17490.00
17770.00
17830.00
17920.00
17980.00
17880.00
17580.00
17430.00
17530.00
17500.00
17630.00
17700.00
17530.00
17220.00
17100.00
16900.00
16850.00
16930.00
17090.00
17200.00
17370.00
17550.00
17750.00
17760.00
17700.00
17540.00
17400.00
17280.00
17230.00
17290.00
17400.00
17460.00
17500.00
17420.00
17300.00
17100.00
17130.00
17180.00
17300.00
17370.00
17510.00
17470.00
17410.00
17350.00
17320.00
17220.00
17150.00
17030.00
16950.00
16860.00
16840.00
16740.00
16680.00
16570.00
16510.00
16430.00
16490.00
16540.00
16650.00
16720.00
16880.00
16910.00
16950.00
16960.00
16960.00
16850.00
16840.00
16810.00
16770.00
16780.00
16840.00
16890.00
16880.00
16950.00
17080.00
17140.00
17190.00
17300.00
17350.00
17200.00
17080.00
16960.00
16760.00
16510.00
16380.00
16280.00
16150.00
16080.00
16060.00
16030.00
16000.00
15890.00
15790.00
15720.00
15690.00
15760.00
15880.00
16020.00
16150.00
16160.00
16200.00
16250.00
16270.00
16320.00
16460.00
16460.00
16510.00
16640.00
16550.00
16470.00
