7528.00
7502.00
7530.00
7616.00
7686.00
7820.00
8032.00
8282.00
8518.00
8768.00
8974.00
9010.00
9004.00
9010.00
9028.00
9006.00
9020.00
9032.00
9034.00
9078.00
9144.00
9176.00
9264.00
9488.00
9616.00
9742.00
9926.00
10076.00
10126.00
10116.00
10140.00
10130.00
10074.00
9976.00
9846.00
9718.00
9556.00
9482.00
9400.00
9352.00
9262.00
9284.00
9244.00
9226.00
9414.00
9622.00
9742.00
9842.00
9980.00
9956.00
9872.00
9812.00
9762.00
9592.00
9460.00
9450.00
9432.00
9448.00
9552.00
9610.00
9612.00
9604.00
9568.00
9552.00
9600.00
9624.00
9672.00
9700.00
9618.00
9508.00
9406.00
9270.00
9120.00
9068.00
9016.00
8998.00
9010.00
9072.00
9104.00
9106.00
9090.00
9014.00
8948.00
8844.00
8794.00
8744.00
8636.00
8482.00
8328.00
8152.00
7984.00
7902.00
7844.00
7820.00
7876.00
7868.00
7860.00
7868.00
7880.00
7812.00
7838.00
7878.00
7946.00
8020.00
8074.00
8076.00
8082.00
8060.00
8002.00
7986.00
7988.00
7988.00
7988.00
8002.00
7970.00
7932.00
7888.00
7866.00
7876.00
7912.00
7936.00
7994.00
7972.00
7904.00
7836.00
7832.00
7812.00
7842.00
7926.00
7992.00
8004.00
8034.00
8114.00
8180.00
8236.00
8252.00
8208.00
8060.00
7912.00
7772.00
7656.00
7556.00
7406.00
7220.00
7070.00
6958.00
6912.00
6994.00
7086.00
7142.00
7204.00
7238.00
7250.00
7290.00
7336.00
7330.00
7266.00
7206.00
7154.00
7102.00
7090.00
7152.00
7220.00
7256.00
7314.00
7342.00
7346.00
7392.00
7482.00
7574.00
7678.00
7784.00
7820.00
7826.00
7832.00
7834.00
7796.00
7784.00
7778.00
7754.00
7736.00
7738.00
7722.00
7702.00
7698.00
7670.00
7672.00
7732.00
7814.00
7856.00
7904.00
7914.00
7854.00
7778.00
7716.00
7668.00
7640.00
7660.00
7662.00
7658.00
7656.00
7634.00
7602.00
7592.00
7610.00
7660.00
7714.00
7776.00
7830.00
7850.00
7872.00
7942.00
7978.00
7982.00
7968.00
7938.00
7912.00
7886.00
7894.00
7930.00
7932.00
7900.00
7872.00
7830.00
7826.00
7864.00
7900.00
7964.00
8046.00
8102.00
8130.00
8158.00
8164.00
8164.00
8152.00
8146.00
8142.00
8148.00
8174.00
8172.00
8186.00
