6141.98
6136.12
6141.98
6155.68
6143.94
6147.85
6169.37
6186.97
6206.54
6226.10
6218.27
6218.27
6222.18
6226.10
6235.88
6263.26
6263.26
6275.00
6296.51
6321.94
6331.72
6368.89
6404.09
6433.43
6486.25
6539.06
6593.83
6636.86
6656.42
6642.73
6625.13
6601.65
6584.05
6582.09
6578.18
6658.38
6762.05
6844.20
6912.66
6936.14
6885.28
6830.51
6785.52
6724.89
6713.15
6701.41
6666.20
6644.69
6644.69
6642.73
6613.39
6609.48
6591.87
6570.35
6535.15
6546.88
6556.66
6572.31
6605.57
6650.56
6685.77
6691.64
6703.37
6703.37
6691.64
6693.59
6705.33
6695.55
6679.90
6681.85
6664.25
6650.56
6656.43
6668.16
6672.08
6677.94
6672.07
6662.29
6646.64
6629.04
6603.61
6564.49
6505.81
6427.57
6392.36
6363.02
6384.53
6429.52
6509.72
6546.88
6554.71
6511.67
6464.73
6421.70
6402.14
6394.31
6413.87
6431.48
6443.21
6427.57
6433.43
6443.21
6454.95
6470.60
6497.98
6513.63
6525.37
6535.15
6533.19
6539.06
6544.93
6544.93
6548.84
6537.10
6511.67
6460.82
6409.96
6359.11
6331.72
6310.21
6323.90
6337.59
6339.55
6329.77
6321.94
6316.07
6304.34
6300.43
6286.73
6259.35
6222.18
6186.97
6151.76
6110.68
6079.39
6034.40
5987.46
5926.82
5883.79
5844.67
5815.33
5787.94
5733.17
5633.41
5519.96
5429.98
5349.78
5316.53
5330.23
5353.70
5357.61
5355.65
5349.78
5349.78
5341.96
5320.44
5267.63
5224.60
5181.56
5140.49
5142.44
5181.56
5208.95
5236.33
5283.28
5312.62
5324.36
5347.83
5375.22
5422.16
5461.28
5510.18
5545.39
5568.86
5553.21
5535.61
5512.14
5492.58
5469.11
5447.59
5428.03
5410.43
5394.78
5373.26
5353.70
5334.14
5338.05
5338.05
5353.70
5375.22
5400.65
5398.69
5398.69
5394.78
5383.04
5369.35
5369.35
5361.52
5357.61
5355.65
5351.74
5355.65
5373.26
5384.99
5406.51
5422.16
5429.99
5435.85
5453.46
5463.24
5465.19
5590.38
5709.70
5737.08
5744.91
5739.04
5590.38
5465.19
5428.03
5412.38
5428.03
5445.63
5428.03
5412.38
5394.78
5375.22
5369.35
5373.26
5371.31
5379.13
5388.91
5392.82
5416.29
5443.68
5461.28
5471.06
5490.62
5484.75
5482.80
5477.50
5484.11
