106200.00
107300.00
109100.00
109500.00
109100.00
107700.00
106300.00
104600.00
104400.00
103800.00
103500.00
103200.00
102760.00
101360.00
100600.00
99900.00
99600.00
99840.00
99940.00
100100.00
100600.00
101700.00
102000.00
102600.00
103100.00
103300.00
102800.00
103400.00
103500.00
103300.00
103500.00
103300.00
102500.00
102500.00
102700.00
103500.00
104500.00
105400.00
105900.00
106100.00
105900.00
105500.00
105600.00
105400.00
105200.00
105100.00
104500.00
103600.00
102380.00
100940.00
98920.00
97660.00
96260.00
95160.00
95280.00
95360.00
95460.00
95740.00
96160.00
96400.00
96600.00
96980.00
97520.00
98520.00
99400.00
100140.00
100820.00
101400.00
101800.00
101800.00
102300.00
102300.00
102000.00
101700.00
101300.00
101200.00
101300.00
101200.00
102100.00
102500.00
101960.00
100880.00
100480.00
98000.00
96900.00
96880.00
97400.00
97140.00
97760.00
97820.00
97280.00
97160.00
97820.00
98480.00
98820.00
98960.00
98960.00
98640.00
98380.00
98520.00
98760.00
98940.00
99260.00
99720.00
100280.00
101600.00
102600.00
103500.00
104100.00
104300.00
104000.00
103700.00
103500.00
103100.00
102900.00
102400.00
102100.00
101900.00
101700.00
101400.00
101600.00
101800.00
101140.00
100340.00
99560.00
98400.00
97220.00
97240.00
97700.00
97980.00
98080.00
98960.00
99000.00
98740.00
98780.00
98620.00
97220.00
95520.00
94280.00
93040.00
91980.00
90920.00
88920.00
87000.00
85040.00
83400.00
82280.00
82700.00
82820.00
82920.00
82640.00
82540.00
82540.00
82700.00
83020.00
83380.00
83260.00
83020.00
82900.00
82880.00
83260.00
84000.00
84600.00
85200.00
85320.00
85240.00
84960.00
84720.00
84240.00
84220.00
84260.00
84320.00
84440.00
84540.00
84340.00
84140.00
83720.00
83460.00
83500.00
83580.00
84180.00
84340.00
84180.00
84140.00
84100.00
83200.00
82980.00
83380.00
84320.00
85200.00
86380.00
87660.00
88820.00
88880.00
89440.00
90160.00
90440.00
90420.00
90620.00
90880.00
92780.00
95180.00
97900.00
100580.00
102500.00
102400.00
102300.00
101700.00
101200.00
100600.00
101000.00
101500.00
101700.00
101900.00
102900.00
103100.00
103700.00
105100.00
106300.00
107500.00
108400.00
108500.00
108400.00
108400.00
107200.00
106600.00
105900.00
105800.00
106000.00
107700.00
109100.00
110900.00
112300.00
112800.00
113500.00
113800.00
114300.00
114700.00
115800.00
116000.00
117000.00
