2709.83
2710.81
2712.77
2714.73
2718.09
2722.43
2725.79
2728.16
2730.53
2729.54
2726.58
2724.60
2724.60
2723.61
2723.61
2724.60
2726.58
2727.57
2737.46
2763.17
2788.88
2814.60
2838.33
2857.12
2866.49
2875.86
2883.23
2888.60
2891.00
2887.00
2884.00
2883.00
2885.00
2886.00
2886.00
2887.00
2888.00
2890.00
2892.00
2894.00
2895.00
2895.00
2895.00
2895.00
2895.00
2892.00
2887.00
2882.00
2875.00
2871.00
2871.00
2873.00
2873.00
2877.00
2882.00
2886.00
2886.00
2887.00
2891.00
2891.00
2889.00
2891.00
2893.00
2893.00
2890.00
2887.00
2882.00
2878.00
2872.00
2870.00
2869.00
2869.00
2868.00
2866.00
2867.00
2865.00
2866.00
2869.00
2873.00
2874.00
2878.00
2880.00
2879.00
2878.00
2875.00
2872.00
2869.00
2867.00
2864.00
2863.00
2862.00
2860.00
2859.00
2859.00
2859.00
2859.00
2860.00
2861.00
2859.00
2857.00
2854.00
2852.00
2848.00
2846.00
2845.00
2844.00
2838.00
2832.00
2816.00
2801.00
2792.00
2786.00
2781.00
2785.00
2785.00
2781.00
2779.00
2777.00
2779.00
2786.00
2792.00
2797.00
2800.00
2801.00
2799.00
2798.00
2795.00
2791.00
2787.00
2780.00
2774.00
2772.00
2776.00
2779.00
2787.00
2787.00
2787.00
2781.00
2777.00
2771.00
2770.00
2765.00
2757.00
2742.00
2730.00
2725.00
2726.00
2735.00
2741.00
2746.00
2741.00
2730.00
2716.00
2712.00
2706.00
2703.00
2701.00
2701.00
2702.00
2708.00
2714.00
2723.00
2730.00
2736.00
2739.00
2743.00
2749.00
2760.00
2769.00
2770.00
2769.00
2766.00
2758.00
2751.00
2752.00
2756.00
2760.00
2766.00
2776.00
2788.00
2795.00
2800.00
2807.00
2807.00
2802.00
2801.00
2804.00
2800.00
2799.00
2799.00
2800.00
2795.00
2791.00
2788.00
2785.00
2782.00
2782.00
2784.00
2784.00
2784.00
2783.00
2780.00
2779.00
2777.00
2771.00
2765.00
2764.00
2761.00
2761.00
2764.00
2763.00
2756.00
2751.00
2747.00
2745.00
2749.00
2756.00
2762.00
2766.00
2770.00
2773.00
2776.00
2778.00
2780.00
2781.00
2781.00
2781.00
2782.00
2784.00
2788.00
2789.00
2788.00
2787.00
2785.00
2782.00
2782.00
2784.00
2786.00
2790.00
2795.00
2800.00
