29180.00
29190.00
29130.00
29150.00
29190.00
29610.00
29780.00
30000.00
30350.00
30490.00
30380.00
30250.00
30110.00
29480.00
29090.00
28730.00
28410.00
28080.00
28110.00
27910.00
27710.00
27430.00
27260.00
26950.00
26840.00
26770.00
26600.00
26390.00
26220.00
26060.00
25780.00
25760.00
25870.00
25920.00
25830.00
26310.00
26820.00
27210.00
27630.00
28030.00
27820.00
27590.00
27340.00
27140.00
26990.00
27080.00
27070.00
26920.00
26410.00
26240.00
25900.00
25620.00
25500.00
25600.00
25560.00
25550.00
25540.00
25480.00
25450.00
25350.00
26320.00
27240.00
28740.00
30520.00
34300.00
36970.00
39260.00
40460.00
41300.00
40080.00
39240.00
38260.00
37830.00
37400.00
37050.00
36300.00
36360.00
36690.00
37090.00
37370.00
37750.00
38070.00
37830.00
37550.00
38260.00
39070.00
39590.00
40380.00
41360.00
41640.00
41810.00
42420.00
43470.00
43540.00
43650.00
43650.00
43330.00
42580.00
42520.00
42160.00
42360.00
42830.00
42980.00
43120.00
43040.00
42410.00
41110.00
40070.00
39620.00
39470.00
39460.00
38620.00
37200.00
35270.00
33300.00
31170.00
30310.00
30070.00
30090.00
30180.00
30150.00
30190.00
29840.00
29450.00
28980.00
28700.00
28480.00
28510.00
28480.00
28410.00
28370.00
28340.00
28440.00
28520.00
28720.00
28870.00
28610.00
28090.00
27550.00
26910.00
26520.00
26550.00
26820.00
27320.00
28050.00
28820.00
29380.00
29860.00
30010.00
29970.00
29710.00
29250.00
29020.00
29060.00
29100.00
29130.00
29280.00
29330.00
29450.00
29410.00
29410.00
29410.00
29420.00
29180.00
29090.00
29000.00
28770.00
28590.00
28570.00
28630.00
28730.00
29170.00
29500.00
29600.00
29470.00
29190.00
28650.00
28050.00
27660.00
27370.00
27410.00
27640.00
27910.00
28170.00
28680.00
28790.00
29080.00
29660.00
30120.00
30370.00
30880.00
31120.00
31130.00
31170.00
31220.00
31030.00
30790.00
30580.00
30330.00
30350.00
30310.00
30300.00
30710.00
31160.00
31670.00
32250.00
32950.00
32960.00
32900.00
32740.00
32760.00
32700.00
33060.00
33300.00
33270.00
33180.00
33130.00
33030.00
33130.00
33790.00
34390.00
35200.00
35940.00
36970.00
37750.00
38470.00
38840.00
39410.00
39800.00
39940.00
40190.00
40460.00
40550.00
40350.00
39830.00
39390.00
40600.00
41080.00
40890.00
41220.00
41520.00
