58160.00
58840.00
59360.00
60160.00
60280.00
60360.00
60220.00
60620.00
60720.00
60520.00
60600.00
60460.00
59840.00
59440.00
59320.00
59140.00
59000.00
59020.00
60660.00
62520.00
64180.00
65300.00
66000.00
65380.00
66160.00
67080.00
69140.00
71700.00
73880.00
74220.00
74780.00
75000.00
75460.00
75800.00
75840.00
76440.00
76800.00
77300.00
78340.00
79720.00
81240.00
82820.00
83860.00
84460.00
85480.00
86260.00
86380.00
86980.00
87140.00
86580.00
85260.00
85340.00
84940.00
84760.00
85820.00
86320.00
86660.00
87600.00
88580.00
88440.00
88600.00
88220.00
87740.00
87200.00
87280.00
87800.00
87320.00
86300.00
85640.00
84400.00
82620.00
82200.00
81800.00
81300.00
81180.00
81660.00
82140.00
80980.00
80260.00
79920.00
79760.00
78980.00
79740.00
79900.00
79220.00
78580.00
78760.00
78860.00
78700.00
79240.00
78940.00
77740.00
76340.00
75440.00
74240.00
73600.00
73260.00
73140.00
73160.00
72680.00
72600.00
72900.00
74120.00
75320.00
77000.00
78720.00
79660.00
79820.00
80620.00
81460.00
81440.00
82420.00
83100.00
82980.00
82180.00
81040.00
79620.00
77540.00
75440.00
73900.00
72700.00
71940.00
71560.00
70760.00
70080.00
69280.00
67780.00
66920.00
66480.00
66000.00
65500.00
65520.00
65200.00
64780.00
64620.00
64600.00
64100.00
63640.00
63020.00
62520.00
62140.00
61660.00
60920.00
60460.00
60020.00
60400.00
60860.00
61360.00
61460.00
61180.00
59860.00
58920.00
58760.00
58860.00
59280.00
60120.00
60260.00
60180.00
60240.00
60060.00
60000.00
60280.00
60500.00
60880.00
61100.00
60940.00
60700.00
60740.00
60680.00
60680.00
60940.00
61640.00
61840.00
62060.00
62540.00
62940.00
62880.00
63120.00
63120.00
62880.00
62900.00
62900.00
62720.00
62480.00
62240.00
61860.00
61520.00
61320.00
61180.00
60960.00
60600.00
60120.00
59500.00
59080.00
58640.00
58540.00
58560.00
58580.00
58380.00
58280.00
58000.00
58140.00
58520.00
59120.00
60160.00
61000.00
61920.00
62600.00
63280.00
63540.00
63900.00
63980.00
64220.00
64300.00
64060.00
63880.00
63500.00
63140.00
63580.00
64380.00
65360.00
66280.00
67180.00
67380.00
67320.00
66980.00
66760.00
66360.00
65920.00
65740.00
65860.00
65920.00
66100.00
66400.00
66820.00
66720.00
66480.00
66080.00
65560.00
65140.00
65280.00
