95580.94
96057.12
97104.74
98095.22
99047.52
99809.52
100666.72
101238.20
101714.40
101714.40
101428.60
101619.00
101523.80
101238.00
101047.60
101238.00
101238.00
101142.60
101333.20
101428.40
101333.20
100857.00
100476.12
99999.88
100285.68
100095.24
100095.24
100571.52
100857.16
100380.92
100285.68
99714.28
98857.06
98476.18
98571.42
99238.10
100285.70
101142.92
101619.20
101523.96
101238.16
100666.76
101142.96
101333.36
101809.60
102000.20
102095.40
101523.80
100857.12
99999.92
98761.78
98190.38
97619.02
97142.84
97047.62
97999.96
98190.44
98761.80
99523.66
99618.88
98761.78
98190.36
97333.30
96476.20
96285.74
96476.22
96666.70
96666.70
96400.02
96495.26
96400.02
96209.54
95771.44
95809.54
95238.10
95238.10
95523.82
95961.92
96190.50
96342.88
95885.74
94933.36
93847.64
92400.02
91180.98
90400.02
90057.16
89866.68
89790.48
89752.38
89390.48
88952.38
88628.58
88685.72
88704.76
88438.08
88590.46
88399.98
88095.22
87809.52
87771.44
87638.10
87771.44
87980.98
88133.36
88514.30
88438.12
88285.72
89009.52
89371.42
89828.56
90361.88
90780.94
90209.52
90114.28
89638.10
89028.58
88857.14
88609.52
88228.56
87504.74
87276.18
86647.62
85942.86
85428.58
85580.96
85466.66
85352.38
85409.52
85200.00
85047.62
85809.54
86780.96
87657.14
88552.38
88780.96
87980.96
86857.16
85885.74
84838.12
84247.64
83542.88
82190.48
80514.28
79180.94
77676.18
76361.88
76342.84
76552.36
76628.56
76666.66
76914.28
77047.62
77504.78
77885.72
78247.62
78209.52
77809.52
77447.60
77161.90
77352.38
78019.06
78780.96
79390.50
79847.64
79885.74
79561.92
79390.50
79219.06
79276.20
79771.42
80457.14
80857.14
81295.24
81371.44
81161.92
80780.96
80361.90
79695.24
79504.76
79542.86
79352.40
79238.12
79466.68
79733.34
79542.86
79961.90
80571.42
81485.70
82323.80
83352.38
84019.04
84800.00
85447.62
85980.94
86609.50
87142.84
87657.12
87714.26
87638.08
88247.62
88742.86
89409.52
90076.20
90990.48
91009.52
91257.14
90895.24
90571.42
89771.42
89257.14
88780.94
88304.76
88057.14
87942.86
88038.10
88076.20
88457.14
88876.20
89047.62
88685.70
88476.18
88304.76
87790.46
87695.22
87771.42
87504.76
87485.70
87428.56
87428.56
87390.46
87619.02
87542.84
87466.66
87428.58
87409.54
88419.06
89466.68
90685.72
92000.00
93914.28
