120500.00
122700.00
124100.00
125700.00
126900.00
127900.00
126800.00
126500.00
125100.00
124100.00
123000.00
124100.00
125000.00
126200.00
126700.00
127600.00
127200.00
126900.00
126000.00
125300.00
124500.00
123900.00
123900.00
126200.00
129100.00
132200.00
134700.00
137400.00
138000.00
138500.00
138200.00
139200.00
139800.00
139600.00
139900.00
142200.00
143600.00
143400.00
146100.00
148500.00
150300.00
152700.00
155900.00
157500.00
157100.00
157500.00
156100.00
155000.00
151900.00
149900.00
145800.00
143400.00
141500.00
140400.00
140200.00
140600.00
140100.00
139900.00
140300.00
140600.00
141400.00
142900.00
144400.00
147100.00
149800.00
151800.00
153600.00
155800.00
156000.00
155900.00
155500.00
154600.00
152200.00
151300.00
149800.00
148700.00
147600.00
147200.00
145400.00
144700.00
144400.00
144500.00
143700.00
143500.00
142600.00
142300.00
142700.00
142700.00
142600.00
142200.00
140900.00
138900.00
139100.00
139100.00
141400.00
141700.00
141400.00
139300.00
138100.00
135500.00
135300.00
135800.00
137900.00
139800.00
141700.00
148000.00
150800.00
152200.00
153000.00
153300.00
149200.00
148200.00
148200.00
147900.00
146800.00
145400.00
143400.00
141200.00
139100.00
137800.00
136500.00
136200.00
135000.00
134100.00
132700.00
131600.00
129800.00
128500.00
127400.00
127000.00
126900.00
127600.00
127700.00
127600.00
126900.00
125200.00
123400.00
121600.00
120100.00
119500.00
119100.00
118300.00
118100.00
117700.00
116700.00
117500.00
117400.00
118000.00
118700.00
120000.00
118200.00
117600.00
116500.00
115000.00
112500.00
111100.00
108900.00
106500.00
104200.00
103900.00
103400.00
103600.00
105100.00
107300.00
107200.00
106700.00
106000.00
104800.00
103500.00
103000.00
103500.00
105000.00
106000.00
106800.00
108500.00
110700.00
112100.00
113800.00
115600.00
116500.00
117300.00
117800.00
117400.00
116800.00
116000.00
114200.00
112600.00
111900.00
111500.00
111700.00
111900.00
112300.00
111000.00
109500.00
107500.00
106200.00
104500.00
104400.00
103900.00
103600.00
103300.00
103500.00
103700.00
103900.00
104100.00
104500.00
104300.00
103400.00
102660.00
102060.00
101460.00
101060.00
101660.00
102100.00
102100.00
101700.00
102800.00
103900.00
104900.00
106200.00
107500.00
107500.00
106700.00
105800.00
104800.00
103900.00
102500.00
101800.00
101500.00
101300.00
101500.00
102100.00
102600.00
103200.00
103500.00
103400.00
103500.00
103900.00
104400.00
105000.00
105300.00
