10628.00
10434.00
10294.00
10254.00
10394.00
10616.00
10880.00
11230.00
11410.00
11560.00
11730.00
11840.00
11910.00
12060.00
12130.00
12180.00
12280.00
12280.00
12300.00
12350.00
12320.00
12370.00
12390.00
12440.00
12470.00
12630.00
12760.00
12990.00
13190.00
13470.00
13700.00
13840.00
13880.00
13870.00
13690.00
13530.00
13480.00
13660.00
13840.00
14130.00
14360.00
14490.00
14320.00
14340.00
14330.00
14350.00
14270.00
14290.00
14100.00
13900.00
13670.00
13540.00
13540.00
13680.00
13980.00
14240.00
14520.00
14610.00
14600.00
14440.00
14410.00
14430.00
14520.00
14600.00
14660.00
14690.00
14640.00
14580.00
14540.00
14560.00
14540.00
14450.00
14350.00
14420.00
14620.00
14930.00
15370.00
15860.00
16250.00
16690.00
17000.00
17210.00
17380.00
17580.00
17610.00
17640.00
17650.00
17540.00
17560.00
17550.00
17810.00
18110.00
18470.00
18540.00
18560.00
18460.00
18020.00
17640.00
17320.00
17060.00
16880.00
17120.00
17580.00
17940.00
18270.00
18420.00
18480.00
18330.00
18200.00
18150.00
18040.00
17960.00
17830.00
17780.00
17990.00
18050.00
18200.00
18130.00
18220.00
17920.00
17810.00
17600.00
17530.00
17300.00
17250.00
17120.00
16500.00
15940.00
15420.00
14760.00
14100.00
14150.00
14200.00
14160.00
14180.00
14240.00
14050.00
13880.00
13820.00
13650.00
13480.00
13380.00
13110.00
12960.00
13010.00
13200.00
13370.00
13710.00
13840.00
13890.00
13830.00
13780.00
13890.00
14060.00
14290.00
14470.00
14540.00
14480.00
14450.00
14330.00
14310.00
14370.00
14400.00
14400.00
14430.00
14430.00
14490.00
14610.00
14690.00
14770.00
14810.00
14800.00
14770.00
14820.00
14810.00
14840.00
14820.00
14830.00
14730.00
14600.00
14570.00
14590.00
14530.00
14500.00
14540.00
14490.00
14430.00
14410.00
14370.00
14350.00
14330.00
14320.00
14400.00
14560.00
14680.00
14780.00
14860.00
14880.00
14850.00
14820.00
14950.00
15110.00
15210.00
15220.00
15130.00
14900.00
14680.00
14490.00
14330.00
14250.00
14040.00
13760.00
13500.00
13300.00
13100.00
13020.00
12900.00
12770.00
12610.00
12440.00
12230.00
12080.00
11940.00
11830.00
11740.00
11680.00
11600.00
11520.00
11540.00
11720.00
11930.00
12170.00
12370.00
12490.00
12460.00
12420.00
12400.00
12410.00
12420.00
12430.00
12460.00
