12600.00
12720.00
12860.00
12970.00
12960.00
13060.00
13220.00
13310.00
13390.00
13400.00
13270.00
12980.00
12750.00
12640.00
12730.00
12890.00
13060.00
13260.00
13320.00
13360.00
13400.00
13470.00
13490.00
13620.00
13710.00
13790.00
13860.00
14060.00
14180.00
14270.00
14390.00
14500.00
14420.00
14330.00
14150.00
14040.00
13910.00
14080.00
14140.00
14250.00
14210.00
14250.00
14020.00
13970.00
13960.00
14020.00
14060.00
14160.00
14130.00
14190.00
14210.00
14300.00
14300.00
14300.00
14250.00
14270.00
14150.00
14190.00
14440.00
14680.00
14870.00
15090.00
15200.00
15120.00
15040.00
14960.00
14960.00
15030.00
15070.00
15070.00
15190.00
15280.00
15270.00
15450.00
15620.00
15720.00
15730.00
15830.00
15820.00
15890.00
15960.00
15840.00
15690.00
15480.00
15240.00
15060.00
15040.00
14980.00
14900.00
14880.00
14790.00
14850.00
14900.00
14940.00
14980.00
14930.00
14850.00
14890.00
15030.00
15140.00
15230.00
15360.00
15440.00
15570.00
15650.00
15860.00
15940.00
15980.00
15810.00
15630.00
15400.00
15170.00
14950.00
14770.00
14670.00
14600.00
14470.00
14180.00
14030.00
13810.00
13590.00
13510.00
13460.00
13310.00
13270.00
13240.00
13150.00
13170.00
13330.00
13430.00
13510.00
13590.00
13820.00
14020.00
14100.00
14170.00
14230.00
14000.00
13730.00
13490.00
13190.00
12890.00
12550.00
12130.00
11800.00
11600.00
11480.00
11520.00
11630.00
11710.00
11670.00
11630.00
11640.00
11720.00
11800.00
11930.00
11900.00
11820.00
11690.00
11510.00
11380.00
11380.00
11430.00
11560.00
11820.00
12030.00
12210.00
12470.00
12620.00
12710.00
12810.00
12980.00
13040.00
13100.00
13140.00
13360.00
13450.00
13580.00
13700.00
13800.00
13820.00
13880.00
13930.00
13960.00
14020.00
13980.00
14000.00
14060.00
14170.00
14220.00
14300.00
14360.00
14330.00
14290.00
14280.00
14190.00
14210.00
14360.00
14530.00
14680.00
14830.00
14850.00
14760.00
14710.00
14640.00
14520.00
14400.00
14380.00
14320.00
14280.00
14340.00
14430.00
14410.00
14340.00
14240.00
14180.00
14140.00
14100.00
14050.00
14080.00
14040.00
13980.00
13930.00
13900.00
13880.00
13960.00
13960.00
14100.00
14280.00
14540.00
14720.00
14980.00
15130.00
15270.00
15270.00
15260.00
15220.00
15190.00
15210.00
15320.00
15450.00
