4470.00
4483.00
4512.00
4540.00
4552.00
4619.00
4693.00
4743.00
4839.00
4948.00
4981.00
4996.00
5026.00
5005.00
4976.00
5046.00
5124.00
5166.00
5183.00
5202.00
5156.00
5090.00
5062.00
5074.00
5074.00
5070.00
5055.00
5031.00
4989.00
4961.00
4944.00
4957.00
4975.00
5029.00
5039.00
5060.00
5058.00
5080.00
5052.00
5072.00
5070.00
5142.00
5216.00
5322.00
5422.00
5570.00
5694.00
5932.00
6164.00
6362.00
6448.00
6492.00
6380.00
6234.00
6190.00
6306.00
6342.00
6350.00
6408.00
6546.00
6610.00
6736.00
6898.00
7082.00
7096.00
7088.00
7140.00
7160.00
7226.00
7340.00
7434.00
7530.00
7676.00
7672.00
7578.00
7578.00
7498.00
7392.00
7282.00
7270.00
7208.00
7106.00
7044.00
7032.00
6984.00
6938.00
6908.00
6820.00
6692.00
6542.00
6382.00
6248.00
6184.00
6152.00
6156.00
6204.00
6230.00
6184.00
6118.00
6024.00
5936.00
5950.00
6086.00
6276.00
6490.00
6678.00
6812.00
6806.00
6800.00
6776.00
6724.00
6632.00
6624.00
6584.00
6522.00
6496.00
6492.00
6420.00
6350.00
6246.00
6102.00
5984.00
5850.00
5674.00
5584.00
5508.00
5428.00
5348.00
5324.00
5254.00
5182.00
5118.00
5122.00
5150.00
5216.00
5240.00
5250.00
5188.00
5117.00
5035.00
4955.00
4915.00
4848.00
4721.00
4625.00
4606.00
4598.00
4641.00
4729.00
4799.00
4896.00
5002.00
5142.00
5272.00
5384.00
5420.00
5338.00
5252.00
5262.00
5290.00
5318.00
5456.00
5592.00
5634.00
5696.00
5760.00
5776.00
5790.00
5824.00
5836.00
5842.00
5848.00
5848.00
5854.00
5936.00
6054.00
6212.00
6368.00
6494.00
6540.00
6570.00
6516.00
6460.00
6406.00
6316.00
6182.00
6088.00
6028.00
5958.00
5890.00
5860.00
5830.00
5782.00
5754.00
5712.00
5646.00
5592.00
5558.00
5558.00
5580.00
5620.00
5634.00
5622.00
5578.00
5556.00
5558.00
5608.00
5658.00
5708.00
5746.00
5682.00
5544.00
5406.00
5250.00
5079.00
4997.00
4949.00
4933.00
4931.00
4943.00
4928.00
4918.00
4861.00
4781.00
4704.00
4659.00
4637.00
4676.00
4745.00
4826.00
4888.00
4932.00
4936.00
4925.00
4912.00
4916.00
4918.00
4898.00
4902.00
4912.00
4909.00
