381100.00
383700.00
386000.00
388900.00
391900.00
395500.00
397900.00
397500.00
398400.00
397200.00
397200.00
397200.00
400300.00
400900.00
401900.00
399500.00
397300.00
396800.00
393900.00
389200.00
386500.00
384600.00
380200.00
378400.00
379100.00
379400.00
379500.00
381000.00
382700.00
382500.00
381800.00
380000.00
376900.00
373700.00
372700.00
372700.00
375100.00
376900.00
377500.00
377000.00
375200.00
372800.00
370600.00
366800.00
360300.00
354700.00
350700.00
347600.00
346100.00
345600.00
344900.00
342100.00
336700.00
331000.00
327200.00
325500.00
328100.00
333400.00
338500.00
343400.00
347000.00
348500.00
351000.00
354900.00
359200.00
363600.00
365600.00
366700.00
365700.00
366700.00
368400.00
369200.00
367800.00
363500.00
358500.00
352800.00
346700.00
341700.00
340800.00
336300.00
326400.00
318300.00
310500.00
300700.00
297400.00
299800.00
299800.00
300900.00
302600.00
300100.00
298900.00
298800.00
297100.00
296600.00
296600.00
293700.00
290600.00
291600.00
293500.00
297600.00
302100.00
306500.00
307600.00
308900.00
307600.00
308500.00
310000.00
310700.00
312100.00
313500.00
313600.00
314400.00
316900.00
316700.00
316400.00
316000.00
316600.00
316500.00
318700.00
319600.00
319300.00
318100.00
317200.00
313100.00
309400.00
307000.00
304500.00
300500.00
298900.00
296400.00
293300.00
290500.00
289200.00
287900.00
286700.00
283600.00
281200.00
277800.00
275300.00
275100.00
276600.00
277200.00
274300.00
269600.00
263500.00
257800.00
256000.00
262100.00
268600.00
276700.00
284300.00
287100.00
286000.00
285600.00
283900.00
283100.00
280700.00
279200.00
279800.00
278000.00
275100.00
274200.00
273400.00
271700.00
273100.00
274800.00
277400.00
279700.00
282700.00
285500.00
293000.00
300200.00
309300.00
318400.00
323100.00
323800.00
324200.00
321900.00
316500.00
314600.00
315500.00
315500.00
316100.00
319000.00
323300.00
323900.00
325300.00
327100.00
327100.00
329100.00
332900.00
336700.00
338700.00
342300.00
349000.00
355600.00
363500.00
375200.00
386500.00
391400.00
395500.00
398000.00
398600.00
398400.00
398900.00
400100.00
398900.00
398600.00
398300.00
396300.00
395000.00
397400.00
397300.00
397600.00
397900.00
395300.00
393100.00
391100.00
390600.00
392200.00
393900.00
393700.00
394700.00
393600.00
393000.00
393300.00
392900.00
392100.00
391600.00
390400.00
390600.00
392000.00
393000.00
394100.00
395200.00
395300.00
400800.00
405200.00
409000.00
415800.00
423100.00
