14220.00
14890.00
15450.00
15980.00
16130.00
16260.00
16100.00
16140.00
16200.00
16260.00
16350.00
16370.00
16370.00
16360.00
16360.00
16160.00
16200.00
16200.00
16180.00
16310.00
16380.00
16220.00
16010.00
15760.00
15480.00
15350.00
15260.00
15240.00
15300.00
15470.00
15640.00
15850.00
15970.00
16010.00
15760.00
15700.00
15500.00
15510.00
15530.00
15610.00
15390.00
15350.00
15200.00
15130.00
15110.00
15330.00
15500.00
15720.00
15750.00
15930.00
15970.00
16190.00
16370.00
16500.00
16520.00
16850.00
17000.00
17120.00
17410.00
17750.00
17870.00
17980.00
17980.00
17920.00
17800.00
17690.00
17490.00
17550.00
17590.00
17630.00
17520.00
17400.00
17060.00
16860.00
16500.00
16280.00
16110.00
16090.00
15930.00
15830.00
15650.00
15460.00
15020.00
14610.00
14330.00
14190.00
14050.00
14100.00
14170.00
14190.00
14100.00
13990.00
13840.00
13690.00
13580.00
13410.00
13290.00
13170.00
13060.00
13070.00
13240.00
13430.00
13610.00
13910.00
14090.00
14200.00
14360.00
14420.00
14490.00
14490.00
14540.00
14460.00
14440.00
14350.00
14270.00
14140.00
14150.00
14130.00
13990.00
13870.00
13740.00
13570.00
13370.00
13220.00
13090.00
13030.00
12950.00
12990.00
13060.00
13010.00
12920.00
12870.00
12820.00
12830.00
12890.00
12800.00
12580.00
12310.00
11980.00
11760.00
11600.00
11490.00
11330.00
11090.00
10800.00
10660.00
10540.00
10570.00
10790.00
11070.00
11100.00
11210.00
11310.00
11330.00
11210.00
11200.00
10980.00
10720.00
10412.00
10170.00
10140.00
10240.00
10320.00
10468.00
10620.00
10610.00
10610.00
10690.00
10750.00
10820.00
10880.00
10960.00
10970.00
10930.00
10880.00
10840.00
10720.00
10580.00
10420.00
10236.00
10096.00
10000.00
9868.00
9746.00
9678.00
9564.00
9514.00
9626.00
9768.00
9870.00
9946.00
10002.00
9964.00
9926.00
9860.00
9790.00
9716.00
9642.00
9612.00
9574.00
9560.00
9534.00
9542.00
9536.00
9608.00
9712.00
9822.00
9858.00
9876.00
9856.00
9954.00
10044.00
10122.00
10138.00
10084.00
9888.00
9750.00
9696.00
9688.00
9744.00
9778.00
9764.00
9680.00
9612.00
9540.00
9502.00
9434.00
9408.00
9390.00
9438.00
9510.00
9618.00
9720.00
9800.00
9832.00
9866.00
9878.00
9886.00
9930.00
9992.00
10016.00
