26500.00
26390.00
26550.00
26800.00
27110.00
27340.00
27670.00
27810.00
28190.00
28430.00
28640.00
28770.00
29140.00
29150.00
29190.00
29230.00
29240.00
29260.00
29290.00
29560.00
29840.00
30100.00
30250.00
30420.00
30350.00
30200.00
30160.00
30070.00
30090.00
30080.00
30190.00
30290.00
30370.00
30280.00
30260.00
30170.00
29990.00
29930.00
29910.00
29900.00
29930.00
30060.00
30260.00
30560.00
30920.00
31290.00
31520.00
31630.00
31690.00
31570.00
31320.00
31140.00
30960.00
30740.00
30600.00
30450.00
30230.00
30030.00
29830.00
29570.00
29450.00
29450.00
29450.00
29440.00
29530.00
29680.00
29820.00
30070.00
30260.00
30230.00
30210.00
30340.00
30200.00
30090.00
30090.00
30010.00
29740.00
29720.00
29710.00
29810.00
29980.00
30090.00
30070.00
29960.00
29990.00
29880.00
29790.00
29690.00
29660.00
29420.00
29170.00
28910.00
28550.00
28170.00
28190.00
28410.00
28730.00
29100.00
29450.00
29460.00
29280.00
28950.00
28690.00
28580.00
28470.00
28480.00
28570.00
28560.00
28340.00
28110.00
27940.00
27740.00
27620.00
27580.00
27530.00
27450.00
27520.00
27610.00
27670.00
27700.00
27670.00
27300.00
26890.00
26480.00
26060.00
25600.00
25260.00
25020.00
24960.00
25020.00
25250.00
25580.00
25860.00
25960.00
26090.00
26090.00
26190.00
26120.00
26080.00
25920.00
25700.00
25430.00
25190.00
25070.00
24900.00
24770.00
24650.00
24490.00
24450.00
24640.00
24980.00
25440.00
26150.00
26710.00
27200.00
27540.00
27720.00
27740.00
27720.00
27630.00
27550.00
27400.00
27230.00
27070.00
26990.00
26970.00
27010.00
27150.00
27320.00
27430.00
27470.00
27730.00
28030.00
28330.00
28530.00
28710.00
28490.00
28150.00
27770.00
27580.00
27500.00
27670.00
27850.00
28010.00
28000.00
27910.00
27740.00
27660.00
27640.00
27600.00
27550.00
27520.00
27460.00
27340.00
27320.00
27400.00
27550.00
27840.00
28180.00
28590.00
28820.00
29010.00
29110.00
29170.00
29180.00
29330.00
29490.00
29650.00
29870.00
30000.00
30090.00
30150.00
30190.00
30170.00
30170.00
30180.00
30180.00
30240.00
30270.00
30260.00
30130.00
30020.00
29800.00
29570.00
29370.00
29290.00
29130.00
29000.00
28960.00
28980.00
28900.00
28890.00
28930.00
28950.00
28950.00
29060.00
29130.00
29130.00
29120.00
29140.00
29100.00
