9944.00
9954.00
9984.00
10024.00
10036.00
10050.00
10070.00
10120.00
10190.00
10270.00
10340.00
10370.00
10390.00
10390.00
10410.00
10440.00
10470.00
10490.00
10480.00
10480.00
10460.00
10480.00
10500.00
10550.00
10590.00
10600.00
10680.00
10760.00
10890.00
11000.00
11130.00
11130.00
11110.00
11070.00
10970.00
10970.00
11050.00
11110.00
11070.00
11090.00
11030.00
10940.00
10930.00
11010.00
11070.00
11130.00
11160.00
11090.00
10990.00
10910.00
10780.00
10690.00
10640.00
10520.00
10430.00
10420.00
10370.00
10350.00
10410.00
10460.00
10500.00
10550.00
10580.00
10630.00
10660.00
10640.00
10620.00
10600.00
10550.00
10500.00
10490.00
10480.00
10460.00
10410.00
10400.00
10360.00
10320.00
10290.00
10300.00
10250.00
10210.00
10154.00
10124.00
10052.00
10018.00
10028.00
10044.00
10010.00
9992.00
9944.00
9844.00
9746.00
9676.00
9636.00
9636.00
9602.00
9592.00
9646.00
9670.00
9646.00
9670.00
9688.00
9662.00
9708.00
9784.00
9904.00
9984.00
10024.00
10008.00
10002.00
9972.00
9972.00
9974.00
9990.00
9994.00
9954.00
9912.00
9892.00
9852.00
9814.00
9776.00
9758.00
9688.00
9608.00
9534.00
9516.00
9472.00
9466.00
9484.00
9482.00
9452.00
9436.00
9424.00
9398.00
9414.00
9390.00
9300.00
9138.00
8978.00
8798.00
8638.00
8548.00
8386.00
8204.00
8022.00
7900.00
7790.00
7844.00
7918.00
7982.00
7968.00
7992.00
8034.00
8130.00
8216.00
8346.00
8378.00
8384.00
8342.00
8308.00
8290.00
8346.00
8388.00
8432.00
8480.00
8514.00
8486.00
8462.00
8452.00
8438.00
8444.00
8500.00
8544.00
8566.00
8572.00
8554.00
8508.00
8480.00
8422.00
8394.00
8360.00
8336.00
8296.00
8298.00
8288.00
8278.00
8284.00
8314.00
8352.00
8420.00
8526.00
8570.00
8582.00
8580.00
8556.00
8478.00
8434.00
8404.00
8370.00
8334.00
8330.00
8356.00
8400.00
8472.00
8574.00
8688.00
8764.00
8794.00
8796.00
8762.00
8684.00
8634.00
8606.00
8532.00
8432.00
8352.00
8268.00
8214.00
8214.00
8282.00
8338.00
8370.00
8382.00
8380.00
8320.00
8266.00
8230.00
8190.00
8172.00
8196.00
8236.00
8282.00
8336.00
8372.00
8376.00
8372.00
8356.00
8334.00
8298.00
8260.00
8240.00
