5594.00
5616.00
5636.00
5660.00
5680.00
5738.00
5776.00
5806.00
5850.00
5896.00
5894.00
5914.00
5938.00
5950.00
5960.00
5974.00
5974.00
5972.00
5976.00
5990.00
6000.00
6018.00
6060.00
6116.00
6158.00
6208.00
6238.00
6244.00
6222.00
6208.00
6218.00
6252.00
6270.00
6294.00
6254.00
6220.00
6174.00
6146.00
6104.00
6110.00
6102.00
6096.00
6114.00
6136.00
6148.00
6154.00
6154.00
6114.00
6080.00
6066.00
6048.00
6040.00
6022.00
6000.00
5984.00
5980.00
5966.00
5994.00
6030.00
6060.00
6068.00
6080.00
6160.00
6240.00
6338.00
6464.00
6594.00
6626.00
6634.00
6646.00
6640.00
6626.00
6636.00
6682.00
6690.00
6718.00
6744.00
6798.00
6838.00
6908.00
6936.00
6936.00
6926.00
6900.00
6862.00
6888.00
6944.00
6940.00
6924.00
6902.00
6872.00
6824.00
6798.00
6834.00
6922.00
6974.00
7072.00
7174.00
7210.00
7194.00
7190.00
7158.00
7140.00
7216.00
7276.00
7352.00
7510.00
7672.00
7844.00
8064.00
8242.00
8390.00
8540.00
8626.00
8680.00
8738.00
8740.00
8702.00
8782.00
8848.00
8878.00
8922.00
8950.00
8786.00
8660.00
8534.00
8386.00
8282.00
8248.00
8174.00
8130.00
8116.00
8086.00
8048.00
8028.00
8046.00
8032.00
7916.00
7852.00
7772.00
7622.00
7552.00
7528.00
7388.00
7290.00
7260.00
7164.00
7156.00
7238.00
7346.00
7356.00
7374.00
7444.00
7498.00
7484.00
7534.00
7520.00
7424.00
7328.00
7246.00
7196.00
7228.00
7252.00
7274.00
7292.00
7292.00
7256.00
7266.00
7272.00
7280.00
7286.00
7310.00
7314.00
7442.00
7588.00
7742.00
7854.00
7972.00
7950.00
7948.00
7934.00
7944.00
7918.00
7884.00
7820.00
7782.00
7714.00
7682.00
7672.00
7696.00
7712.00
7760.00
7780.00
7766.00
7664.00
7548.00
7442.00
7342.00
7278.00
7282.00
7270.00
7268.00
7286.00
7334.00
7434.00
7568.00
7668.00
7792.00
7868.00
7886.00
7864.00
7864.00
7860.00
7824.00
7772.00
7744.00
7746.00
7730.00
7760.00
7802.00
7832.00
7832.00
7826.00
7822.00
7818.00
7844.00
7900.00
7936.00
7972.00
7998.00
7998.00
7992.00
7960.00
7922.00
7906.00
7906.00
7896.00
7914.00
7952.00
7962.00
7980.00
