20980.00
20690.00
20630.00
20470.00
20400.00
20370.00
20720.00
21130.00
21450.00
21650.00
21880.00
21710.00
21760.00
22180.00
22520.00
22750.00
22880.00
22860.00
22560.00
22460.00
22340.00
22320.00
22200.00
22100.00
21970.00
22090.00
22420.00
22780.00
23130.00
23750.00
24190.00
24400.00
24560.00
24750.00
24640.00
24620.00
24610.00
24700.00
24700.00
24850.00
24910.00
25000.00
25040.00
25230.00
25240.00
25280.00
25170.00
25120.00
24970.00
24800.00
24560.00
24430.00
25020.00
25140.00
25190.00
25400.00
25550.00
24970.00
24730.00
24540.00
24250.00
24140.00
24000.00
24060.00
24170.00
24210.00
24190.00
24320.00
24280.00
24270.00
24340.00
24220.00
23910.00
23720.00
23630.00
23600.00
23740.00
23850.00
23940.00
23910.00
23800.00
23790.00
23780.00
23580.00
23340.00
23230.00
23380.00
23650.00
24120.00
25010.00
25650.00
25770.00
25800.00
25820.00
25560.00
25350.00
25290.00
25390.00
25500.00
25670.00
25770.00
25830.00
25680.00
25720.00
25630.00
25590.00
25480.00
25500.00
25300.00
25110.00
24990.00
24900.00
24640.00
24470.00
24230.00
23960.00
23680.00
23540.00
23530.00
23470.00
23430.00
23490.00
23410.00
23210.00
23180.00
23320.00
23410.00
23530.00
23640.00
23630.00
23570.00
23570.00
23670.00
23650.00
23580.00
23410.00
23170.00
22800.00
22590.00
22500.00
22470.00
22470.00
22460.00
22230.00
21940.00
21690.00
21410.00
21280.00
21430.00
21830.00
22080.00
22480.00
22840.00
23270.00
23420.00
23460.00
23260.00
23090.00
22780.00
22460.00
22320.00
22340.00
22390.00
22370.00
22410.00
22460.00
22330.00
22140.00
21960.00
21850.00
21860.00
21950.00
22030.00
22100.00
22060.00
21880.00
21750.00
21670.00
21530.00
21450.00
21510.00
21540.00
21500.00
21560.00
21640.00
21520.00
21430.00
21430.00
21430.00
21430.00
21450.00
21400.00
21240.00
21100.00
20970.00
20860.00
20730.00
20710.00
20620.00
20440.00
20290.00
20230.00
20330.00
20380.00
20520.00
20680.00
20900.00
20880.00
20990.00
21000.00
20830.00
20650.00
20460.00
20080.00
19600.00
19240.00
18950.00
18730.00
18600.00
18610.00
18610.00
18530.00
18500.00
18510.00
18590.00
18730.00
18890.00
18930.00
19040.00
19100.00
19110.00
19110.00
19160.00
19130.00
19110.00
19120.00
19240.00
19310.00
19490.00
19650.00
19800.00
