9022.00
8908.00
8974.00
9068.00
9120.00
9106.00
9032.00
8910.00
8848.00
8904.00
8964.00
9146.00
9328.00
9446.00
9552.00
9630.00
9558.00
9508.00
9444.00
9346.00
9248.00
9286.00
9386.00
9534.00
9740.00
10000.00
10216.00
10380.00
10520.00
10590.00
10680.00
10810.00
11040.00
11220.00
11360.00
11560.00
11670.00
11580.00
11510.00
11480.00
11360.00
11360.00
11510.00
11580.00
11590.00
11600.00
11500.00
11380.00
11290.00
11300.00
11260.00
11410.00
11430.00
11470.00
11550.00
11700.00
11670.00
11920.00
12190.00
12400.00
12580.00
12730.00
12720.00
12780.00
12870.00
12950.00
13030.00
13280.00
13440.00
13550.00
13650.00
13800.00
13720.00
13710.00
13600.00
13530.00
13480.00
13490.00
13490.00
13600.00
13750.00
13860.00
13880.00
13810.00
13740.00
13690.00
13810.00
14000.00
14130.00
14230.00
14260.00
14370.00
14420.00
14600.00
14890.00
15080.00
14890.00
14790.00
14670.00
14360.00
14340.00
14570.00
14830.00
15120.00
15440.00
15610.00
15520.00
15360.00
15140.00
14960.00
14760.00
14670.00
14560.00
14490.00
14430.00
14320.00
14280.00
14200.00
14220.00
14220.00
14410.00
14520.00
14630.00
14590.00
14600.00
14470.00
14470.00
14450.00
14390.00
14250.00
14090.00
13950.00
13960.00
13940.00
13880.00
13780.00
13540.00
13170.00
12960.00
12900.00
12830.00
12830.00
12760.00
12610.00
12480.00
12440.00
12360.00
12420.00
12650.00
12870.00
12950.00
13140.00
13320.00
13380.00
13350.00
13350.00
13190.00
13000.00
12880.00
12820.00
12830.00
12780.00
12820.00
12950.00
13090.00
13410.00
13800.00
14090.00
14190.00
14240.00
14130.00
14070.00
14070.00
14150.00
14360.00
14560.00
14710.00
14890.00
15080.00
15290.00
15480.00
15670.00
15810.00
15810.00
15690.00
15590.00
15390.00
15210.00
15200.00
15210.00
15270.00
15390.00
15510.00
15490.00
15360.00
15150.00
15000.00
14890.00
14790.00
14800.00
14950.00
15100.00
15080.00
15060.00
15020.00
14870.00
14730.00
14630.00
14570.00
14650.00
15180.00
15740.00
16390.00
16970.00
17350.00
17230.00
17110.00
16980.00
16900.00
16740.00
16680.00
16570.00
16430.00
16310.00
16270.00
16190.00
16040.00
16020.00
16010.00
16130.00
16170.00
16350.00
16360.00
16310.00
16340.00
16380.00
16320.00
16390.00
16560.00
16530.00
16620.00
