28010.00
28270.00
28450.00
28520.00
28530.00
28410.00
28290.00
28220.00
28370.00
28530.00
28760.00
28850.00
29040.00
29280.00
29450.00
29390.00
29450.00
29470.00
29360.00
29440.00
29890.00
30300.00
30800.00
31260.00
31540.00
31520.00
31590.00
31520.00
31580.00
31620.00
31680.00
31730.00
31720.00
31540.00
31210.00
31010.00
30710.00
30550.00
30390.00
30310.00
30190.00
30120.00
30000.00
29980.00
30040.00
30100.00
30190.00
30200.00
30160.00
30130.00
30060.00
30030.00
29910.00
29810.00
29700.00
29680.00
29600.00
29700.00
29650.00
29590.00
29520.00
29440.00
29350.00
29460.00
29780.00
30090.00
30360.00
30850.00
31080.00
31260.00
31410.00
31830.00
32000.00
32360.00
32470.00
32710.00
32710.00
32640.00
32830.00
33150.00
33440.00
33690.00
33730.00
33530.00
33260.00
32780.00
32550.00
32420.00
32140.00
31830.00
31570.00
31010.00
30560.00
30200.00
29980.00
29810.00
29540.00
29480.00
29400.00
29290.00
29180.00
29420.00
29590.00
29880.00
30150.00
30450.00
30580.00
30910.00
31290.00
31670.00
32140.00
32750.00
32950.00
32950.00
32950.00
32810.00
32490.00
32320.00
32230.00
32030.00
31840.00
31670.00
31290.00
30850.00
30510.00
30200.00
30030.00
30090.00
30190.00
30190.00
30220.00
30160.00
29990.00
29860.00
29850.00
29770.00
29490.00
29050.00
28800.00
28490.00
28360.00
28370.00
28550.00
28390.00
28210.00
27910.00
27660.00
27530.00
27580.00
28110.00
28670.00
29220.00
29870.00
30710.00
31080.00
31390.00
31460.00
31410.00
31140.00
30810.00
30750.00
30930.00
31160.00
31370.00
31750.00
31740.00
31660.00
31560.00
31500.00
31350.00
31470.00
31620.00
31750.00
31860.00
31940.00
31890.00
31820.00
31990.00
32230.00
32210.00
32140.00
31900.00
31390.00
30760.00
30630.00
30500.00
30630.00
30650.00
30770.00
30710.00
30560.00
30410.00
30330.00
30190.00
29970.00
29820.00
29700.00
29640.00
29590.00
29580.00
29620.00
29560.00
29540.00
29530.00
29690.00
29830.00
29920.00
30020.00
30110.00
30020.00
30450.00
30920.00
31330.00
31650.00
31880.00
31700.00
31660.00
31770.00
32060.00
32550.00
32930.00
33160.00
33260.00
33220.00
33170.00
33390.00
33640.00
33800.00
33970.00
34130.00
33890.00
33730.00
33720.00
33720.00
33740.00
33990.00
34120.00
34180.00
34190.00
34170.00
34070.00
