9934.00
10088.00
10180.00
10210.00
10170.00
10130.00
10100.00
10080.00
10050.00
10090.00
10160.00
10190.00
10360.00
10490.00
10580.00
10660.00
10760.00
10720.00
10690.00
10670.00
10710.00
10750.00
10770.00
10810.00
10860.00
10870.00
10890.00
10940.00
10970.00
10990.00
11030.00
11060.00
11080.00
11120.00
11030.00
10920.00
10840.00
10750.00
10650.00
10620.00
10650.00
10620.00
10550.00
10450.00
10430.00
10330.00
10270.00
10270.00
10290.00
10320.00
10310.00
10320.00
10350.00
10360.00
10340.00
10400.00
10440.00
10470.00
10500.00
10520.00
10470.00
10400.00
10340.00
10300.00
10260.00
10260.00
10280.00
10260.00
10240.00
10220.00
10190.00
10160.00
10140.00
10130.00
10110.00
10090.00
10070.00
10060.00
10090.00
10130.00
10160.00
10142.00
10132.00
10082.00
10026.00
9996.00
10004.00
10002.00
9990.00
9966.00
9932.00
9904.00
9850.00
9796.00
9762.00
9726.00
9684.00
9680.00
9682.00
9686.00
9692.00
9712.00
9730.00
9766.00
9806.00
9840.00
9868.00
9884.00
9872.00
9846.00
9820.00
9788.00
9760.00
9810.00
9820.00
9806.00
9774.00
9718.00
9596.00
9510.00
9460.00
9466.00
9446.00
9432.00
9426.00
9420.00
9400.00
9424.00
9442.00
9456.00
9452.00
9442.00
9428.00
9404.00
9372.00
9320.00
9246.00
9120.00
8970.00
8864.00
8710.00
8530.00
8456.00
8408.00
8328.00
8322.00
8344.00
8320.00
8316.00
8308.00
8274.00
8252.00
8250.00
8258.00
8264.00
8284.00
8306.00
8324.00
8320.00
8318.00
8340.00
8366.00
8414.00
8456.00
8516.00
8542.00
8558.00
8544.00
8558.00
8558.00
8600.00
8680.00
8732.00
8746.00
8774.00
8784.00
8742.00
8762.00
8782.00
8780.00
8802.00
8824.00
8796.00
8750.00
8708.00
8616.00
8542.00
8506.00
8512.00
8528.00
8560.00
8578.00
8546.00
8516.00
8462.00
8416.00
8378.00
8364.00
8340.00
8320.00
8308.00
8296.00
8300.00
8308.00
8334.00
8356.00
8392.00
8412.00
8444.00
8468.00
8516.00
8564.00
8604.00
8582.00
8552.00
8494.00
8444.00
8408.00
8414.00
8430.00
8442.00
8440.00
8428.00
8416.00
8410.00
8406.00
8402.00
8402.00
8402.00
8422.00
8434.00
8440.00
8476.00
8518.00
8548.00
8592.00
8660.00
8696.00
8736.00
8756.00
8760.00
