19324.94
19753.26
20001.68
20327.18
20472.80
20558.46
20584.14
20644.10
20644.10
20746.88
20789.72
20746.90
20883.96
21115.24
21406.50
21663.48
22134.62
22597.18
23599.42
24507.42
25372.58
25835.14
26186.34
26152.06
26015.00
26143.50
26434.74
26648.90
26854.50
27317.06
27539.78
27616.88
27702.54
27608.30
27128.60
26700.30
26366.22
25972.18
25638.10
25372.56
25089.88
24790.06
24550.22
24156.20
23890.64
23719.32
23573.70
23333.84
23051.16
22794.18
22348.74
21920.44
21672.04
21406.48
21252.30
21252.30
21209.48
21226.60
21492.16
21603.52
21749.14
21894.76
21860.50
21714.88
21552.12
21372.24
21466.46
21663.48
21577.82
21526.42
21397.92
21055.28
20704.08
20481.36
20284.34
20224.38
20138.72
19984.52
19821.76
19547.66
19153.62
18716.76
18288.46
17902.98
17483.24
17157.74
16806.52
16429.62
16121.26
15932.80
15658.68
15427.40
15187.54
14999.08
15084.74
15050.48
15178.98
15410.28
15538.76
15470.24
15607.30
15573.04
15504.50
15675.84
15761.50
15941.38
16421.06
16669.48
16780.82
16926.44
16900.74
16592.38
16643.78
16583.82
16429.64
16266.90
16061.30
15838.58
15615.86
15478.80
15350.30
15256.08
14981.96
14673.60
14450.88
14253.86
14048.28
13911.22
13962.60
13876.94
13791.28
13722.74
13662.78
13577.12
13577.12
13362.98
13088.88
12711.98
12360.78
11983.88
11778.28
11538.42
11255.74
10921.66
10570.44
10364.86
10236.38
10304.90
10356.30
10433.40
10373.44
10399.14
10484.80
10596.16
10681.82
10750.34
10741.76
10638.98
10510.50
10382.02
10441.98
10510.52
10656.14
10913.12
11281.46
11401.40
11589.86
11829.70
11958.18
12155.20
11863.94
11487.03
10955.94
10433.42
9808.09
9825.23
9825.23
9850.93
9833.79
9773.83
9628.21
9525.42
9371.23
9259.87
9174.21
9097.11
9020.02
9054.28
9122.81
9122.81
9148.51
9165.64
9131.38
9045.72
8960.06
8934.36
8891.53
9045.72
9122.81
9225.60
9259.87
9328.40
9242.73
9259.87
9333.61
9420.48
9527.35
9561.96
9536.00
9414.00
9286.00
9116.00
8956.00
8810.00
8656.00
8546.00
8508.00
8636.00
8870.00
9032.00
9152.00
9132.00
8994.00
8766.00
8650.00
8518.00
8540.00
8596.00
8686.00
8992.00
9302.00
9422.00
9630.00
9784.00
9730.00
9668.00
9824.00
9770.00
9766.00
9990.00
10382.00
