45480.00
47320.00
48800.00
50040.00
50730.00
51280.00
51720.00
51840.00
51840.00
52380.00
52700.00
52540.00
52660.00
52760.00
52960.00
52640.00
52860.00
53300.00
54040.00
54820.00
56000.00
56260.00
56260.00
55980.00
55080.00
54360.00
54460.00
54560.00
54960.00
55880.00
56460.00
56540.00
56800.00
56740.00
55860.00
55440.00
54680.00
53920.00
53740.00
53580.00
52900.00
52760.00
52420.00
51620.00
51120.00
51080.00
50880.00
50520.00
49940.00
49560.00
48840.00
48300.00
47780.00
47290.00
47100.00
47600.00
47970.00
48750.00
49780.00
50690.00
51130.00
51320.00
51240.00
51260.00
50880.00
50660.00
50600.00
50580.00
50130.00
49690.00
49260.00
48720.00
48190.00
48130.00
48050.00
48100.00
48340.00
48370.00
48180.00
47840.00
47070.00
45950.00
44880.00
43640.00
43000.00
42750.00
42560.00
42530.00
42550.00
42440.00
41930.00
41370.00
40690.00
40130.00
39770.00
39670.00
39880.00
40220.00
40540.00
40780.00
41030.00
41060.00
41000.00
41390.00
41680.00
42000.00
42390.00
42730.00
42680.00
42630.00
42590.00
42470.00
42540.00
42340.00
41970.00
41670.00
41340.00
41080.00
41020.00
40850.00
40430.00
40230.00
39650.00
38890.00
38320.00
37870.00
37300.00
36940.00
36810.00
36450.00
36270.00
36220.00
36210.00
36330.00
36350.00
35630.00
34650.00
33650.00
32660.00
31780.00
31470.00
31200.00
30390.00
29440.00
28510.00
27900.00
27450.00
27610.00
27640.00
27910.00
27750.00
27940.00
28190.00
28650.00
28920.00
29260.00
29110.00
28910.00
28690.00
28500.00
28610.00
28990.00
29210.00
29510.00
29910.00
30100.00
30230.00
30690.00
31010.00
31530.00
31810.00
31960.00
31870.00
31820.00
31780.00
31920.00
31940.00
32130.00
32210.00
31990.00
31830.00
31750.00
31350.00
30900.00
30650.00
30170.00
29800.00
30080.00
30620.00
30980.00
31410.00
31920.00
31810.00
31540.00
31290.00
31160.00
30830.00
30690.00
30330.00
29760.00
29150.00
28680.00
28390.00
28490.00
28700.00
28930.00
29470.00
29850.00
29930.00
29960.00
30050.00
29790.00
29390.00
29160.00
28920.00
28660.00
28500.00
28540.00
28560.00
28610.00
28540.00
28260.00
27970.00
27540.00
27250.00
27170.00
27250.00
27380.00
27600.00
27850.00
28430.00
29050.00
29550.00
30160.00
30620.00
30770.00
30840.00
30730.00
30670.00
30640.00
30400.00
