350200.00
354300.00
357300.00
358000.00
356700.00
356200.00
355700.00
357300.00
359500.00
361900.00
363000.00
363700.00
363400.00
363400.00
365800.00
368900.00
372200.00
371500.00
368200.00
361700.00
356100.00
352300.00
351800.00
352800.00
353500.00
352500.00
351300.00
350100.00
350200.00
351800.00
355000.00
356700.00
358400.00
360300.00
360800.00
359400.00
359300.00
358200.00
356400.00
353600.00
352000.00
350100.00
348900.00
347600.00
348400.00
349700.00
350100.00
351000.00
350300.00
348100.00
344000.00
341100.00
336900.00
334300.00
332900.00
334400.00
335500.00
338000.00
339900.00
341700.00
341900.00
341100.00
340600.00
340700.00
340200.00
341300.00
343200.00
344300.00
344600.00
345300.00
344200.00
343700.00
342600.00
341700.00
340600.00
340800.00
340200.00
340100.00
338500.00
334600.00
328900.00
320900.00
314800.00
310100.00
307900.00
307700.00
308900.00
309200.00
309500.00
309200.00
308000.00
308700.00
308000.00
307500.00
309300.00
309500.00
308800.00
310400.00
312500.00
311600.00
312000.00
312300.00
311500.00
310500.00
311300.00
313200.00
315100.00
316900.00
320800.00
323900.00
325300.00
325200.00
327000.00
325900.00
324600.00
323900.00
325000.00
324000.00
323900.00
323700.00
326700.00
328700.00
328600.00
328600.00
329900.00
329700.00
330300.00
332200.00
333800.00
334300.00
332900.00
331700.00
331500.00
332100.00
333300.00
332000.00
330400.00
328500.00
325100.00
322900.00
322100.00
320400.00
318100.00
315600.00
310800.00
308200.00
307100.00
305800.00
304700.00
304600.00
303400.00
304100.00
306300.00
309900.00
313100.00
317700.00
319700.00
321800.00
322000.00
322400.00
324200.00
325300.00
325500.00
327700.00
329800.00
330500.00
332500.00
335600.00
339100.00
344200.00
348800.00
352100.00
354600.00
357000.00
357100.00
356500.00
355800.00
355000.00
352000.00
350700.00
349300.00
347700.00
345600.00
344300.00
343400.00
343400.00
344300.00
347100.00
350100.00
351900.00
352900.00
353100.00
351300.00
351400.00
351000.00
351100.00
352000.00
353400.00
352800.00
351300.00
348900.00
346000.00
344100.00
343900.00
343700.00
344300.00
346300.00
346600.00
345600.00
344900.00
344500.00
343200.00
342100.00
339900.00
338500.00
336100.00
334500.00
335300.00
337200.00
339600.00
342700.00
344900.00
344800.00
344200.00
343400.00
343000.00
341800.00
341300.00
341200.00
341400.00
341100.00
341900.00
342400.00
344200.00
346500.00
349100.00
352400.00
355300.00
357300.00
355200.00
351700.00
