11340.00
11470.00
11480.00
11470.00
11440.00
11500.00
11630.00
11770.00
11970.00
12060.00
12120.00
12300.00
12550.00
12900.00
13360.00
13670.00
13830.00
13890.00
13940.00
13940.00
13970.00
14140.00
14330.00
14380.00
14430.00
14750.00
15080.00
15570.00
15970.00
16310.00
16460.00
16370.00
16190.00
16120.00
16040.00
15880.00
15710.00
15750.00
15690.00
15800.00
16000.00
16260.00
16230.00
16250.00
16150.00
16030.00
15870.00
15770.00
15610.00
15040.00
14560.00
14090.00
13640.00
13140.00
13190.00
13080.00
13010.00
12880.00
12870.00
12600.00
12420.00
12220.00
12100.00
12720.00
13900.00
16120.00
18410.00
19970.00
20780.00
21130.00
20210.00
19060.00
18450.00
17910.00
17310.00
16800.00
16540.00
16430.00
16340.00
16250.00
16110.00
15900.00
15680.00
15330.00
15110.00
15090.00
15250.00
15620.00
15790.00
15790.00
15840.00
15840.00
15760.00
15970.00
16300.00
16620.00
17830.00
18540.00
19410.00
20750.00
21950.00
22070.00
22640.00
23020.00
22910.00
22950.00
23030.00
22670.00
22330.00
22050.00
21880.00
21740.00
21850.00
21740.00
21490.00
21370.00
21290.00
21410.00
21710.00
22130.00
22250.00
22320.00
22170.00
22020.00
21790.00
21780.00
21650.00
21800.00
21980.00
22090.00
21750.00
21740.00
21620.00
21590.00
22220.00
22490.00
22590.00
22630.00
22660.00
22170.00
22160.00
22030.00
21440.00
20500.00
19790.00
19360.00
19130.00
19340.00
19710.00
19820.00
19600.00
19700.00
19800.00
19960.00
20140.00
20470.00
20160.00
20030.00
19950.00
19910.00
19990.00
20200.00
20140.00
19930.00
19730.00
19380.00
18990.00
18720.00
18690.00
18560.00
18410.00
18290.00
18180.00
18020.00
17870.00
17730.00
17600.00
17490.00
17300.00
17130.00
16960.00
16810.00
16650.00
16480.00
16400.00
16340.00
16450.00
16650.00
16900.00
17090.00
17320.00
17370.00
17290.00
17120.00
16890.00
16610.00
16330.00
16240.00
16260.00
16410.00
16720.00
17260.00
17700.00
18060.00
18240.00
18200.00
19030.00
21160.00
23580.00
25110.00
26400.00
26530.00
25110.00
24140.00
24540.00
24800.00
24940.00
26480.00
26720.00
27040.00
27290.00
27880.00
27080.00
26850.00
26250.00
25920.00
25280.00
25020.00
25230.00
25110.00
25430.00
25950.00
26070.00
25650.00
25360.00
24890.00
24530.00
24170.00
24100.00
23900.00
23350.00
