119200.00
121800.00
121800.00
121700.00
121400.00
120600.00
119300.00
119900.00
120100.00
120000.00
119800.00
120200.00
118900.00
117300.00
115800.00
115100.00
113300.00
113100.00
112700.00
112700.00
111800.00
111800.00
111400.00
111300.00
111900.00
112400.00
113100.00
113500.00
114400.00
113700.00
113600.00
113900.00
113900.00
113400.00
113200.00
112900.00
111700.00
110500.00
109000.00
107300.00
106300.00
105400.00
104700.00
104300.00
103800.00
103000.00
102300.00
101500.00
100400.00
99900.00
98980.00
98040.00
97600.00
97180.00
97580.00
98300.00
99140.00
99680.00
100380.00
99960.00
99860.00
100360.00
100660.00
101180.00
101020.00
100760.00
99780.00
99040.00
97920.00
97500.00
97060.00
96740.00
96540.00
96640.00
96940.00
97160.00
97140.00
97060.00
97360.00
97460.00
98340.00
98200.00
98420.00
97980.00
97680.00
96360.00
94860.00
92120.00
90120.00
88440.00
86540.00
86580.00
87080.00
87040.00
87400.00
87440.00
86920.00
86760.00
86840.00
86080.00
85240.00
84640.00
84600.00
84360.00
84320.00
85020.00
85900.00
86280.00
87180.00
88460.00
89800.00
90600.00
91300.00
91680.00
91720.00
91700.00
91860.00
92500.00
92600.00
92160.00
91500.00
90860.00
89560.00
88340.00
87700.00
87780.00
87660.00
87620.00
87620.00
87320.00
86420.00
85600.00
84780.00
84280.00
83860.00
83680.00
83280.00
82660.00
81920.00
81580.00
81000.00
80800.00
80700.00
80740.00
80280.00
80320.00
80220.00
80820.00
81680.00
82580.00
83440.00
84240.00
84680.00
85380.00
86660.00
87020.00
87060.00
87420.00
87160.00
86880.00
87480.00
88460.00
89600.00
90940.00
92280.00
93220.00
94580.00
95020.00
95580.00
96300.00
96900.00
97480.00
98320.00
98840.00
98760.00
99140.00
98740.00
98500.00
98180.00
98280.00
97960.00
97920.00
98440.00
99240.00
100460.00
101540.00
102300.00
102600.00
103100.00
102900.00
102500.00
102200.00
102400.00
102600.00
103000.00
103400.00
104400.00
104700.00
104500.00
104400.00
104900.00
106500.00
108000.00
109200.00
110400.00
111000.00
109800.00
109000.00
108600.00
107900.00
108200.00
108800.00
108900.00
109100.00
109000.00
108300.00
107700.00
106500.00
105500.00
104900.00
104100.00
103200.00
104100.00
104900.00
105100.00
105600.00
106200.00
105400.00
105000.00
105000.00
105600.00
105800.00
106200.00
105700.00
105300.00
104600.00
104700.00
105300.00
105800.00
106400.00
106500.00
