208400.00
209100.00
205100.00
200000.00
195800.00
191600.00
186900.00
185900.00
184800.00
184700.00
184500.00
184300.00
183500.00
184400.00
184500.00
185300.00
185300.00
186000.00
185000.00
184600.00
184100.00
183700.00
184000.00
186600.00
188500.00
190300.00
194000.00
195900.00
197900.00
200700.00
203500.00
206900.00
210900.00
212800.00
213800.00
214300.00
212500.00
210600.00
208800.00
207000.00
206100.00
204600.00
204200.00
204400.00
206600.00
208100.00
211000.00
214200.00
215800.00
215600.00
215500.00
215300.00
214000.00
214500.00
215400.00
215000.00
214600.00
214700.00
214900.00
214800.00
216000.00
217400.00
219600.00
220500.00
222000.00
224100.00
226600.00
228100.00
229900.00
230900.00
230900.00
229700.00
228100.00
226100.00
223000.00
220700.00
219100.00
217600.00
215500.00
215100.00
214900.00
212600.00
210200.00
208100.00
206500.00
204100.00
203100.00
202300.00
201500.00
200500.00
200600.00
200600.00
200100.00
200700.00
200800.00
198200.00
195100.00
192800.00
189900.00
187500.00
187400.00
187600.00
189300.00
191000.00
192300.00
193000.00
196000.00
197100.00
198900.00
199800.00
201100.00
201200.00
200700.00
198500.00
197400.00
198700.00
200300.00
202000.00
204900.00
206100.00
203800.00
201200.00
198300.00
195700.00
193400.00
192900.00
192200.00
192200.00
193400.00
196400.00
198600.00
201300.00
202800.00
203800.00
204400.00
204100.00
202800.00
203300.00
203700.00
203300.00
206000.00
208400.00
211000.00
212700.00
213500.00
213100.00
211200.00
209800.00
208100.00
207800.00
206300.00
207100.00
205600.00
203400.00
201300.00
199200.00
197400.00
197300.00
197400.00
197400.00
199000.00
200000.00
201400.00
203700.00
204900.00
204100.00
203000.00
201400.00
200200.00
200600.00
201000.00
201600.00
202100.00
201800.00
199700.00
198500.00
197600.00
196700.00
195100.00
195700.00
196000.00
194700.00
193100.00
192200.00
191500.00
190400.00
190800.00
192100.00
193700.00
193300.00
193900.00
193900.00
192900.00
192600.00
192400.00
191100.00
191000.00
190400.00
188600.00
187200.00
185200.00
182700.00
182600.00
183300.00
183800.00
186100.00
186600.00
185600.00
184400.00
183300.00
182000.00
182100.00
181700.00
180800.00
179100.00
177200.00
175300.00
173200.00
171800.00
171400.00
170300.00
169500.00
168900.00
168100.00
166900.00
166000.00
164200.00
163500.00
162000.00
161000.00
160500.00
160800.00
160200.00
160500.00
161400.00
161800.00
162600.00
163700.00
164600.00
165600.00
166900.00
