67640.00
67240.00
67160.00
67380.00
67460.00
67120.00
66420.00
65420.00
64700.00
64520.00
64980.00
65560.00
66260.00
67000.00
67520.00
67640.00
67820.00
68080.00
68040.00
67740.00
68320.00
69000.00
69780.00
71140.00
72780.00
73600.00
74340.00
74840.00
74720.00
74420.00
73960.00
73540.00
73080.00
72980.00
73020.00
73960.00
74520.00
75180.00
75340.00
75200.00
74220.00
73440.00
72760.00
72080.00
71600.00
71740.00
71680.00
71560.00
71480.00
70940.00
69820.00
69120.00
68300.00
68100.00
68380.00
68960.00
69140.00
69660.00
69900.00
70000.00
69720.00
69560.00
69440.00
69600.00
69760.00
70180.00
70660.00
71260.00
71200.00
71400.00
71160.00
71000.00
70140.00
69440.00
68320.00
67880.00
67460.00
67260.00
67220.00
67100.00
66620.00
65900.00
65080.00
63840.00
62840.00
62040.00
61420.00
60820.00
60600.00
60380.00
60040.00
59400.00
58960.00
58800.00
58600.00
58080.00
57800.00
57540.00
56980.00
56820.00
56900.00
57280.00
57580.00
58200.00
58540.00
58880.00
58800.00
58380.00
57800.00
57380.00
57160.00
57380.00
57780.00
57960.00
57920.00
57920.00
57620.00
57620.00
57700.00
57700.00
57280.00
56960.00
56020.00
55000.00
54260.00
53760.00
53060.00
52460.00
52140.00
51330.00
50390.00
49770.00
49610.00
49210.00
49180.00
48970.00
48510.00
47660.00
46940.00
46040.00
45320.00
44460.00
43660.00
42600.00
42050.00
41770.00
41750.00
41870.00
42330.00
42490.00
42370.00
42560.00
42950.00
43170.00
43500.00
43920.00
43890.00
43680.00
43620.00
43370.00
43250.00
43350.00
43680.00
43970.00
44380.00
44510.00
44430.00
44630.00
44870.00
45490.00
46290.00
47210.00
47620.00
48050.00
48000.00
48020.00
47800.00
47630.00
47240.00
46730.00
46380.00
46050.00
45520.00
45140.00
45020.00
44610.00
44630.00
45210.00
46000.00
46630.00
47240.00
47610.00
47660.00
47460.00
47350.00
47320.00
47250.00
47260.00
47360.00
47380.00
47340.00
47470.00
48160.00
48820.00
49420.00
50180.00
51160.00
51660.00
52420.00
53140.00
53780.00
54060.00
54020.00
53520.00
53140.00
53180.00
53820.00
54480.00
58700.00
63720.00
66880.00
68820.00
70560.00
68640.00
65700.00
64200.00
63080.00
62320.00
61880.00
61820.00
61740.00
61900.00
61800.00
61580.00
61260.00
60900.00
60720.00
61160.00
61500.00
61980.00
62680.00
