36600.00
36750.00
37050.00
37650.00
38440.00
39450.00
40040.00
40330.00
40580.00
40220.00
39700.00
39420.00
39620.00
39160.00
38920.00
38820.00
38670.00
38240.00
37990.00
38130.00
38370.00
38470.00
38510.00
38580.00
38740.00
38840.00
39080.00
39550.00
40180.00
40850.00
41450.00
42120.00
42840.00
43520.00
43750.00
44380.00
45170.00
45400.00
45670.00
46170.00
46500.00
46270.00
46270.00
46330.00
46070.00
45620.00
45490.00
46290.00
46700.00
46950.00
47300.00
47770.00
47450.00
47650.00
48170.00
48610.00
48980.00
49340.00
49420.00
49490.00
49390.00
49270.00
49270.00
49390.00
49630.00
50190.00
50620.00
50920.00
51100.00
50920.00
50630.00
50150.00
49670.00
49270.00
48600.00
48140.00
47790.00
47960.00
47460.00
47250.00
47280.00
47580.00
47350.00
47810.00
48480.00
48560.00
48620.00
48460.00
47910.00
47280.00
46960.00
46310.00
45950.00
45640.00
45520.00
45210.00
44820.00
44260.00
44060.00
43760.00
43580.00
43560.00
43810.00
44360.00
45050.00
45680.00
46210.00
46170.00
45700.00
44880.00
43870.00
42900.00
42360.00
41840.00
41270.00
41230.00
41210.00
40910.00
40660.00
40710.00
40370.00
40350.00
40260.00
40030.00
39920.00
40050.00
39830.00
39550.00
40000.00
40340.00
40830.00
41540.00
42490.00
42570.00
42580.00
42270.00
42000.00
41560.00
41500.00
41570.00
41310.00
40940.00
40230.00
39730.00
39020.00
38860.00
39080.00
39890.00
40240.00
40900.00
41140.00
40900.00
40760.00
40680.00
40670.00
40920.00
41050.00
41460.00
42150.00
42440.00
42670.00
43160.00
43000.00
43010.00
43240.00
43390.00
43260.00
43360.00
43000.00
42540.00
42070.00
42100.00
42120.00
42230.00
42360.00
42530.00
42700.00
43200.00
43570.00
44120.00
44850.00
45260.00
45380.00
45360.00
45150.00
44630.00
44590.00
44430.00
44490.00
44420.00
44820.00
44780.00
44950.00
45050.00
45050.00
44720.00
44450.00
44020.00
43800.00
43820.00
43930.00
43960.00
44280.00
44400.00
44270.00
44300.00
44400.00
44140.00
44480.00
44960.00
45150.00
45220.00
45340.00
44940.00
44590.00
44330.00
44220.00
44160.00
43950.00
43880.00
43730.00
43440.00
43120.00
42990.00
42790.00
42840.00
42750.00
42790.00
42720.00
42530.00
42210.00
42140.00
42050.00
42020.00
42000.00
41890.00
41550.00
41180.00
40970.00
40820.00
40780.00
