5524.00
5488.00
5456.00
5430.00
5420.00
5402.00
5394.00
5380.00
5376.00
5382.00
5398.00
5414.00
5448.00
5484.00
5496.00
5522.00
5538.00
5558.00
5556.00
5572.00
5584.00
5608.00
5624.00
5646.00
5664.00
5664.00
5668.00
5656.00
5648.00
5644.00
5638.00
5616.00
5610.00
5610.00
5608.00
5620.00
5636.00
5642.00
5648.00
5660.00
5674.00
5688.00
5698.00
5708.00
5718.00
5742.00
5768.00
5796.00
5826.00
5848.00
5852.00
5868.00
5886.00
5896.00
5906.00
5914.00
5904.00
5896.00
5870.00
5850.00
5846.00
5852.00
5864.00
5930.00
5984.00
6008.00
6042.00
6072.00
6074.00
6082.00
6104.00
6122.00
6122.00
6112.00
6112.00
6120.00
6114.00
6128.00
6152.00
6166.00
6196.00
6226.00
6252.00
6278.00
6306.00
6312.00
6320.00
6336.00
6360.00
6400.00
6434.00
6466.00
6490.00
6492.00
6464.00
6442.00
6422.00
6404.00
6394.00
6396.00
6396.00
6394.00
6394.00
6406.00
6422.00
6444.00
6462.00
6480.00
6514.00
6556.00
6622.00
6686.00
6744.00
6776.00
6780.00
6758.00
6756.00
6762.00
6804.00
6886.00
6964.00
7028.00
7068.00
7066.00
7068.00
7068.00
7060.00
7052.00
7060.00
7036.00
7012.00
7016.00
7040.00
7066.00
7104.00
7150.00
7174.00
7184.00
7182.00
7200.00
7188.00
7178.00
7160.00
7118.00
7058.00
7018.00
7008.00
7024.00
7064.00
7106.00
7146.00
7166.00
7182.00
7210.00
7248.00
7294.00
7332.00
7370.00
7404.00
7426.00
7468.00
7554.00
7686.00
7824.00
7940.00
8022.00
8032.00
7976.00
7942.00
7924.00
7912.00
7922.00
7964.00
7970.00
7970.00
7978.00
7994.00
7994.00
7992.00
7996.00
7996.00
8000.00
8000.00
8000.00
7994.00
7996.00
7990.00
7988.00
8020.00
8048.00
8098.00
8196.00
8292.00
8314.00
8386.00
8398.00
8372.00
8338.00
8340.00
8338.00
8390.00
8434.00
8554.00
8702.00
8824.00
8960.00
9026.00
9006.00
8968.00
8888.00
8722.00
8594.00
8522.00
8428.00
8370.00
8368.00
8406.00
8390.00
8374.00
8328.00
8304.00
8246.00
8148.00
8092.00
8072.00
7998.00
7904.00
7842.00
7720.00
7584.00
7510.00
7538.00
7582.00
7648.00
7688.00
7696.00
7628.00
7574.00
7562.00
7580.00
7584.00
