185200.00
185600.00
185500.00
185800.00
186100.00
185600.00
185000.00
184300.00
184100.00
183900.00
184200.00
183300.00
181900.00
179000.00
176300.00
173100.00
172100.00
171400.00
171200.00
170900.00
170200.00
168400.00
167100.00
167300.00
167500.00
168700.00
170000.00
171100.00
171100.00
172200.00
173300.00
173900.00
174400.00
174500.00
172800.00
171100.00
169900.00
169000.00
167600.00
166900.00
166100.00
165100.00
164700.00
166400.00
167300.00
170600.00
175400.00
179900.00
183100.00
187400.00
188200.00
187700.00
186700.00
184200.00
180700.00
179500.00
177800.00
176200.00
176000.00
177100.00
177100.00
176700.00
176200.00
175700.00
174500.00
173300.00
172300.00
171900.00
171500.00
171100.00
171000.00
171000.00
170200.00
169100.00
167700.00
166600.00
165800.00
165600.00
165900.00
166600.00
167100.00
166100.00
164600.00
162400.00
159800.00
157400.00
156200.00
155500.00
155000.00
154700.00
153800.00
152900.00
150400.00
148300.00
146200.00
143400.00
141000.00
140500.00
139800.00
139900.00
140600.00
141000.00
141200.00
143000.00
144100.00
146100.00
147800.00
149300.00
149300.00
149100.00
148600.00
147000.00
145700.00
144900.00
144500.00
143500.00
143700.00
143900.00
144200.00
143600.00
143700.00
144400.00
143500.00
142500.00
142300.00
141800.00
141400.00
142300.00
143500.00
144400.00
144800.00
144800.00
145500.00
145500.00
144900.00
144400.00
143500.00
141500.00
140500.00
140800.00
142800.00
145800.00
148400.00
149600.00
150200.00
149800.00
148900.00
148500.00
148600.00
148900.00
149200.00
150700.00
152500.00
154300.00
156200.00
157200.00
156600.00
155200.00
154000.00
152700.00
152700.00
152700.00
153100.00
153600.00
153700.00
152400.00
151600.00
151700.00
151400.00
151200.00
150300.00
151000.00
150800.00
152100.00
153600.00
156400.00
157700.00
159300.00
159400.00
159300.00
159300.00
158900.00
158400.00
158200.00
158500.00
158700.00
159500.00
161000.00
162100.00
163300.00
163800.00
164200.00
164100.00
164100.00
162800.00
161900.00
160900.00
159900.00
159200.00
159400.00
159700.00
160200.00
160900.00
161000.00
161600.00
162100.00
162600.00
163000.00
164500.00
165100.00
165800.00
165800.00
164900.00
162900.00
160900.00
158400.00
156400.00
156200.00
156800.00
157400.00
158400.00
159400.00
158500.00
157000.00
155400.00
153600.00
152300.00
151500.00
151300.00
151600.00
152600.00
152800.00
153800.00
154000.00
154400.00
154100.00
154600.00
154300.00
154900.00
155100.00
155300.00
