5688.00
5548.00
5450.00
5298.00
5141.00
5039.00
4977.00
4918.00
4897.00
4883.00
4855.00
4771.00
4701.00
4645.00
4606.00
4597.00
4596.00
4608.00
4594.00
4561.00
4536.00
4515.00
4516.00
4537.00
4572.00
4590.00
4597.00
4592.00
4573.00
4600.00
4653.00
4707.00
4734.00
4767.00
4721.00
4669.00
4625.00
4593.00
4543.00
4514.00
4465.00
4422.00
4404.00
4418.00
4472.00
4531.00
4565.00
4577.00
4557.00
4491.00
4387.00
4323.00
4277.00
4263.00
4253.00
4317.00
4357.00
4407.00
4469.00
4541.00
4570.00
4593.00
4611.00
4875.00
5347.00
6241.00
6932.00
7510.00
7864.00
8136.00
7876.00
7710.00
7650.00
7448.00
7146.00
6928.00
6848.00
6798.00
6774.00
6712.00
6616.00
6530.00
6338.00
6210.00
6104.00
6068.00
6002.00
6028.00
6058.00
6046.00
6046.00
6022.00
6020.00
5982.00
6036.00
6094.00
6414.00
6552.00
6768.00
6938.00
7048.00
6932.00
6952.00
6948.00
6958.00
7008.00
7024.00
6986.00
6914.00
6814.00
6732.00
6666.00
6628.00
6558.00
6468.00
6378.00
6280.00
6214.00
6230.00
6332.00
6614.00
6922.00
7138.00
7272.00
7352.00
7380.00
7320.00
7410.00
7580.00
7754.00
7722.00
7828.00
7856.00
7796.00
7782.00
7676.00
7486.00
7266.00
7078.00
6816.00
6644.00
6480.00
6282.00
6060.00
5876.00
5802.00
5746.00
5744.00
5752.00
5742.00
5664.00
5872.00
6108.00
6402.00
6650.00
6944.00
6884.00
6848.00
6806.00
6832.00
6874.00
6966.00
6948.00
6878.00
6798.00
6664.00
6514.00
6434.00
6414.00
6364.00
6304.00
6274.00
6254.00
6242.00
6252.00
6288.00
6302.00
6308.00
6300.00
6278.00
6232.00
6200.00
6196.00
6150.00
6130.00
6130.00
6164.00
6212.00
6286.00
6360.00
6436.00
6476.00
6464.00
6414.00
6344.00
6260.00
6176.00
6144.00
6146.00
6158.00
6222.00
6312.00
6388.00
6488.00
6530.00
6526.00
6654.00
6772.00
7296.00
7610.00
7790.00
7778.00
7718.00
7238.00
7008.00
6836.00
6722.00
6700.00
6656.00
6628.00
6640.00
6588.00
6464.00
6362.00
6254.00
6194.00
6194.00
6242.00
6312.00
6348.00
6386.00
6428.00
6426.00
6386.00
6378.00
6364.00
6334.00
6288.00
6250.00
6196.00
6108.00
