118300.00
118000.00
118100.00
118300.00
118400.00
118900.00
119500.00
119400.00
119500.00
119800.00
120100.00
120800.00
122600.00
123900.00
125400.00
125900.00
128900.00
131900.00
137000.00
141800.00
146000.00
146200.00
145400.00
143000.00
140700.00
139900.00
140100.00
141100.00
142400.00
142300.00
142900.00
143400.00
144300.00
145000.00
145700.00
144200.00
142400.00
139800.00
137100.00
135200.00
133700.00
134800.00
136900.00
139700.00
141700.00
145400.00
145800.00
144300.00
141600.00
140200.00
137300.00
135600.00
135200.00
135300.00
136900.00
138800.00
140000.00
141600.00
143300.00
143600.00
145100.00
146900.00
147700.00
149000.00
151000.00
151000.00
150700.00
150700.00
149900.00
148100.00
147300.00
147700.00
147900.00
147500.00
147100.00
147300.00
146700.00
146800.00
147300.00
147300.00
146700.00
146800.00
146100.00
145700.00
146300.00
146000.00
145400.00
144700.00
144200.00
143000.00
142200.00
141100.00
139700.00
138000.00
135400.00
133700.00
132200.00
131700.00
131200.00
131400.00
131500.00
131800.00
131600.00
132900.00
133500.00
133400.00
133300.00
133000.00
131300.00
131000.00
130900.00
131000.00
131500.00
131500.00
131200.00
131200.00
130100.00
129300.00
128700.00
128300.00
127500.00
127400.00
126500.00
125200.00
124300.00
123400.00
121900.00
120700.00
120300.00
119300.00
118600.00
118100.00
117300.00
116400.00
115300.00
114000.00
112100.00
110000.00
108400.00
106900.00
105600.00
105300.00
104800.00
103020.00
101920.00
101820.00
100820.00
101320.00
101900.00
101800.00
99920.00
99300.00
98260.00
98360.00
98460.00
99340.00
99360.00
98900.00
98700.00
98900.00
99100.00
99600.00
100400.00
100280.00
99660.00
99020.00
98180.00
97900.00
98920.00
101340.00
103180.00
105120.00
106300.00
107000.00
105800.00
105300.00
104300.00
103500.00
101940.00
101040.00
100540.00
100540.00
100380.00
100440.00
100940.00
100640.00
100540.00
100700.00
100800.00
100700.00
100700.00
101100.00
101000.00
101000.00
100640.00
100740.00
100340.00
100240.00
99960.00
99780.00
99220.00
98540.00
98240.00
97980.00
98180.00
98220.00
98500.00
98780.00
99100.00
98900.00
99000.00
98940.00
98480.00
98060.00
96900.00
95540.00
94720.00
94780.00
94700.00
95420.00
96340.00
96740.00
96380.00
95720.00
94920.00
94160.00
93420.00
92820.00
92620.00
92700.00
92780.00
93180.00
93740.00
94200.00
94800.00
95680.00
96200.00
96240.00
96560.00
96320.00
95460.00
