2013.60
2023.20
2035.20
2063.20
2088.80
2116.80
2143.20
2162.40
2156.80
2153.60
2140.00
2124.80
2115.20
2118.40
2129.60
2140.80
2136.80
2135.20
2132.80
2121.60
2116.80
2130.40
2140.80
2143.20
2148.00
2144.80
2136.80
2123.20
2110.40
2097.60
2088.80
2082.40
2079.20
2076.80
2064.80
2056.80
2036.00
2016.00
1993.60
1983.20
1971.20
1972.80
1970.40
1970.40
1959.20
1944.80
1922.40
1908.00
1888.80
1884.80
1884.80
1896.00
1908.00
1932.00
1946.40
1964.00
1978.40
1986.40
1989.60
2008.80
2033.60
2057.60
2081.60
2107.20
2112.80
2094.40
2073.60
2056.00
2030.40
2010.40
2011.20
2015.20
2015.20
2025.60
2039.20
2056.00
2088.80
2118.40
2155.20
2188.80
2204.00
2186.40
2181.60
2170.40
2164.80
2175.20
2200.00
2212.00
2224.80
2228.80
2218.40
2200.80
2183.20
2156.00
2132.80
2124.00
2124.80
2127.20
2119.20
2115.20
2105.60
2090.40
2073.60
2081.60
2084.00
2084.80
2084.00
2080.80
2074.40
2068.00
2062.40
2064.00
2076.00
2088.80
2108.80
2130.40
2146.40
