21680.00
21830.00
22020.00
22150.00
22220.00
22250.00
22290.00
22380.00
22390.00
22400.00
22360.00
22300.00
22330.00
22310.00
22240.00
22320.00
22440.00
22390.00
22490.00
22590.00
22570.00
22600.00
22810.00
22900.00
23070.00
23190.00
23250.00
23270.00
23230.00
23170.00
23110.00
23100.00
22950.00
22870.00
22670.00
22550.00
22380.00
22380.00
22370.00
22500.00
22560.00
22780.00
22940.00
23190.00
23540.00
23750.00
23860.00
24010.00
23980.00
23760.00
23620.00
23600.00
23600.00
23700.00
23880.00
24350.00
24730.00
24910.00
25000.00
25030.00
24880.00
24540.00
24260.00
24140.00
24030.00
23920.00
23920.00
23960.00
23900.00
23770.00
23650.00
23560.00
23560.00
23530.00
23560.00
23560.00
23630.00
23620.00
23630.00
23690.00
23810.00
23760.00
23720.00
23520.00
23260.00
22850.00
22570.00
22220.00
22110.00
22070.00
22050.00
22020.00
22000.00
22000.00
21870.00
21780.00
21650.00
21670.00
21630.00
21770.00
21880.00
21810.00
21710.00
21720.00
21620.00
21660.00
21820.00
21840.00
21750.00
21670.00
21430.00
21270.00
21190.00
21010.00
20870.00
20810.00
20750.00
