79640.00
80200.00
81020.00
81520.00
81600.00
81900.00
82080.00
82420.00
82760.00
82900.00
82820.00
82980.00
82860.00
82900.00
83060.00
83360.00
83600.00
83760.00
83780.00
83780.00
83780.00
83600.00
83900.00
84080.00
84900.00
85680.00
86440.00
86900.00
87420.00
87260.00
86980.00
86880.00
86560.00
86140.00
85540.00
85880.00
86240.00
86720.00
87200.00
87820.00
87640.00
87620.00
87880.00
88880.00
90060.00
91100.00
91620.00
91660.00
90640.00
89160.00
87340.00
85740.00
84500.00
83300.00
82620.00
82720.00
82840.00
82980.00
83300.00
83320.00
83260.00
83200.00
83360.00
83780.00
84500.00
84980.00
85760.00
85960.00
85740.00
85340.00
84880.00
84120.00
83460.00
82680.00
81920.00
81520.00
81000.00
80640.00
80340.00
80020.00
79580.00
78860.00
78160.00
77620.00
77180.00
76980.00
77260.00
77140.00
77000.00
76820.00
76060.00
75340.00
75380.00
75460.00
75460.00
75440.00
75180.00
74340.00
73900.00
73200.00
72700.00
72400.00
72360.00
72300.00
72540.00
73100.00
73200.00
73280.00
73040.00
73040.00
72940.00
73580.00
74060.00
74380.00
74380.00
74560.00
74200.00
