9418.00
9440.00
9496.00
9470.00
9444.00
9420.00
9432.00
9470.00
9518.00
9588.00
9668.00
9730.00
9802.00
9870.00
9906.00
9902.00
9864.00
9832.00
9804.00
9818.00
9860.00
9932.00
9974.00
10016.00
10004.00
9982.00
9954.00
9916.00
9866.00
9844.00
9818.00
9784.00
9782.00
9808.00
9802.00
9852.00
9936.00
9986.00
9998.00
10024.00
9994.00
9960.00
9950.00
9972.00
9980.00
10008.00
10018.00
10008.00
9952.00
9894.00
9826.00
9742.00
9636.00
9486.00
9430.00
9384.00
9350.00
9358.00
9456.00
9464.00
9470.00
9470.00
9446.00
9432.00
9464.00
9512.00
9576.00
9646.00
9678.00
9702.00
9744.00
9786.00
9824.00
9866.00
9898.00
9888.00
9860.00
9848.00
9848.00
9844.00
9836.00
9844.00
9830.00
9780.00
9736.00
9688.00
9602.00
9494.00
9442.00
9438.00
9410.00
9420.00
9444.00
9438.00
9374.00
9350.00
9322.00
9286.00
9268.00
9284.00
9320.00
9304.00
9308.00
9366.00
9410.00
9448.00
9550.00
9664.00
9740.00
9800.00
9828.00
9856.00
9874.00
9866.00
9854.00
9842.00
9804.00
