7228.00
7380.00
7514.00
7678.00
7732.00
7762.00
7776.00
7806.00
7828.00
7878.00
7896.00
7912.00
7922.00
7888.00
7868.00
7846.00
7820.00
7796.00
7780.00
7762.00
7760.00
7762.00
7764.00
7784.00
7804.00
7808.00
7832.00
7876.00
7902.00
7918.00
7952.00
7936.00
7914.00
7912.00
7886.00
7868.00
7882.00
7894.00
7896.00
7916.00
7912.00
7902.00
7898.00
7912.00
7936.00
7954.00
7972.00
7986.00
7978.00
7984.00
7992.00
8010.00
8026.00
8054.00
8070.00
8086.00
8096.00
8102.00
8112.00
8124.00
8142.00
8148.00
8160.00
8162.00
8162.00
8158.00
8166.00
8168.00
8162.00
8206.00
8336.00
8454.00
8678.00
8858.00
8990.00
9046.00
9130.00
9108.00
9130.00
9134.00
9118.00
9086.00
9074.00
9092.00
9136.00
9232.00
9320.00
9354.00
9416.00
9434.00
9364.00
9310.00
9268.00
9188.00
9090.00
9038.00
8988.00
8954.00
8914.00
8946.00
9018.00
9088.00
9168.00
9240.00
9298.00
9342.00
9364.00
9384.00
9376.00
9418.00
9418.00
9398.00
9346.00
9344.00
9284.00
9218.00
9172.00
