1932.00
1949.00
1972.00
1997.00
2017.00
2048.00
2070.00
2075.00
2083.00
2090.00
2081.00
2075.00
2084.00
2089.00
2097.00
2104.00
2114.00
2134.00
2154.00
2175.00
2196.00
2206.00
2201.00
2207.00
2204.00
2197.00
2199.00
2200.00
2183.00
2170.00
2165.00
2163.00
2188.00
2217.00
2221.00
2236.00
2240.00
2220.00
2200.00
2197.00
2180.00
2176.00
2172.00
2176.00
2184.00
2190.00
2190.00
2190.00
2175.00
2148.00
2123.00
2098.00
2071.00
2051.00
2045.00
2049.00
2051.00
2061.00
2072.00
2082.00
2088.00
2093.00
2092.00
2092.00
2097.00
2098.00
2101.00
2104.00
2107.00
2111.00
2111.00
2115.00
2118.00
2114.00
2100.00
2096.00
2090.00
2086.00
2097.00
2102.00
2100.00
2088.00
2077.00
2051.00
2033.00
2020.00
2016.00
2010.00
2004.00
1998.00
1985.00
1971.00
1950.00
1936.00
1923.00
1909.00
1893.00
1891.00
1897.00
1904.00
1925.00
1950.00
1968.00
1978.00
1997.00
2007.00
2006.00
2005.00
2003.00
1992.00
1980.00
1979.00
1983.00
1987.00
1992.00
1997.00
1998.00
