33700.00
34100.00
34390.00
34210.00
34130.00
34280.00
34290.00
34420.00
34790.00
35100.00
35360.00
35700.00
36040.00
36030.00
35930.00
35750.00
35670.00
35610.00
35630.00
35880.00
36170.00
36340.00
36470.00
36450.00
36530.00
36430.00
36150.00
35780.00
35670.00
35490.00
35430.00
35450.00
35700.00
36050.00
36240.00
36210.00
36040.00
35660.00
35110.00
34530.00
34220.00
34170.00
34140.00
34100.00
34120.00
34280.00
34300.00
34400.00
34440.00
34590.00
34410.00
34290.00
34240.00
34290.00
34460.00
34790.00
34990.00
35350.00
35940.00
36410.00
37120.00
37890.00
38630.00
39260.00
39840.00
40170.00
40740.00
41180.00
41580.00
41960.00
42390.00
42660.00
42980.00
42960.00
43050.00
43540.00
43960.00
44160.00
44330.00
44600.00
44350.00
43920.00
43410.00
43220.00
42830.00
42420.00
42270.00
42200.00
42260.00
42050.00
41890.00
41580.00
41400.00
41200.00
41120.00
41070.00
41150.00
40800.00
40370.00
40300.00
40450.00
40440.00
41170.00
41830.00
42280.00
42260.00
42460.00
42330.00
42370.00
42280.00
42450.00
42490.00
42700.00
42800.00
43060.00
43350.00
43680.00
