12690.00
12600.00
12550.00
12460.00
12340.00
12360.00
12380.00
12350.00
12350.00
12360.00
12340.00
12330.00
12340.00
12330.00
12340.00
12340.00
12330.00
12340.00
12360.00
12380.00
12420.00
12470.00
12560.00
12640.00
12700.00
12720.00
12710.00
12700.00
12700.00
12710.00
12750.00
12790.00
12770.00
12740.00
12720.00
12770.00
12790.00
12900.00
12960.00
13040.00
13030.00
13100.00
13090.00
13100.00
13100.00
13080.00
13000.00
12920.00
12870.00
12770.00
12710.00
12660.00
12610.00
12560.00
12520.00
12490.00
12460.00
12430.00
12410.00
12420.00
12420.00
12430.00
12460.00
12470.00
12470.00
12450.00
12430.00
12420.00
12430.00
12430.00
12430.00
12430.00
12380.00
12410.00
12460.00
12540.00
12650.00
12810.00
12900.00
13160.00
13370.00
13520.00
13540.00
13540.00
13390.00
13280.00
13240.00
13300.00
13290.00
13260.00
13290.00
13270.00
13230.00
13190.00
13170.00
13020.00
12860.00
12740.00
12680.00
12580.00
12610.00
12720.00
12820.00
12990.00
13180.00
13340.00
13420.00
13450.00
13370.00
13290.00
13180.00
13080.00
13050.00
13070.00
13080.00
13030.00
12970.00
