6912.00
6932.00
6962.00
7014.00
7076.00
7132.00
7176.00
7200.00
7214.00
7216.00
7212.00
7178.00
7152.00
7104.00
7052.00
6988.00
6972.00
6986.00
6994.00
6998.00
7000.00
6976.00
6918.00
6878.00
6850.00
6818.00
6790.00
6774.00
6768.00
6760.00
6758.00
6752.00
6742.00
6706.00
6656.00
6580.00
6518.00
6450.00
6360.00
6278.00
6218.00
6154.00
6104.00
6084.00
6086.00
6100.00
6110.00
6106.00
6102.00
6088.00
6064.00
6022.00
5994.00
5968.00
5956.00
5964.00
5992.00
6018.00
6054.00
6086.00
6116.00
6140.00
6164.00
6202.00
6236.00
6256.00
6280.00
6292.00
6264.00
6242.00
6228.00
6208.00
6178.00
6194.00
6190.00
6164.00
6134.00
6144.00
6126.00
6110.00
6112.00
6122.00
6084.00
6020.00
5974.00
5932.00
5886.00
5868.00
5868.00
5858.00
5844.00
5840.00
5800.00
5742.00
5684.00
5604.00
5514.00
5460.00
5422.00
5392.00
5400.00
5412.00
5422.00
5454.00
5492.00
5502.00
5516.00
5538.00
5536.00
5528.00
5540.00
5550.00
5560.00
5584.00
5600.00
5604.00
5606.00
