5794.00
5774.00
5740.00
5730.00
5700.00
5710.00
5692.00
5722.00
5732.00
5754.00
5744.00
5710.00
5646.00
5602.00
5554.00
5506.00
5470.00
5456.00
5420.00
5398.00
5396.00
5404.00
5392.00
5398.00
5396.00
5406.00
5420.00
5432.00
5428.00
5436.00
5464.00
5498.00
5542.00
5572.00
5568.00
5570.00
5574.00
5568.00
5586.00
5624.00
5602.00
5574.00
5538.00
5480.00
5482.00
5490.00
5488.00
5488.00
5488.00
5442.00
5386.00
5338.00
5296.00
5254.00
5212.00
5212.00
5202.00
5190.00
5184.00
5184.00
5176.00
5166.00
5162.00
5172.00
5180.00
5198.00
5210.00
5218.00
5200.00
5178.00
5138.00
5106.00
5082.00
5078.00
5060.00
5040.00
5034.00
5040.00
5032.00
5024.00
5011.00
4959.00
4891.00
4804.00
4724.00
4639.00
4579.00
4523.00
4491.00
4458.00
4413.00
4381.00
4338.00
4295.00
4227.00
4177.00
4125.00
4090.00
4063.00
4090.00
4105.00
4125.00
4141.00
4177.00
4183.00
4211.00
4238.00
4282.00
4291.00
4306.00
4313.00
4314.00
4284.00
4245.00
4204.00
4180.00
4149.00
