83400.00
83280.00
83420.00
83860.00
84080.00
84060.00
84080.00
84100.00
83920.00
83680.00
83440.00
83260.00
83000.00
82760.00
82580.00
82480.00
82320.00
82280.00
82280.00
82360.00
82440.00
82620.00
83060.00
83500.00
83940.00
84400.00
84660.00
84660.00
84580.00
84360.00
84200.00
84200.00
84160.00
84120.00
84220.00
84200.00
84160.00
84000.00
83840.00
83620.00
83440.00
83320.00
83280.00
83280.00
83240.00
83300.00
83180.00
83080.00
83000.00
82920.00
82660.00
82600.00
82540.00
82420.00
82400.00
82520.00
82620.00
82720.00
82720.00
82660.00
83900.00
84900.00
86660.00
92200.00
97340.00
101140.00
103320.00
103700.00
100420.00
97220.00
93760.00
91440.00
90200.00
89060.00
87980.00
87020.00
86780.00
86760.00
86380.00
86240.00
86380.00
86620.00
87540.00
88240.00
89580.00
90700.00
91260.00
90320.00
89700.00
88740.00
87780.00
86940.00
86900.00
87120.00
87260.00
87320.00
87800.00
89000.00
89840.00
90360.00
91860.00
93500.00
94060.00
95100.00
95580.00
96340.00
96600.00
96720.00
96700.00
97260.00
96380.00
94560.00
92760.00
90720.00
88940.00
87320.00
86760.00
