5238.00
5302.00
5352.00
5480.00
5618.00
5716.00
5936.00
6134.00
6254.00
6318.00
6388.00
6366.00
6412.00
6514.00
6586.00
6614.00
6614.00
6582.00
6552.00
6600.00
6688.00
6768.00
6850.00
6850.00
6834.00
6810.00
6768.00
6710.00
6640.00
6542.00
6474.00
6418.00
6382.00
6380.00
6296.00
6194.00
6098.00
6006.00
5900.00
5860.00
5818.00
5812.00
5792.00
5828.00
5850.00
5874.00
5954.00
6002.00
5964.00
5968.00
5962.00
5864.00
5800.00
5758.00
5734.00
5744.00
5768.00
5802.00
5850.00
5882.00
5886.00
5878.00
5888.00
5912.00
5934.00
5972.00
6014.00
6022.00
6012.00
6008.00
6004.00
5996.00
5980.00
5978.00
5962.00
5938.00
5918.00
5912.00
5904.00
5878.00
5850.00
5792.00
5726.00
5654.00
5608.00
5600.00
5616.00
5660.00
5702.00
5726.00
5712.00
5696.00
5624.00
5582.00
5598.00
5602.00
5612.00
5656.00
5662.00
5638.00
5658.00
5726.00
5796.00
5904.00
6002.00
6062.00
6052.00
6064.00
6034.00
6018.00
6008.00
6018.00
6066.00
6130.00
6148.00
6164.00
6166.00
