4895.00
4944.00
4985.00
4993.00
4959.00
4924.00
4897.00
4879.00
4900.00
4927.00
4936.00
4934.00
4927.00
4917.00
4904.00
4883.00
4872.00
4882.00
4885.00
4896.00
4918.00
4935.00
4938.00
4932.00
4922.00
4911.00
4904.00
4895.00
4890.00
4888.00
4889.00
4891.00
4904.00
4911.00
4911.00
4910.00
4908.00
4895.00
4895.00
4915.00
4937.00
4977.00
4997.00
5021.00
5021.00
5017.00
4991.00
4976.00
4940.00
4925.00
4899.00
4877.00
4867.00
4873.00
4870.00
4887.00
4906.00
4929.00
4943.00
4957.00
4964.00
4963.00
4958.00
4952.00
4949.00
4947.00
4955.00
4957.00
4953.00
4940.00
4924.00
4908.00
4897.00
4889.00
4890.00
4887.00
4887.00
4885.00
4881.00
4874.00
4874.00
4849.00
4816.00
4772.00
4729.00
4685.00
4658.00
4637.00
4629.00
4621.00
4609.00
4587.00
4557.00
4528.00
4484.00
4437.00
4418.00
4433.00
4461.00
4512.00
4571.00
4611.00
4630.00
4644.00
4659.00
4667.00
4668.00
4668.00
4659.00
4638.00
4623.00
4610.00
4606.00
4598.00
4586.00
4566.00
4537.00
