20340.00
20400.00
20510.00
20530.00
20450.00
20460.00
20480.00
20610.00
20640.00
20690.00
20780.00
20820.00
20970.00
21180.00
21530.00
21690.00
21840.00
21980.00
21990.00
21950.00
22020.00
22170.00
22060.00
22100.00
22070.00
21950.00
21780.00
21800.00
21870.00
21960.00
22090.00
22150.00
22100.00
22110.00
22200.00
22640.00
23250.00
24000.00
24690.00
25360.00
26120.00
26800.00
27690.00
29060.00
30550.00
32340.00
34460.00
35150.00
34840.00
34590.00
33670.00
32840.00
33010.00
32960.00
33000.00
33190.00
32810.00
32380.00
32730.00
33020.00
33690.00
34400.00
35440.00
36320.00
36970.00
36680.00
36080.00
35170.00
34070.00
33260.00
32820.00
32680.00
32550.00
32600.00
32470.00
32540.00
32810.00
33280.00
33690.00
33790.00
33170.00
32440.00
31710.00
31120.00
30590.00
30950.00
31020.00
30920.00
30420.00
30030.00
29420.00
28830.00
27970.00
27530.00
27200.00
26600.00
26080.00
26150.00
26160.00
26030.00
26030.00
26160.00
26050.00
26040.00
26340.00
26590.00
27020.00
27580.00
27860.00
28000.00
28270.00
28270.00
28140.00
27940.00
27550.00
27090.00
26570.00
