2561.00
2583.00
2600.00
2612.00
2628.00
2653.00
2678.00
2701.00
2722.00
2736.00
2750.00
2768.00
2797.00
2828.00
2851.00
2862.00
2863.00
2853.00
2840.00
2840.00
2846.00
2856.00
2868.00
2887.00
2901.00
2904.00
2908.00
2910.00
2905.00
2899.00
2894.00
2885.00
2870.00
2858.00
2847.00
2831.00
2812.00
2792.00
2772.00
2738.00
2726.00
2726.00
2735.00
2745.00
2807.00
2955.00
3085.00
3193.00
3276.00
3314.00
3229.00
3151.00
3094.00
3073.00
3057.00
3071.00
3089.00
3103.00
3106.00
3121.00
3160.00
3202.00
3246.00
3295.00
3351.00
3380.00
3396.00
3401.00
3404.00
3394.00
3426.00
3457.00
3478.00
3474.00
3467.00
3434.00
3381.00
3349.00
3343.00
3322.00
3275.00
3267.00
3278.00
3292.00
3325.00
3359.00
3365.00
3346.00
3319.00
3283.00
3237.00
3209.00
3190.00
3169.00
3161.00
3148.00
3138.00
3125.00
3112.00
3090.00
3092.00
3111.00
3139.00
3179.00
3219.00
3260.00
3268.00
3273.00
3278.00
3283.00
3288.00
3312.00
3328.00
3330.00
3331.00
3331.00
3329.00
