58900.00
59500.00
61020.00
62380.00
63060.00
64020.00
64260.00
64180.00
64080.00
65060.00
65580.00
65980.00
67100.00
69100.00
70060.00
71420.00
73240.00
73920.00
74180.00
75160.00
75180.00
74820.00
75220.00
75280.00
75420.00
75480.00
75600.00
75160.00
75060.00
74920.00
75500.00
75640.00
75940.00
75540.00
74200.00
72880.00
71740.00
70320.00
69200.00
68540.00
67840.00
67440.00
67180.00
67020.00
67300.00
67540.00
67600.00
68340.00
70060.00
71660.00
72680.00
73620.00
74200.00
73480.00
73100.00
73840.00
74580.00
75880.00
77100.00
78060.00
78320.00
78600.00
78340.00
78340.00
78160.00
78520.00
79040.00
79360.00
79520.00
80260.00
80420.00
80540.00
80200.00
80400.00
79760.00
79660.00
79260.00
79700.00
79740.00
80000.00
80060.00
79460.00
78200.00
76820.00
75760.00
74600.00
73780.00
73220.00
72700.00
71840.00
70720.00
69940.00
69140.00
68340.00
67460.00
66900.00
66480.00
66020.00
65960.00
65800.00
65600.00
65500.00
65800.00
65920.00
66040.00
65720.00
65260.00
64640.00
63880.00
64180.00
64940.00
65500.00
66140.00
66800.00
67140.00
67720.00
68440.00
