76040.00
75560.00
75220.00
75420.00
75560.00
75620.00
75740.00
75780.00
75900.00
76040.00
76220.00
76320.00
76480.00
76580.00
76680.00
76800.00
76900.00
76880.00
76860.00
76760.00
76540.00
76300.00
76000.00
75760.00
75620.00
75600.00
75720.00
76180.00
76520.00
76800.00
76980.00
77340.00
77400.00
77380.00
77380.00
77500.00
77340.00
77260.00
77280.00
77300.00
77280.00
77240.00
77200.00
77220.00
77200.00
77260.00
77320.00
77380.00
77480.00
77520.00
77600.00
77700.00
77760.00
77100.00
77060.00
76880.00
76560.00
76180.00
76460.00
76240.00
76020.00
75860.00
75840.00
75880.00
76020.00
76200.00
76540.00
76880.00
77060.00
76960.00
76920.00
76720.00
76580.00
76540.00
76680.00
76680.00
76800.00
76720.00
76660.00
76520.00
76420.00
76160.00
76080.00
75940.00
75860.00
75840.00
75880.00
75840.00
75700.00
75260.00
74780.00
74340.00
74100.00
73900.00
74040.00
74120.00
74280.00
74220.00
74120.00
74020.00
73980.00
73880.00
73800.00
73880.00
73920.00
74000.00
74200.00
74380.00
74520.00
74660.00
74780.00
74720.00
74660.00
74720.00
74760.00
74780.00
74800.00
