107200.00
107800.00
108800.00
109200.00
108800.00
108000.00
106600.00
106000.00
106100.00
105600.00
106000.00
106700.00
106500.00
105700.00
105900.00
105300.00
104600.00
104600.00
104200.00
103400.00
103200.00
103400.00
103300.00
104000.00
105300.00
106000.00
105900.00
106300.00
106400.00
105700.00
106200.00
106900.00
106900.00
107200.00
107800.00
108500.00
109500.00
110600.00
111200.00
111800.00
111700.00
111100.00
110900.00
110900.00
110900.00
110800.00
111200.00
111600.00
111400.00
110500.00
109200.00
107700.00
105700.00
103900.00
103400.00
103700.00
103600.00
104300.00
106200.00
107400.00
108200.00
109700.00
110900.00
111400.00
112100.00
112400.00
112400.00
112100.00
111300.00
110600.00
110400.00
110000.00
109300.00
109200.00
108600.00
108300.00
108000.00
107900.00
107400.00
106900.00
105900.00
104300.00
103100.00
101880.00
101380.00
101180.00
101780.00
101780.00
101900.00
101500.00
100800.00
100200.00
100400.00
100800.00
100800.00
100400.00
99920.00
98900.00
97680.00
96940.00
96840.00
96800.00
96940.00
97300.00
97460.00
98020.00
98000.00
98140.00
98140.00
98380.00
98100.00
98260.00
98260.00
98040.00
97700.00
97540.00
97380.00
