6772.00
6958.00
7296.00
7462.00
7586.00
7736.00
7848.00
7792.00
7796.00
7822.00
7806.00
7766.00
7786.00
7880.00
8026.00
8254.00
8590.00
8822.00
8940.00
8962.00
8840.00
8612.00
8484.00
8262.00
8072.00
7922.00
7808.00
7680.00
7660.00
7672.00
7722.00
7712.00
7698.00
7686.00
7678.00
7704.00
7738.00
7826.00
7904.00
7954.00
7938.00
7952.00
7904.00
7918.00
7862.00
7854.00
7844.00
7840.00
7786.00
7822.00
7850.00
7864.00
7880.00
7908.00
7908.00
7904.00
7934.00
8020.00
8082.00
8188.00
8346.00
8530.00
8592.00
8660.00
8698.00
8712.00
8670.00
8672.00
8650.00
8692.00
8718.00
8806.00
8902.00
8992.00
8978.00
8968.00
8910.00
8874.00
8882.00
8914.00
8924.00
8880.00
8848.00
8812.00
8826.00
8846.00
8808.00
8744.00
8668.00
8498.00
8350.00
8294.00
8200.00
8098.00
8078.00
8026.00
7996.00
7972.00
7978.00
7966.00
7980.00
7998.00
8036.00
8068.00
8094.00
8108.00
8106.00
8104.00
8090.00
8064.00
8032.00
8024.00
8008.00
7970.00
7948.00
7942.00
7894.00
