24370.00
24420.00
24600.00
24940.00
25080.00
25380.00
25590.00
25710.00
25740.00
25840.00
25810.00
25780.00
25770.00
25720.00
25720.00
25730.00
25870.00
25980.00
26040.00
26150.00
26420.00
26540.00
26630.00
26860.00
27150.00
27230.00
27290.00
27410.00
27490.00
27420.00
27370.00
27430.00
27410.00
27390.00
27290.00
27220.00
26980.00
26810.00
26620.00
26590.00
26540.00
26600.00
26770.00
26950.00
27120.00
27460.00
27870.00
28170.00
28330.00
28500.00
28290.00
27970.00
27660.00
27450.00
27180.00
27150.00
27100.00
27030.00
26990.00
26960.00
26940.00
27000.00
27100.00
27180.00
27340.00
27420.00
27410.00
27380.00
27370.00
27320.00
27250.00
27260.00
27260.00
27200.00
27050.00
27050.00
27040.00
27140.00
27300.00
27570.00
27750.00
27790.00
27690.00
27410.00
27040.00
26600.00
26400.00
26180.00
26000.00
25770.00
25690.00
25450.00
25210.00
25100.00
25070.00
24960.00
25000.00
25060.00
25250.00
25370.00
25400.00
25360.00
25310.00
25280.00
25350.00
25500.00
25630.00
25760.00
25790.00
25800.00
25840.00
25880.00
25960.00
25980.00
25940.00
25940.00
25940.00
