2179.00
2182.00
2112.00
2046.00
2026.00
1996.00
1969.00
1957.00
1940.00
1902.00
1877.00
1858.00
1857.00
1869.00
1882.00
1902.00
1946.00
1968.00
1967.00
1963.00
1953.00
1920.00
1913.00
1926.00
1946.00
1963.00
1972.00
1976.00
1960.00
1939.00
1913.00
1881.00
1832.00
1798.00
1751.00
1728.00
1722.00
1721.00
1707.00
1716.00
1701.00
1678.00
1664.00
1671.00
1669.00
1675.00
1676.00
1672.00
1648.00
1625.00
1603.00
1584.00
1575.00
1562.00
1563.00
1562.00
1554.00
1563.00
1575.00
1580.00
1577.00
1573.00
1547.00
1540.00
1533.00
1531.00
1530.00
1534.00
1525.00
1528.00
1528.00
1519.00
1492.00
1459.00
1428.00
1399.00
1380.00
1379.00
1387.00
1376.00
1367.00
1317.00
1268.00
1225.00
1194.00
1235.00
1319.00
1392.00
1485.00
1576.00
1532.00
1482.00
1445.00
1388.00
1327.00
1324.00
1319.00
1309.00
1299.00
1278.00
1264.00
1261.00
1267.00
1276.00
1291.00
1312.00
1330.00
1341.00
1336.00
1342.00
1342.00
1339.00
1339.00
1350.00
1348.00
1335.00
1324.00
