40690.00
40750.00
40880.00
40940.00
40930.00
41010.00
40990.00
41020.00
41220.00
41390.00
41800.00
42270.00
42710.00
43020.00
43230.00
43120.00
42920.00
42660.00
42460.00
42350.00
42360.00
42390.00
42490.00
42570.00
42660.00
42750.00
42980.00
43230.00
43750.00
44140.00
44250.00
44300.00
44340.00
44060.00
43730.00
43640.00
43450.00
43240.00
43060.00
43070.00
43040.00
43200.00
43250.00
43260.00
43180.00
43180.00
43130.00
42990.00
42970.00
42980.00
42820.00
42530.00
42410.00
42220.00
42060.00
42100.00
42190.00
42320.00
42390.00
42450.00
42500.00
42520.00
42590.00
43410.00
43770.00
44110.00
44420.00
44640.00
44090.00
43990.00
43850.00
43630.00
43460.00
43250.00
43070.00
42920.00
42880.00
42820.00
42860.00
42910.00
42880.00
42690.00
42500.00
42300.00
42190.00
42190.00
42350.00
42480.00
42800.00
42980.00
42930.00
42820.00
42730.00
42560.00
42460.00
42450.00
42450.00
42480.00
42390.00
42210.00
42070.00
42040.00
42010.00
42040.00
42310.00
42560.00
42840.00
43230.00
43470.00
43520.00
43640.00
43630.00
43470.00
43370.00
43220.00
43550.00
43530.00
