270100.00
271200.00
271100.00
270100.00
268700.00
269000.00
270000.00
270500.00
271200.00
271700.00
271200.00
270300.00
270400.00
271200.00
271500.00
271700.00
272200.00
272400.00
274300.00
276400.00
279500.00
282000.00
284600.00
285800.00
289600.00
290400.00
291900.00
293000.00
293200.00
293300.00
295800.00
298600.00
300200.00
302100.00
302100.00
301300.00
300100.00
300100.00
298600.00
295800.00
294400.00
292900.00
291900.00
292500.00
295700.00
299100.00
302100.00
304900.00
305100.00
304500.00
303300.00
303000.00
303100.00
305300.00
305400.00
306800.00
304700.00
301200.00
297600.00
296000.00
292600.00
291700.00
292100.00
293300.00
294600.00
296400.00
297700.00
298400.00
299100.00
298900.00
297900.00
298400.00
299900.00
300800.00
301100.00
302500.00
303100.00
303700.00
302900.00
303900.00
303500.00
301200.00
298200.00
295300.00
290800.00
286000.00
283100.00
279700.00
278000.00
276600.00
276600.00
276100.00
276800.00
277100.00
277100.00
275900.00
275200.00
273600.00
273600.00
274000.00
274300.00
274200.00
275400.00
274500.00
274200.00
273600.00
273900.00
273100.00
273100.00
272300.00
272400.00
271900.00
271600.00
270700.00
270400.00
270500.00
270000.00
