30360.00
30390.00
30460.00
30700.00
30840.00
31290.00
31570.00
32220.00
32720.00
33060.00
33250.00
33590.00
33740.00
33790.00
33950.00
34100.00
34080.00
34250.00
34280.00
34270.00
34110.00
33950.00
33610.00
33560.00
33490.00
33460.00
33500.00
33440.00
33430.00
33510.00
33660.00
33660.00
33800.00
33650.00
33260.00
32870.00
32560.00
32170.00
31880.00
31640.00
31440.00
31290.00
31230.00
31280.00
31460.00
31730.00
31900.00
31870.00
31720.00
31540.00
31230.00
30970.00
30840.00
30680.00
30570.00
30630.00
30590.00
30740.00
30920.00
31050.00
31060.00
31120.00
31080.00
31070.00
31110.00
31380.00
31570.00
31630.00
31600.00
31580.00
31380.00
31200.00
30920.00
30760.00
30520.00
30300.00
30030.00
29840.00
29640.00
29370.00
29070.00
28770.00
28540.00
28200.00
28050.00
27940.00
27810.00
27530.00
27340.00
27080.00
26760.00
26500.00
26320.00
26200.00
26050.00
25800.00
25650.00
25590.00
25660.00
25730.00
25870.00
25950.00
26090.00
26200.00
26320.00
26520.00
26710.00
26850.00
26880.00
26980.00
26990.00
26980.00
26950.00
26850.00
26760.00
26730.00
26730.00
