10210.00
10250.00
10410.00
10580.00
10740.00
10870.00
10900.00
10860.00
10800.00
10940.00
10980.00
11020.00
11070.00
11360.00
11450.00
11740.00
12250.00
12640.00
12790.00
12940.00
12930.00
12700.00
12640.00
12600.00
12730.00
12780.00
12890.00
12980.00
13030.00
12870.00
12840.00
12760.00
12700.00
12650.00
12620.00
12600.00
12490.00
12340.00
12190.00
12030.00
11850.00
11910.00
12000.00
12130.00
12280.00
12520.00
12570.00
12620.00
12710.00
12770.00
12660.00
12630.00
12660.00
12570.00
12530.00
12670.00
12760.00
12980.00
13280.00
13580.00
13770.00
13910.00
13850.00
13770.00
13650.00
13580.00
13550.00
13650.00
13630.00
13910.00
14170.00
14550.00
14730.00
15070.00
15060.00
15140.00
15270.00
15540.00
15730.00
15890.00
15880.00
15500.00
15070.00
14590.00
14300.00
14140.00
14130.00
14210.00
14390.00
14660.00
14860.00
15110.00
15200.00
15230.00
15140.00
14940.00
14790.00
14690.00
14690.00
14660.00
14690.00
14810.00
14840.00
14830.00
14960.00
15190.00
15250.00
15530.00
15630.00
15550.00
15430.00
15290.00
15020.00
14940.00
14870.00
14840.00
14840.00
