16730.00
16830.00
16900.00
16980.00
17000.00
17050.00
17110.00
17250.00
17410.00
17620.00
17800.00
17940.00
18000.00
18190.00
18330.00
18480.00
18700.00
19000.00
19090.00
19050.00
19130.00
19040.00
19020.00
19070.00
19200.00
19170.00
19290.00
19190.00
19110.00
19070.00
19040.00
18900.00
18840.00
18710.00
18480.00
18230.00
18060.00
17870.00
17710.00
17600.00
17490.00
17440.00
17400.00
17420.00
17400.00
17470.00
17440.00
17430.00
17390.00
17460.00
17520.00
17600.00
17620.00
17540.00
17490.00
17450.00
17460.00
17490.00
17600.00
17630.00
17630.00
17670.00
17840.00
18030.00
18120.00
18250.00
18290.00
18260.00
18140.00
18180.00
18180.00
18260.00
18350.00
18590.00
18780.00
19030.00
19160.00
19140.00
19140.00
19190.00
19200.00
19120.00
19120.00
19020.00
18930.00
18800.00
18870.00
18990.00
18970.00
19000.00
19040.00
19050.00
18990.00
19130.00
19170.00
19180.00
19080.00
19080.00
19010.00
18900.00
18830.00
18910.00
18930.00
18980.00
19240.00
19500.00
19690.00
19910.00
19980.00
19910.00
19850.00
19800.00
19750.00
19840.00
19880.00
20130.00
20050.00
