180500.00
181400.00
181500.00
181800.00
181700.00
182400.00
183200.00
184200.00
184300.00
184300.00
184000.00
183500.00
182600.00
182300.00
181800.00
181600.00
181700.00
182500.00
183000.00
183200.00
183900.00
184200.00
184900.00
185700.00
186400.00
186700.00
186500.00
186000.00
185300.00
186000.00
185800.00
186600.00
187800.00
188300.00
187400.00
187100.00
186700.00
186000.00
186600.00
187600.00
188400.00
189000.00
189400.00
189400.00
189300.00
189200.00
190100.00
190400.00
190200.00
190400.00
190300.00
189000.00
188600.00
189000.00
188800.00
189000.00
190200.00
191200.00
192800.00
194500.00
200800.00
208100.00
217500.00
224900.00
232800.00
233500.00
233000.00
229400.00
226000.00
221500.00
219300.00
217300.00
215600.00
214600.00
214200.00
213100.00
211000.00
208700.00
206700.00
206900.00
208100.00
207900.00
209000.00
209700.00
208800.00
208400.00
208900.00
208100.00
207900.00
206600.00
205500.00
204600.00
203600.00
204000.00
205200.00
206800.00
209000.00
211400.00
211800.00
211900.00
210400.00
208300.00
207100.00
206000.00
204900.00
204700.00
204600.00
203400.00
202500.00
202000.00
201000.00
200300.00
200300.00
200000.00
199500.00
200200.00
199700.00
