12940.00
13470.00
13780.00
14210.00
14600.00
14740.00
15000.00
15380.00
15590.00
15710.00
15860.00
15810.00
15670.00
15650.00
15730.00
15670.00
15930.00
16270.00
16750.00
17270.00
17840.00
18200.00
18470.00
18490.00
18270.00
18130.00
17930.00
17790.00
17610.00
17440.00
17310.00
17090.00
16930.00
17010.00
16780.00
16250.00
15960.00
15450.00
14670.00
14250.00
14000.00
13630.00
13390.00
13370.00
13280.00
13320.00
13350.00
13390.00
13300.00
13300.00
13270.00
13220.00
13160.00
13100.00
13290.00
13500.00
13690.00
13940.00
14220.00
14340.00
14370.00
14370.00
14350.00
14360.00
14230.00
14120.00
14030.00
13880.00
13690.00
13570.00
13470.00
13380.00
13290.00
13180.00
13130.00
13040.00
12950.00
12940.00
12960.00
12870.00
12840.00
12740.00
12530.00
12230.00
12010.00
11810.00
11700.00
11730.00
11870.00
11950.00
11970.00
11900.00
11700.00
11450.00
11310.00
11130.00
11020.00
10990.00
10950.00
10910.00
10910.00
10980.00
11220.00
11530.00
11860.00
12200.00
12510.00
12600.00
12650.00
12730.00
12780.00
12730.00
12940.00
13260.00
13500.00
13630.00
13770.00
