7208.00
7348.00
7510.00
7626.00
7670.00
7768.00
7794.00
7770.00
7812.00
7910.00
7970.00
8024.00
8074.00
8086.00
8064.00
8024.00
8088.00
8154.00
8272.00
8392.00
8440.00
8382.00
8338.00
8244.00
8174.00
8148.00
8196.00
8232.00
8342.00
8418.00
8522.00
8526.00
8584.00
8562.00
8478.00
8440.00
8412.00
8346.00
8258.00
8214.00
8132.00
8098.00
8076.00
8086.00
8192.00
8228.00
8218.00
8208.00
8162.00
8022.00
7902.00
7796.00
7668.00
7538.00
7450.00
7468.00
7468.00
7542.00
7664.00
7780.00
7846.00
7924.00
7966.00
7980.00
8020.00
8054.00
8104.00
8148.00
8170.00
8164.00
8150.00
8120.00
8008.00
7924.00
7788.00
7704.00
7604.00
7576.00
7534.00
7492.00
7394.00
7282.00
7158.00
6990.00
6868.00
6782.00
6736.00
6698.00
6694.00
6676.00
6610.00
6528.00
6460.00
6438.00
6458.00
6470.00
6486.00
6478.00
6456.00
6408.00
6384.00
6374.00
6392.00
6416.00
6466.00
6498.00
6548.00
6598.00
6630.00
6638.00
6686.00
6730.00
6766.00
6798.00
6814.00
6838.00
6810.00
