20990.00
20770.00
20690.00
20620.00
20560.00
20550.00
20510.00
20490.00
20530.00
20610.00
20640.00
20680.00
20700.00
20680.00
20730.00
20760.00
20790.00
20840.00
20900.00
20910.00
20940.00
20980.00
21010.00
21040.00
21080.00
21070.00
21030.00
20990.00
20940.00
20880.00
20860.00
20860.00
20880.00
20900.00
20940.00
20970.00
20990.00
21000.00
20940.00
20920.00
20910.00
20870.00
20860.00
20900.00
20900.00
20870.00
20860.00
20820.00
20790.00
20790.00
20790.00
20780.00
20780.00
20790.00
20770.00
20790.00
20840.00
20870.00
20870.00
20910.00
20930.00
20920.00
20910.00
20930.00
20920.00
20940.00
20990.00
21060.00
21070.00
21080.00
21070.00
21100.00
21120.00
21190.00
21240.00
21290.00
21310.00
21350.00
21350.00
21310.00
21300.00
21270.00
21230.00
21200.00
21180.00
21130.00
21080.00
20970.00
20840.00
20790.00
20730.00
20690.00
20690.00
20690.00
20660.00
20630.00
20620.00
20530.00
20480.00
20450.00
20430.00
20380.00
20400.00
20410.00
20440.00
20550.00
20600.00
20670.00
20770.00
20790.00
20750.00
20760.00
20770.00
20760.00
20820.00
20870.00
20930.00
