2367.00
2403.00
2443.00
2478.00
2491.00
2512.00
2530.00
2544.00
2567.00
2588.00
2594.00
2589.00
2617.00
2644.00
2671.00
2696.00
2731.00
2745.00
2752.00
2771.00
2787.00
2788.00
2787.00
2787.00
2783.00
2780.00
2784.00
2778.00
2768.00
2757.00
2753.00
2748.00
2750.00
2756.00
2732.00
2713.00
2688.00
2665.00
2637.00
2630.00
2620.00
2623.00
2622.00
2639.00
2658.00
2668.00
2669.00
2665.00
2645.00
2624.00
2588.00
2561.00
2537.00
2502.00
2478.00
2493.00
2505.00
2532.00
2572.00
2614.00
2642.00
2667.00
2680.00
2690.00
2693.00
2728.00
2758.00
2789.00
2806.00
2830.00
2818.00
2800.00
2773.00
2760.00
2736.00
2728.00
2725.00
2729.00
2732.00
2730.00
2715.00
2700.00
2681.00
2648.00
2631.00
2619.00
2607.00
2606.00
2616.00
2614.00
2602.00
2596.00
2582.00
2564.00
2557.00
2543.00
2529.00
2515.00
2514.00
2520.00
2541.00
2562.00
2584.00
2608.00
2617.00
2627.00
2626.00
2633.00
2636.00
2641.00
2642.00
2660.00
2685.00
2706.00
2734.00
2762.00
2771.00
