2441.00
2445.00
2473.00
2504.00
2535.00
2559.00
2579.00
2590.00
2597.00
2658.00
2702.00
2739.00
2775.00
2811.00
2776.00
2754.00
2736.00
2732.00
2734.00
2761.00
2774.00
2779.00
2770.00
2770.00
2767.00
2789.00
2814.00
2839.00
2886.00
2933.00
2962.00
2986.00
3010.00
2989.00
2934.00
2897.00
2859.00
2822.00
2783.00
2769.00
2742.00
2727.00
2710.00
2720.00
2731.00
2745.00
2760.00
2776.00
2769.00
2788.00
2800.00
2793.00
2775.00
2749.00
2712.00
2702.00
2704.00
2726.00
2764.00
2798.00
2820.00
2844.00
2858.00
2886.00
2936.00
2982.00
3024.00
3082.00
3146.00
3180.00
3189.00
3201.00
3185.00
3146.00
3099.00
3085.00
3059.00
3052.00
3047.00
3048.00
3025.00
2998.00
2965.00
2927.00
2882.00
2871.00
2886.00
2909.00
2924.00
2946.00
2941.00
2920.00
2882.00
2861.00
2850.00
2839.00
2828.00
2832.00
2834.00
2871.00
2886.00
2944.00
2979.00
3025.00
3023.00
3058.00
3045.00
3052.00
3039.00
3032.00
3019.00
3031.00
3036.00
3040.00
3043.00
3041.00
3012.00
