2516.00
2529.00
2557.00
2567.00
2572.00
2581.00
2583.00
2580.00
2584.00
2603.00
2629.00
2644.00
2671.00
2693.00
2701.00
2696.00
2704.00
2706.00
2706.00
2704.00
2709.00
2726.00
2730.00
2748.00
2770.00
2787.00
2797.00
2810.00
2813.00
2817.00
2822.00
2824.00
2833.00
2838.00
2820.00
2818.00
2837.00
2836.00
2827.00
2832.00
2811.00
2771.00
2745.00
2737.00
2723.00
2724.00
2716.00
2714.00
2699.00
2690.00
2672.00
2653.00
2626.00
2597.00
2571.00
2565.00
2554.00
2550.00
2559.00
2584.00
2592.00
2604.00
2614.00
2628.00
2630.00
2636.00
2641.00
2652.00
2657.00
2682.00
2731.00
2777.00
2874.00
2926.00
2936.00
2968.00
2992.00
2977.00
3010.00
3050.00
3028.00
3002.00
2964.00
2904.00
2862.00
2844.00
2831.00
2806.00
2773.00
2743.00
2710.00
2680.00
2645.00
2635.00
2634.00
2620.00
2609.00
2618.00
2618.00
2604.00
2594.00
2593.00
2594.00
2610.00
2626.00
2654.00
2686.00
2699.00
2704.00
2704.00
2707.00
2707.00
2707.00
2698.00
2689.00
2662.00
2623.00
