39260.00
38780.00
38360.00
37940.00
37530.00
37450.00
37520.00
37640.00
37720.00
37940.00
37800.00
37650.00
37580.00
37440.00
37340.00
37420.00
37520.00
37420.00
37680.00
37770.00
37920.00
37930.00
38150.00
38250.00
38480.00
38470.00
38590.00
38590.00
38640.00
38520.00
38700.00
38810.00
38670.00
38340.00
38210.00
37900.00
37640.00
37620.00
37500.00
37310.00
37290.00
37210.00
37070.00
37070.00
37360.00
37630.00
37980.00
38370.00
38580.00
38660.00
38610.00
38590.00
38590.00
38690.00
38550.00
38530.00
38440.00
38320.00
38290.00
38470.00
38530.00
38500.00
38560.00
38530.00
38580.00
38720.00
38880.00
38920.00
38920.00
38700.00
38390.00
38310.00
38310.00
38470.00
38530.00
38760.00
38710.00
38560.00
38240.00
38050.00
37710.00
37320.00
36940.00
36000.00
34960.00
33850.00
32770.00
31670.00
31260.00
31040.00
30940.00
30940.00
30990.00
30980.00
31020.00
30860.00
30860.00
30830.00
30930.00
30910.00
30890.00
30680.00
30660.00
30500.00
30400.00
30380.00
30530.00
30390.00
30250.00
30050.00
29870.00
29700.00
29600.00
29350.00
29150.00
29060.00
28800.00
