16430.00
16240.00
16260.00
16370.00
16430.00
16540.00
16510.00
16500.00
16530.00
16620.00
16700.00
16780.00
16860.00
16960.00
17040.00
17090.00
17190.00
17360.00
17450.00
17610.00
17690.00
17830.00
17840.00
17860.00
17870.00
17930.00
17970.00
18160.00
18350.00
18480.00
18710.00
18880.00
19000.00
19170.00
19270.00
19470.00
19670.00
19860.00
20030.00
20140.00
20160.00
20160.00
20120.00
20080.00
20290.00
20350.00
20310.00
20250.00
20060.00
19700.00
19410.00
19220.00
19140.00
19160.00
19170.00
19360.00
19490.00
19600.00
20030.00
20490.00
20800.00
21110.00
21370.00
21260.00
21160.00
21070.00
21060.00
21050.00
20990.00
21040.00
21000.00
21010.00
21030.00
20960.00
20780.00
20740.00
20440.00
20160.00
20000.00
19810.00
19640.00
19560.00
19350.00
19060.00
18800.00
18440.00
18220.00
18130.00
18150.00
18180.00
18280.00
18240.00
18290.00
18430.00
18390.00
18190.00
18040.00
17740.00
17420.00
17220.00
17140.00
17060.00
17070.00
17080.00
17190.00
17350.00
17470.00
17490.00
17570.00
17600.00
17580.00
17670.00
17860.00
17930.00
18030.00
18160.00
18270.00
