1027.00
1044.00
1060.00
1071.00
1077.00
1081.00
1084.00
1090.00
1099.00
1108.00
1114.00
1114.00
1117.00
1118.00
1115.00
1110.00
1110.00
1109.00
1121.00
1137.00
1153.00
1160.00
1165.00
1168.00
1170.00
1171.00
1182.00
1188.00
1185.00
1180.00
1179.00
1176.00
1179.00
1180.00
1173.00
1166.00
1157.00
1146.00
1135.00
1132.00
1132.00
1133.00
1136.00
1143.00
1147.00
1148.00
1144.00
1139.00
1128.00
1123.00
1112.00
1104.00
1092.00
1081.00
1070.00
1072.00
1074.00
1083.00
1094.00
1105.00
1111.00
1119.00
1127.00
1136.00
1145.00
1151.00
1154.00
1155.00
1128.00
1106.00
1076.00
1046.00
1015.00
1009.20
996.60
995.00
992.80
992.20
992.40
990.60
991.20
989.00
987.20
982.60
975.20
962.20
945.40
925.00
907.20
897.20
889.00
886.00
876.40
866.40
855.40
838.60
823.20
814.20
804.00
793.00
786.20
781.40
777.60
777.80
775.80
775.00
771.60
766.00
762.60
758.40
756.00
755.40
756.00
749.00
742.40
732.00
722.20
