5170.00
5204.00
5248.00
5362.00
5478.00
5534.00
5642.00
5724.00
5744.00
5724.00
5704.00
5630.00
5616.00
5602.00
5634.00
5704.00
5840.00
5954.00
6096.00
6232.00
6352.00
6396.00
6422.00
6432.00
6442.00
6450.00
6466.00
6486.00
6484.00
6472.00
6442.00
6406.00
6338.00
6270.00
6212.00
6132.00
6060.00
5936.00
5792.00
5658.00
5578.00
5520.00
5524.00
5582.00
5630.00
5668.00
5686.00
5730.00
5750.00
5770.00
5728.00
5702.00
5664.00
5598.00
5530.00
5516.00
5488.00
5458.00
5442.00
5432.00
5422.00
5386.00
5348.00
5314.00
5278.00
5242.00
5194.00
5131.00
5063.00
5007.00
4981.00
4977.00
4981.00
4970.00
4921.00
4855.00
4808.00
4782.00
4760.00
4758.00
4747.00
4691.00
4639.00
4582.00
4531.00
4485.00
4476.00
4477.00
4499.00
4505.00
4516.00
4584.00
4620.00
4673.00
4747.00
4822.00
4858.00
4892.00
4909.00
4915.00
4911.00
4900.00
4907.00
4916.00
4911.00
4912.00
4907.00
4901.00
4891.00
4900.00
4901.00
4880.00
4852.00
4813.00
4764.00
4721.00
4696.00
