2333.00
2383.00
2427.00
2465.00
2464.00
2470.00
2482.00
2482.00
2468.00
2469.00
2465.00
2454.00
2458.00
2447.00
2425.00
2407.00
2381.00
2345.00
2323.00
2315.00
2303.00
2291.00
2297.00
2310.00
2317.00
2325.00
2330.00
2322.00
2311.00
2297.00
2284.00
2282.00
2285.00
2293.00
2296.00
2303.00
2303.00
2301.00
2292.00
2291.00
2281.00
2270.00
2264.00
2258.00
2260.00
2267.00
2278.00
2300.00
2327.00
2341.00
2354.00
2367.00
2358.00
2345.00
2332.00
2323.00
2306.00
2302.00
2300.00
2305.00
2314.00
2329.00
2339.00
2349.00
2363.00
2373.00
2384.00
2398.00
2411.00
2424.00
2437.00
2447.00
2454.00
2461.00
2462.00
2450.00
2442.00
2434.00
2430.00
2433.00
2442.00
2431.00
2419.00
2394.00
2359.00
2331.00
2312.00
2290.00
2278.00
2275.00
2275.00
2272.00
2264.00
2249.00
2232.00
2204.00
2193.00
2193.00
2202.00
2209.00
2229.00
2242.00
2254.00
2265.00
2277.00
2281.00
2292.00
2306.00
2313.00
2321.00
2330.00
2331.00
2324.00
2320.00
2318.00
2314.00
2308.00
