56058.54
55804.88
55863.42
55843.92
55941.48
55980.52
55961.00
55941.48
55746.36
55648.80
55434.16
55414.66
55804.90
56507.34
57248.80
58107.34
59200.02
60097.58
61658.54
63121.94
64585.34
65775.58
66653.64
66517.06
67239.02
66595.12
65600.00
64643.90
64136.58
62809.76
62614.64
62478.06
62907.32
62985.38
62770.74
62829.28
63102.44
63121.96
62985.38
63258.54
63239.02
64000.00
64429.26
65599.98
66575.60
68000.00
70848.78
73775.62
75785.38
77697.58
79219.54
79024.42
78907.34
78497.58
78653.68
78848.80
78439.04
77561.00
77268.32
77229.28
77970.74
79160.98
82419.50
85795.10
89521.94
91785.36
93795.12
94029.28
93658.56
92351.24
91590.26
91004.90
90478.06
91492.70
92780.50
95063.50
96390.32
97346.42
97112.26
96312.26
95121.94
94400.00
94185.36
93034.14
92019.50
91258.52
90048.76
88721.94
88292.68
87590.24
86243.90
85736.58
85287.80
84917.06
85034.14
84956.10
84800.00
85697.56
86087.80
86263.42
86556.10
86439.02
84917.06
83980.48
82848.76
82204.86
81912.18
82692.68
84312.20
86692.70
88214.64
89678.06
89951.22
89092.68
87921.94
87043.90
86009.76
