2024.00
2025.00
2032.00
2031.00
2027.00
2020.00
2004.00
1991.00
1985.00
1971.00
1951.00
1953.00
1947.00
1944.00
1946.00
1950.00
1961.00
1980.00
1992.00
2006.00
2029.00
2029.00
2025.00
2028.00
2032.00
2022.00
2018.00
2022.00
2027.00
2023.00
2030.00
2030.00
2020.00
2003.00
1978.00
1962.00
1951.00
1941.00
1932.00
1943.00
1943.00
1943.00
1954.00
1972.00
1992.00
2006.00
2015.00
2018.00
2000.00
1974.00
1937.00
1909.00
1886.00
1877.00
1866.00
1883.00
1893.00
1905.00
1918.00
1937.00
1945.00
1957.00
1966.00
1975.00
1979.00
1982.00
1984.00
1985.00
1977.00
1973.00
1970.00
1971.00
1968.00
1973.00
1980.00
1990.00
1992.00
1995.00
1987.00
1975.00
1959.00
1940.00
1915.00
1892.00
1867.00
1846.00
1829.00
1819.00
1815.00
1819.00
1822.00
1829.00
1836.00
1837.00
1835.00
1826.00
1811.00
1783.00
1761.00
1732.00
1710.00
1703.00
1708.00
1727.00
1750.00
1783.00
1785.00
1789.00
1784.00
1780.00
1772.00
1781.00
1793.00
1802.00
1804.00
1806.00
1808.00
