6244.00
6286.00
6338.00
6364.00
6366.00
6356.00
6360.00
6436.00
6516.00
6590.00
6686.00
6762.00
6736.00
6728.00
6726.00
6708.00
6648.00
6634.00
6616.00
6590.00
6558.00
6558.00
6534.00
6518.00
6544.00
6576.00
6628.00
6668.00
6720.00
6740.00
6746.00
6728.00
6716.00
6688.00
6608.00
6532.00
6472.00
6404.00
6356.00
6378.00
6398.00
6382.00
6384.00
6374.00
6348.00
6324.00
6334.00
6346.00
6348.00
6348.00
6342.00
6342.00
6328.00
6280.00
6274.00
6286.00
6298.00
6322.00
6372.00
6390.00
6392.00
6376.00
6354.00
6362.00
6362.00
6378.00
6412.00
6432.00
6444.00
6464.00
6502.00
6524.00
6564.00
6594.00
6610.00
6604.00
6604.00
6596.00
6592.00
6596.00
6566.00
6520.00
6470.00
6396.00
6338.00
6354.00
6392.00
6414.00
6476.00
6526.00
6538.00
6536.00
6530.00
6502.00
6484.00
6462.00
6440.00
6446.00
6460.00
6468.00
6490.00
6512.00
6542.00
6568.00
6620.00
6668.00
6700.00
6704.00
6714.00
6702.00
6674.00
6668.00
6684.00
6722.00
6776.00
6834.00
6874.00
