8458.00
8508.00
8566.00
8636.00
8664.00
8742.00
8822.00
8888.00
8960.00
9040.00
9060.00
9056.00
9142.00
9250.00
9408.00
9566.00
9746.00
9872.00
9954.00
10030.00
10066.00
10080.00
10070.00
10070.00
9994.00
9956.00
9916.00
9866.00
9792.00
9748.00
9726.00
9714.00
9738.00
9774.00
9794.00
9808.00
9792.00
9770.00
9742.00
9682.00
9640.00
9646.00
9642.00
9668.00
9734.00
9782.00
9808.00
9818.00
9808.00
9752.00
9672.00
9564.00
9476.00
9364.00
9340.00
9366.00
9424.00
9488.00
9588.00
9668.00
9756.00
9842.00
9928.00
10010.00
10084.00
10140.00
10170.00
10210.00
10190.00
10170.00
10120.00
10110.00
10046.00
10076.00
10106.00
10156.00
10176.00
10250.00
10260.00
10230.00
10220.00
10200.00
10140.00
10032.00
9966.00
9908.00
9876.00
9876.00
9924.00
9970.00
9980.00
9962.00
9928.00
9892.00
9854.00
9800.00
9758.00
9702.00
9708.00
9734.00
9792.00
9884.00
9984.00
10074.00
10126.00
10190.00
10170.00
10180.00
10170.00
10190.00
10160.00
10220.00
10330.00
10410.00
10470.00
10580.00
10630.00
