25670.00
26120.00
26500.00
26400.00
26460.00
26420.00
26260.00
26060.00
25990.00
25790.00
25770.00
25830.00
25800.00
25810.00
25730.00
25550.00
25250.00
25200.00
25140.00
25110.00
25450.00
25780.00
26000.00
26230.00
26540.00
26550.00
26630.00
26720.00
26780.00
26840.00
26910.00
26840.00
26830.00
26920.00
27070.00
27380.00
27800.00
28220.00
28470.00
28560.00
28660.00
28740.00
28830.00
28980.00
29340.00
29410.00
29420.00
29390.00
29190.00
28910.00
28650.00
28520.00
28410.00
28340.00
28310.00
28300.00
28040.00
27720.00
27600.00
27440.00
27320.00
27300.00
27440.00
27390.00
27570.00
27710.00
27810.00
27790.00
27800.00
27520.00
27220.00
27020.00
26760.00
26570.00
26480.00
26480.00
26480.00
26420.00
26330.00
26130.00
25810.00
25460.00
25210.00
24900.00
24620.00
24450.00
24690.00
25040.00
25430.00
25860.00
26140.00
26170.00
26120.00
26070.00
25990.00
25940.00
25790.00
25550.00
25390.00
25350.00
25300.00
25230.00
25310.00
25390.00
25330.00
25510.00
25730.00
25780.00
25700.00
25620.00
25400.00
25150.00
24960.00
24850.00
24740.00
24680.00
24550.00
