825.60
829.40
833.80
837.40
841.80
845.60
850.40
860.20
875.80
892.80
920.20
953.20
979.00
999.00
1013.00
1012.40
1008.40
1004.20
992.20
984.20
980.20
974.20
967.00
966.80
964.00
957.60
950.60
945.40
939.40
932.60
927.60
923.20
923.80
927.00
930.40
935.20
936.20
934.00
930.00
923.20
915.20
909.20
900.40
894.80
892.60
891.20
890.20
888.60
881.20
872.00
862.00
852.80
846.40
841.40
844.40
849.80
854.80
861.20
877.20
888.40
900.20
910.40
919.00
920.40
920.80
919.80
918.80
922.80
926.40
929.80
929.20
931.00
926.40
921.80
917.60
917.00
916.00
918.80
921.40
920.60
919.80
914.40
905.60
892.80
882.60
874.60
868.60
863.60
862.40
862.20
861.40
861.80
861.40
861.00
859.20
853.60
849.60
843.80
835.20
828.40
825.00
823.00
846.20
869.20
892.40
918.60
941.00
941.00
945.00
950.80
953.80
957.40
957.80
958.00
953.40
948.80
944.60
