2804.00
2834.00
2846.00
2877.00
2900.00
2913.00
2947.00
2981.00
3016.00
3061.00
3089.00
3087.00
3097.00
3101.00
3093.00
3077.00
3071.00
3072.00
3087.00
3101.00
3128.00
3144.00
3161.00
3158.00
3143.00
3131.00
3121.00
3101.00
3088.00
3087.00
3084.00
3073.00
3069.00
3067.00
3025.00
2991.00
2962.00
2916.00
2853.00
2822.00
2790.00
2762.00
2747.00
2760.00
2766.00
2770.00
2777.00
2774.00
2751.00
2736.00
2715.00
2696.00
2684.00
2675.00
2675.00
2689.00
2697.00
2709.00
2727.00
2745.00
2752.00
2763.00
2776.00
2792.00
2808.00
2820.00
2825.00
2826.00
2816.00
2806.00
2798.00
2792.00
2784.00
2773.00
2757.00
2746.00
2728.00
2714.00
2708.00
2695.00
2682.00
2666.00
2645.00
2644.00
2661.00
2683.00
2700.00
2719.00
2712.00
2689.00
2655.00
2622.00
2594.00
2574.00
2575.00
2604.00
2652.00
2706.00
2758.00
2816.00
2853.00
2886.00
2907.00
2957.00
2978.00
3002.00
3032.00
3080.00
3069.00
3068.00
3056.00
3027.00
2992.00
2981.00
2979.00
2956.00
2946.00
