19200.00
19370.00
19510.00
19710.00
20010.00
20330.00
20540.00
20810.00
21080.00
21150.00
21210.00
21250.00
21220.00
21160.00
21090.00
20940.00
20740.00
20560.00
20360.00
20160.00
20040.00
20020.00
19900.00
19780.00
19660.00
19570.00
19550.00
19600.00
19720.00
19870.00
20000.00
20110.00
20260.00
20400.00
20450.00
20550.00
20770.00
21000.00
21160.00
21360.00
21500.00
21490.00
21420.00
21460.00
21560.00
21630.00
21630.00
21710.00
21680.00
21540.00
21400.00
21310.00
21200.00
21090.00
21100.00
21070.00
21020.00
20970.00
20930.00
20830.00
20850.00
20850.00
20810.00
20770.00
20730.00
20640.00
20590.00
20550.00
20530.00
20500.00
20470.00
20770.00
21010.00
21060.00
21090.00
21140.00
20860.00
20660.00
20680.00
20750.00
20800.00
20840.00
20750.00
20590.00
20480.00
20350.00
20210.00
20150.00
20170.00
20090.00
20070.00
20100.00
20250.00
20310.00
20380.00
20410.00
20380.00
20240.00
20190.00
20160.00
20100.00
20090.00
20120.00
20180.00
20230.00
20440.00
20630.00
20940.00
21190.00
21470.00
21630.00
21790.00
21830.00
21870.00
21900.00
21930.00
21970.00
