6690.00
6684.00
6682.00
6686.00
6686.00
6686.00
6696.00
6714.00
6736.00
6760.00
6776.00
6786.00
6806.00
6836.00
6864.00
6900.00
6946.00
6992.00
6986.00
7004.00
7016.00
7018.00
7018.00
7030.00
7022.00
7018.00
7024.00
7000.00
7002.00
7000.00
7002.00
6978.00
6974.00
6950.00
6928.00
6904.00
6894.00
6892.00
6894.00
6896.00
6886.00
6876.00
6858.00
6842.00
6840.00
6850.00
6844.00
6846.00
6846.00
6834.00
6820.00
6822.00
6804.00
6802.00
6798.00
6804.00
6818.00
6850.00
6880.00
6898.00
6910.00
6910.00
6904.00
6902.00
6916.00
6952.00
6984.00
7034.00
7074.00
7128.00
7154.00
7196.00
7220.00
7246.00
7252.00
7250.00
7226.00
7208.00
7208.00
7216.00
7238.00
7264.00
7284.00
7286.00
7290.00
7310.00
7328.00
7362.00
7390.00
7418.00
7418.00
7426.00
7406.00
7392.00
7390.00
7376.00
7364.00
7364.00
7356.00
7336.00
7344.00
7360.00
7390.00
7444.00
7496.00
7542.00
7568.00
7578.00
7564.00
7566.00
7572.00
7606.00
7660.00
7726.00
7746.00
7770.00
7776.00
