17140.00
17540.00
17890.00
18180.00
18400.00
18530.00
18470.00
18410.00
18380.00
18390.00
18420.00
18540.00
18550.00
18530.00
18530.00
18480.00
18390.00
18510.00
18590.00
18670.00
18740.00
18710.00
18580.00
18550.00
18590.00
18740.00
18980.00
19280.00
19460.00
19530.00
19580.00
19590.00
19480.00
19440.00
19350.00
19330.00
19340.00
19420.00
19480.00
19560.00
19590.00
19550.00
19630.00
19620.00
19720.00
19790.00
19830.00
19730.00
19530.00
19280.00
18850.00
18590.00
18410.00
18370.00
18340.00
18540.00
18700.00
18840.00
18980.00
19070.00
19140.00
19170.00
19240.00
19360.00
19550.00
19860.00
20060.00
20240.00
20310.00
20290.00
20070.00
20030.00
19850.00
19740.00
19590.00
19540.00
19340.00
19290.00
19210.00
19210.00
19160.00
19090.00
18990.00
18940.00
18910.00
18800.00
18770.00
18550.00
18260.00
17980.00
17670.00
17350.00
17190.00
17040.00
16970.00
16830.00
16710.00
16610.00
16520.00
16300.00
16260.00
16190.00
16140.00
16140.00
16230.00
16330.00
16560.00
16670.00
16780.00
16840.00
16970.00
16900.00
16990.00
17080.00
17140.00
17180.00
17240.00
