49860.00
50580.00
52000.00
53680.00
54720.00
56500.00
57420.00
57940.00
58460.00
59400.00
59480.00
59200.00
59340.00
60560.00
61440.00
62900.00
64360.00
65500.00
65740.00
66000.00
65500.00
64940.00
64880.00
64920.00
65280.00
65900.00
66560.00
66840.00
66820.00
66360.00
65840.00
65460.00
64960.00
64500.00
63740.00
63280.00
62460.00
61800.00
60820.00
60180.00
59240.00
58820.00
58440.00
58280.00
58040.00
58040.00
57720.00
57220.00
56980.00
57200.00
57020.00
56900.00
57280.00
56900.00
56380.00
56720.00
57180.00
57580.00
58660.00
59760.00
60000.00
60360.00
60380.00
60480.00
61380.00
62620.00
63280.00
64460.00
64880.00
64540.00
64160.00
63860.00
62920.00
62460.00
61660.00
60740.00
60180.00
59860.00
59480.00
59020.00
58560.00
57480.00
56260.00
54860.00
53980.00
53720.00
53680.00
53820.00
54260.00
54640.00
54560.00
54440.00
54080.00
53740.00
53520.00
53040.00
52920.00
52940.00
52940.00
53120.00
53580.00
53860.00
54140.00
54560.00
54440.00
54300.00
54040.00
53580.00
52780.00
52220.00
51940.00
51860.00
51840.00
51980.00
51940.00
51780.00
51600.00
