14420.00
14520.00
14580.00
14590.00
14550.00
14550.00
14560.00
14580.00
14680.00
14770.00
14840.00
14910.00
14960.00
14970.00
14910.00
14860.00
14930.00
15050.00
15130.00
15450.00
15800.00
16020.00
16200.00
16380.00
16410.00
16320.00
16150.00
16000.00
15920.00
15790.00
15730.00
15640.00
15620.00
15550.00
15500.00
15420.00
15500.00
15440.00
15330.00
15240.00
15120.00
14900.00
14740.00
14650.00
14510.00
14490.00
14530.00
14600.00
14630.00
14710.00
14760.00
14680.00
14600.00
14530.00
14460.00
14410.00
14610.00
14780.00
14950.00
15120.00
15270.00
15270.00
15260.00
15200.00
15130.00
15070.00
15050.00
15080.00
15080.00
15100.00
15120.00
15180.00
15190.00
15300.00
15400.00
15530.00
16070.00
16460.00
16790.00
17060.00
17350.00
17160.00
17120.00
17010.00
16990.00
16920.00
16930.00
16990.00
17250.00
17510.00
17750.00
17900.00
18010.00
18150.00
18540.00
19020.00
19710.00
20370.00
21000.00
21440.00
22070.00
22730.00
23360.00
24020.00
24580.00
25170.00
25530.00
25940.00
26310.00
26700.00
26710.00
26670.00
26420.00
26100.00
25780.00
25650.00
25490.00
