113000.00
113000.00
113900.00
115500.00
116800.00
118900.00
120800.00
122000.00
122700.00
122900.00
122200.00
121300.00
120600.00
119900.00
119700.00
119400.00
119500.00
120700.00
121800.00
123400.00
125400.00
127200.00
128300.00
129200.00
129700.00
130200.00
130600.00
130700.00
130700.00
130600.00
130400.00
130500.00
130700.00
131200.00
131000.00
130400.00
129100.00
127700.00
126000.00
125300.00
124800.00
124400.00
124600.00
125200.00
125600.00
126400.00
127600.00
128100.00
128300.00
128100.00
127000.00
126500.00
126300.00
126100.00
126300.00
127600.00
128400.00
128900.00
129700.00
130900.00
131300.00
131600.00
132500.00
132800.00
133000.00
133700.00
134300.00
134800.00
135000.00
134900.00
134400.00
134200.00
133000.00
132100.00
131400.00
130700.00
129600.00
129000.00
128900.00
128500.00
128400.00
128300.00
127900.00
127600.00
127800.00
127300.00
126700.00
126400.00
126000.00
125300.00
124800.00
124500.00
123600.00
121900.00
120000.00
118100.00
116400.00
115200.00
114300.00
113400.00
112800.00
112100.00
111700.00
111700.00
111700.00
111700.00
111800.00
112000.00
112200.00
112600.00
113100.00
113500.00
113700.00
113500.00
113400.00
112900.00
112700.00
