10860.00
11140.00
11250.00
11550.00
12480.00
13530.00
14480.00
15620.00
16850.00
17380.00
17910.00
18580.00
19490.00
20200.00
20530.00
20820.00
20810.00
20760.00
20640.00
20900.00
21100.00
21230.00
21020.00
20980.00
20770.00
20460.00
20350.00
20240.00
19820.00
19480.00
19580.00
19520.00
19510.00
19570.00
18850.00
17730.00
16910.00
15900.00
14850.00
14610.00
14410.00
14170.00
14050.00
14110.00
13920.00
13930.00
13950.00
13970.00
13840.00
13960.00
14000.00
13940.00
13840.00
13810.00
14220.00
14500.00
14760.00
15120.00
15460.00
15480.00
15450.00
15470.00
15450.00
15750.00
15810.00
15940.00
16030.00
16010.00
15620.00
15400.00
15210.00
15120.00
15080.00
15030.00
15090.00
15000.00
14820.00
14770.00
14940.00
15120.00
15680.00
16360.00
16610.00
16590.00
16490.00
16080.00
15680.00
15950.00
16210.00
16330.00
16560.00
16550.00
16110.00
15890.00
15830.00
15620.00
15530.00
15670.00
15730.00
15760.00
15930.00
16130.00
16330.00
16690.00
16920.00
17210.00
17580.00
17730.00
17630.00
17920.00
18140.00
18080.00
18310.00
18510.00
18320.00
18060.00
17950.00
