2135.00
2152.00
2184.00
2223.00
2266.00
2311.00
2348.00
2371.00
2412.00
2429.00
2433.00
2436.00
2452.00
2443.00
2438.00
2431.00
2423.00
2408.00
2404.00
2429.00
2462.00
2488.00
2537.00
2579.00
2593.00
2599.00
2617.00
2606.00
2595.00
2581.00
2580.00
2566.00
2554.00
2533.00
2493.00
2454.00
2419.00
2383.00
2351.00
2325.00
2296.00
2268.00
2245.00
2233.00
2224.00
2218.00
2243.00
2246.00
2242.00
2250.00
2244.00
2209.00
2196.00
2182.00
2178.00
2190.00
2203.00
2223.00
2245.00
2258.00
2265.00
2268.00
2271.00
2280.00
2291.00
2307.00
2320.00
2327.00
2333.00
2339.00
2342.00
2392.00
2426.00
2443.00
2455.00
2474.00
2447.00
2437.00
2437.00
2452.00
2464.00
2459.00
2441.00
2428.00
2401.00
2372.00
2335.00
2316.00
2286.00
2259.00
2231.00
2221.00
2202.00
2196.00
2193.00
2185.00
2193.00
2217.00
2233.00
2252.00
2267.00
2285.00
2290.00
2438.00
2625.00
2832.00
2995.00
3125.00
3121.00
3069.00
3013.00
3173.00
3342.00
3502.00
3643.00
3732.00
3608.00
