23850.00
24130.00
24390.00
24560.00
24560.00
24450.00
24240.00
24080.00
23990.00
23880.00
23850.00
23940.00
23900.00
24030.00
24270.00
24440.00
24530.00
24930.00
25250.00
25410.00
25620.00
25940.00
26070.00
26090.00
26410.00
26710.00
26910.00
27290.00
27590.00
27570.00
27680.00
27720.00
27670.00
27690.00
27720.00
27710.00
27820.00
27790.00
27560.00
27370.00
27140.00
26880.00
26800.00
26970.00
27150.00
27390.00
27400.00
27300.00
26890.00
26500.00
25910.00
25460.00
25090.00
24900.00
24760.00
24880.00
25050.00
25340.00
25710.00
26010.00
26160.00
26250.00
26300.00
26320.00
26600.00
26850.00
27080.00
27110.00
27040.00
26780.00
26550.00
26300.00
25980.00
25830.00
25740.00
25840.00
25820.00
25800.00
25700.00
25470.00
25200.00
25030.00
24890.00
24810.00
24830.00
24710.00
24640.00
24650.00
24620.00
24490.00
24330.00
24260.00
24230.00
24190.00
24200.00
24080.00
23850.00
23530.00
23170.00
22760.00
22630.00
22800.00
23090.00
23590.00
24150.00
24300.00
24680.00
25080.00
25320.00
25550.00
26090.00
26210.00
26380.00
26430.00
26520.00
26670.00
26660.00
