15610.00
15560.00
15630.00
15580.00
15550.00
15500.00
15380.00
15380.00
15400.00
15380.00
15400.00
15420.00
15640.00
15850.00
16160.00
16430.00
16760.00
16830.00
16950.00
17010.00
17120.00
17330.00
17430.00
17550.00
17700.00
17790.00
17770.00
17820.00
17830.00
17740.00
17640.00
17480.00
17400.00
17410.00
17490.00
17800.00
18190.00
18500.00
18700.00
18830.00
18630.00
18540.00
18430.00
18490.00
18430.00
18440.00
18170.00
17920.00
17510.00
17280.00
17020.00
16860.00
16780.00
16640.00
16450.00
16360.00
16300.00
16200.00
16220.00
16250.00
16250.00
16220.00
16210.00
16260.00
16350.00
16540.00
16670.00
16780.00
16790.00
16850.00
16840.00
16910.00
16930.00
17620.00
18070.00
19660.00
21880.00
24120.00
25250.00
26460.00
26320.00
25480.00
24450.00
23680.00
23080.00
22700.00
21980.00
21320.00
20820.00
20330.00
20070.00
20040.00
19900.00
19740.00
19590.00
18950.00
18370.00
18080.00
17940.00
17790.00
17810.00
17950.00
18050.00
18090.00
18010.00
18060.00
19190.00
19980.00
20490.00
20890.00
21470.00
21040.00
20890.00
20790.00
21290.00
21290.00
21130.00
