1620.00
1659.00
1684.00
1698.00
1709.00
1711.00
1705.00
1707.00
1716.00
1721.00
1730.00
1745.00
1758.00
1764.00
1770.00
1766.00
1763.00
1799.00
1833.00
1873.00
1925.00
1974.00
1967.00
1958.00
1942.00
1928.00
1910.00
1930.00
1949.00
1965.00
1975.00
1982.00
1972.00
1969.00
1933.00
1914.00
1895.00
1876.00
1835.00
1837.00
1831.00
1823.00
1810.00
1817.00
1813.00
1799.00
1786.00
1780.00
1758.00
1770.00
1789.00
1802.00
1817.00
1840.00
1846.00
1856.00
1871.00
1884.00
1902.00
1914.00
1911.00
1914.00
1912.00
1922.00
1931.00
1941.00
1939.00
1938.00
1931.00
1930.00
1925.00
1933.00
1949.00
1962.00
1957.00
1962.00
1958.00
1954.00
1951.00
1944.00
1936.00
1919.00
1879.00
1840.00
1816.00
1806.00
1823.00
1854.00
1875.00
1887.00
1896.00
1870.00
1835.00
1807.00
1795.00
1765.00
1754.00
1753.00
1747.00
1728.00
1722.00
1716.00
1714.00
1724.00
1735.00
1744.00
1757.00
1779.00
1800.00
1819.00
1836.00
1843.00
1844.00
1833.00
1818.00
1807.00
1811.00
