25560.00
25570.00
25680.00
25310.00
25300.00
25280.00
25250.00
25190.00
25090.00
24840.00
24750.00
24560.00
24440.00
24460.00
24490.00
24510.00
24700.00
25090.00
25410.00
25680.00
25870.00
26020.00
25840.00
25680.00
25620.00
25570.00
25490.00
25530.00
25640.00
25680.00
25730.00
25740.00
25750.00
25670.00
25620.00
25700.00
25950.00
26230.00
26320.00
26460.00
26570.00
26560.00
26560.00
27180.00
27540.00
27840.00
27930.00
27930.00
27470.00
27100.00
26470.00
26080.00
25630.00
25010.00
24500.00
24330.00
24110.00
24000.00
24120.00
24310.00
24430.00
24550.00
24710.00
25010.00
25190.00
25290.00
25320.00
25300.00
25100.00
25010.00
24990.00
25070.00
25120.00
25100.00
25040.00
24950.00
24890.00
24940.00
25060.00
25020.00
25140.00
25220.00
25090.00
24760.00
24670.00
24480.00
24290.00
24220.00
24350.00
24330.00
24200.00
23770.00
23360.00
22950.00
22480.00
22050.00
21800.00
21570.00
21290.00
21000.00
20790.00
20800.00
20860.00
21050.00
21420.00
21780.00
22160.00
22290.00
22360.00
22430.00
22530.00
22490.00
22560.00
22600.00
22570.00
22400.00
22240.00
