3060.00
3084.00
3116.00
3163.00
3208.00
3233.00
3268.00
3360.00
3437.00
3509.00
3575.00
3635.00
3635.00
3645.00
3640.00
3628.00
3618.00
3600.00
3583.00
3589.00
3610.00
3635.00
3680.00
3724.00
3747.00
3756.00
3746.00
3721.00
3703.00
3668.00
3643.00
3610.00
3592.00
3567.00
3528.00
3471.00
3427.00
3380.00
3313.00
3267.00
3232.00
3214.00
3172.00
3157.00
3144.00
3152.00
3142.00
3137.00
3123.00
3120.00
3107.00
3096.00
3097.00
3090.00
3107.00
3121.00
3141.00
3170.00
3203.00
3211.00
3224.00
3224.00
3222.00
3227.00
3224.00
3233.00
3245.00
3253.00
3248.00
3233.00
3207.00
3190.00
3172.00
3164.00
3167.00
3167.00
3163.00
3162.00
3154.00
3138.00
3119.00
3084.00
3047.00
3005.00
2981.00
2966.00
2953.00
2931.00
2927.00
2915.00
2901.00
2900.00
2898.00
2889.00
2881.00
2866.00
2846.00
2844.00
2839.00
2842.00
2851.00
2866.00
2877.00
2900.00
2924.00
2943.00
2964.00
3011.00
3052.00
3084.00
3115.00
3144.00
3127.00
3096.00
3066.00
3036.00
3010.00
