1222.61
1214.08
1222.16
1227.55
1232.94
1236.08
1241.47
1240.12
1246.86
1260.33
1274.25
1272.90
1276.04
1272.90
1272.00
1269.31
1276.94
1292.65
1302.53
1297.59
1300.29
1300.73
1282.77
1269.30
1258.98
1234.73
1215.43
1198.81
1192.53
1189.83
1195.22
1195.22
1197.92
1200.16
1197.47
1210.04
1228.00
1242.82
1246.86
1255.39
1248.20
1242.36
1249.10
1266.16
1271.10
1278.73
1278.29
1241.92
1201.96
1164.24
1128.32
1098.24
1089.71
1079.38
1076.23
1078.03
1077.58
1081.17
1087.46
1094.64
1098.24
1100.03
1109.01
1118.89
1129.67
1140.44
1147.63
1148.97
1144.93
1142.69
1144.48
1148.52
1183.10
1198.36
1225.30
1245.51
1259.88
1256.73
1277.39
1282.78
1284.57
1304.33
1324.08
1322.74
1324.08
1324.08
1311.51
1285.02
1275.59
1272.45
1273.80
1274.25
1266.61
1262.57
1248.20
1223.96
1197.46
1189.38
1178.16
1171.42
1181.75
1198.81
1205.10
1217.22
1226.20
1227.55
1224.85
1214.97
1201.50
1189.83
1190.28
1187.59
1191.18
1195.22
1199.71
1190.73
1181.30
