4242.00
4264.00
4305.00
4322.00
4336.00
4350.00
4336.00
4327.00
4326.00
4331.00
4342.00
4362.00
4399.00
4417.00
4442.00
4452.00
4457.00
4461.00
4472.00
4474.00
4506.00
4579.00
4616.00
4656.00
4683.00
4678.00
4651.00
4637.00
4624.00
4619.00
4610.00
4583.00
4564.00
4547.00
4527.00
4574.00
4627.00
4688.00
4715.00
4738.00
4702.00
4713.00
4722.00
4761.00
4790.00
4821.00
4792.00
4742.00
4677.00
4639.00
4579.00
4536.00
4772.00
4995.00
5163.00
5366.00
5556.00
5478.00
5430.00
5442.00
5428.00
5378.00
5344.00
5336.00
5304.00
5274.00
5316.00
5358.00
5338.00
5340.00
5340.00
5300.00
5264.00
5216.00
5152.00
5126.00
5118.00
5096.00
5140.00
5180.00
5186.00
5170.00
5130.00
5035.00
4968.00
4950.00
4954.00
4941.00
4973.00
4982.00
4961.00
4985.00
4970.00
4888.00
4830.00
4739.00
4580.00
4504.00
4491.00
4467.00
4480.00
4516.00
4553.00
4595.00
4634.00
4679.00
4676.00
4654.00
4621.00
4597.00
4568.00
4576.00
4585.00
4582.00
4562.00
4532.00
4510.00
