2119.00
2145.00
2153.00
2156.00
2177.00
2204.00
2221.00
2235.00
2254.00
2262.00
2267.00
2272.00
2279.00
2287.00
2291.00
2295.00
2292.00
2295.00
2289.00
2283.00
2294.00
2323.00
2342.00
2366.00
2392.00
2400.00
2399.00
2403.00
2401.00
2398.00
2396.00
2395.00
2388.00
2388.00
2366.00
2389.00
2415.00
2439.00
2446.00
2467.00
2440.00
2411.00
2389.00
2399.00
2401.00
2414.00
2419.00
2427.00
2415.00
2416.00
2397.00
2386.00
2361.00
2317.00
2281.00
2283.00
2279.00
2287.00
2314.00
2336.00
2332.00
2331.00
2347.00
2363.00
2380.00
2398.00
2437.00
2455.00
2467.00
2475.00
2498.00
2491.00
2473.00
2472.00
2457.00
2434.00
2425.00
2447.00
2457.00
2476.00
2489.00
2475.00
2444.00
2399.00
2360.00
2344.00
2343.00
2334.00
2343.00
2354.00
2351.00
2350.00
2346.00
2339.00
2339.00
2325.00
2315.00
2329.00
2339.00
2354.00
2377.00
2402.00
2431.00
2457.00
2470.00
2484.00
2500.00
2492.00
2478.00
2463.00
2454.00
2432.00
2409.00
2392.00
2374.00
2341.00
2309.00
