1901.41
1893.65
1889.77
1894.62
1898.50
1904.32
1914.02
1921.78
1937.30
1954.76
1978.04
2002.30
2033.34
2074.09
2102.22
2117.74
2126.47
2130.35
2120.65
2120.65
2128.41
2143.93
2153.63
2167.21
2178.86
2182.74
2184.68
2187.59
2185.65
2203.11
2220.57
2245.80
2274.90
2348.63
2381.61
2429.14
2454.37
2473.77
2427.20
2421.38
2406.83
2402.95
2398.10
2409.74
2401.98
2394.22
2393.25
2398.10
2427.20
2441.75
2442.72
2433.02
2424.29
2387.43
2366.09
2358.33
2353.47
2348.62
2354.45
2392.28
2438.84
2466.01
2515.48
2617.34
2677.49
2719.20
2756.07
2787.11
2751.22
2727.93
2714.35
2714.35
2696.89
2680.40
2661.97
2649.36
2652.27
2657.12
2667.79
2676.52
2672.64
2639.66
2611.52
2581.45
2561.08
2556.23
2565.93
2569.81
2574.66
2574.66
2563.99
2558.17
2532.95
2505.78
2494.14
2470.86
2450.49
2451.46
2456.31
2456.31
2475.71
2489.29
2500.93
2522.27
2545.56
2547.50
2560.11
2569.81
2563.02
2543.62
2540.71
2531.00
2512.57
2494.14
2471.83
2442.72
2422.35
