1308.00
1318.00
1326.00
1340.00
1352.00
1359.00
1377.00
1394.00
1404.00
1417.00
1422.00
1418.00
1418.00
1420.00
1421.00
1431.00
1435.00
1437.00
1440.00
1447.00
1459.00
1472.00
1485.00
1493.00
1503.00
1504.00
1511.00
1515.00
1524.00
1525.00
1523.00
1524.00
1527.00
1526.00
1516.00
1526.00
1527.00
1557.00
1585.00
1630.00
1672.00
1717.00
1729.00
1753.00
1782.00
1807.00
1835.00
1870.00
1883.00
1907.00
1925.00
1948.00
2003.00
2047.00
2056.00
2061.00
2078.00
2049.00
2036.00
2034.00
2027.00
2005.00
1987.00
1990.00
1997.00
2003.00
1996.00
2000.00
1977.00
1949.00
1928.00
1926.00
1916.00
1919.00
1925.00
1943.00
1944.00
1956.00
1962.00
1969.00
1975.00
1986.00
2022.00
2056.00
2095.00
2092.00
2124.00
2138.00
2276.00
2382.00
2524.00
2642.00
2695.00
2631.00
2605.00
2549.00
2487.00
2469.00
2457.00
2432.00
2433.00
2448.00
2483.00
2505.00
2498.00
2495.00
2440.00
2379.00
2317.00
2279.00
2239.00
2213.00
2186.00
2152.00
2118.00
2073.00
2067.00
