1331.00
1353.00
1370.00
1390.00
1397.00
1403.00
1404.00
1408.00
1410.00
1426.00
1450.00
1467.00
1481.00
1489.00
1483.00
1466.00
1457.00
1438.00
1426.00
1419.00
1412.00
1400.00
1403.00
1404.00
1403.00
1400.00
1399.00
1398.00
1395.00
1393.00
1400.00
1420.00
1428.00
1440.00
1432.00
1432.00
1412.00
1395.00
1376.00
1375.00
1359.00
1351.00
1345.00
1341.00
1344.00
1349.00
1349.00
1353.00
1354.00
1351.00
1344.00
1341.00
1339.00
1335.00
1336.00
1343.00
1348.00
1352.00
1359.00
1357.00
1351.00
1344.00
1339.00
1336.00
1339.00
1343.00
1354.00
1364.00
1368.00
1371.00
1374.00
1376.00
1374.00
1373.00
1373.00
1373.00
1370.00
1372.00
1372.00
1372.00
1372.00
1363.00
1349.00
1336.00
1320.00
1304.00
1297.00
1289.00
1289.00
1291.00
1296.00
1299.00
1307.00
1305.00
1302.00
1294.00
1288.00
1287.00
1290.00
1293.00
1297.00
1301.00
1297.00
1300.00
1309.00
1320.00
1331.00
1344.00
1351.00
1350.00
1348.00
1345.00
1369.00
1401.00
1427.00
1442.00
1458.00
