1541.22
1580.14
1604.99
1649.71
1689.46
1730.87
1772.28
1816.17
1840.19
1850.95
1849.30
1852.61
1864.21
1882.43
1906.44
1913.90
1909.75
1891.53
1886.56
1882.42
1900.64
1898.16
1932.94
1940.40
1939.57
1932.12
1937.08
1913.89
1884.91
1855.92
1850.95
1833.56
1816.17
1812.03
1782.22
1730.87
1687.80
1642.25
1590.08
1579.31
1567.72
1558.61
1552.81
1558.61
1538.74
1534.60
1531.28
1522.17
1498.16
1494.01
1470.00
1442.67
1422.79
1407.06
1402.92
1410.37
1418.65
1426.93
1443.49
1452.60
1464.20
1472.48
1479.11
1490.70
1493.19
1489.87
1483.25
1476.62
1463.37
1456.75
1451.78
1452.60
1450.12
1446.81
1441.01
1436.04
1427.76
1430.25
1437.70
1435.22
1441.84
1440.18
1419.48
1384.70
1363.99
1341.63
1353.23
1376.42
1412.03
1437.70
1455.92
1451.78
1446.81
1448.46
1452.61
1454.26
1450.12
1445.15
1425.28
1409.54
1402.09
1401.26
1409.54
1449.30
1481.59
1509.75
1534.59
1542.87
1526.31
1524.65
1522.17
1518.86
1532.94
1543.70
1539.56
1534.60
1527.97
