2728.00
2709.00
2701.00
2721.00
2729.00
2745.00
2758.00
2779.00
2806.00
2848.00
2871.00
2893.00
2911.00
2915.00
2902.00
2896.00
2887.00
2880.00
2875.00
2880.00
2883.00
2894.00
2892.00
2887.00
2872.00
2863.00
2854.00
2852.00
2856.00
2864.00
2867.00
2865.00
2868.00
2873.00
2865.00
2866.00
2864.00
2861.00
2855.00
2856.00
2852.00
2847.00
2841.00
2834.00
2841.00
2853.00
2867.00
2878.00
2897.00
2897.00
2886.00
2882.00
2882.00
2873.00
2867.00
2869.00
2869.00
2860.00
2848.00
2847.00
2845.00
2841.00
2846.00
2856.00
2863.00
2869.00
2872.00
2877.00
2881.00
2885.00
2887.00
2892.00
2907.00
2914.00
2917.00
2930.00
2932.00
2923.00
2922.00
2926.00
2923.00
2918.00
2914.00
2904.00
2889.00
2871.00
2905.00
2932.00
2966.00
3001.00
3042.00
3029.00
3006.00
2988.00
2985.00
2966.00
2960.00
2969.00
2973.00
2979.00
2997.00
3026.00
3067.00
3111.00
3126.00
3134.00
3164.00
3190.00
3193.00
3211.00
3239.00
3226.00
3199.00
3197.00
3192.00
3184.00
3152.00
