17380.00
17520.00
17730.00
17840.00
17840.00
17820.00
17800.00
17760.00
17840.00
17880.00
17930.00
17830.00
17830.00
17710.00
17710.00
17750.00
17800.00
17900.00
18130.00
18580.00
18970.00
19440.00
19800.00
20040.00
20050.00
20060.00
19970.00
19950.00
19900.00
19810.00
19710.00
19750.00
19750.00
19790.00
19870.00
19920.00
19890.00
19890.00
19770.00
19640.00
19550.00
19620.00
19720.00
19960.00
20210.00
20420.00
20450.00
20450.00
20360.00
20270.00
20240.00
20290.00
20200.00
20170.00
20110.00
20030.00
20070.00
20150.00
20150.00
20110.00
20110.00
19960.00
19900.00
19970.00
20100.00
20270.00
20440.00
20570.00
20570.00
20630.00
20770.00
20880.00
20980.00
21060.00
21110.00
21160.00
21230.00
21240.00
21420.00
21520.00
21430.00
21300.00
21040.00
20370.00
19880.00
19440.00
18880.00
18430.00
18280.00
18060.00
17820.00
17730.00
17640.00
17580.00
17650.00
17560.00
17470.00
17610.00
17760.00
17710.00
17740.00
17900.00
17910.00
17910.00
17940.00
18100.00
18040.00
17820.00
17620.00
17400.00
17230.00
17050.00
17100.00
17120.00
17150.00
17050.00
17080.00
