5532.00
5480.00
5464.00
5464.00
5488.00
5522.00
5550.00
5574.00
5598.00
5598.00
5600.00
5600.00
5600.00
5604.00
5604.00
5602.00
5602.00
5596.00
5594.00
5628.00
5674.00
5698.00
5722.00
5744.00
5736.00
5708.00
5710.00
5720.00
5720.00
5728.00
5752.00
5768.00
5776.00
5780.00
5746.00
5724.00
5694.00
5654.00
5616.00
5574.00
5500.00
5440.00
5396.00
5352.00
5334.00
5330.00
5322.00
5314.00
5302.00
5290.00
5264.00
5214.00
5166.00
5120.00
5084.00
5064.00
5068.00
5070.00
5090.00
5114.00
5138.00
5156.00
5174.00
5176.00
5174.00
5170.00
5158.00
5150.00
5140.00
5128.00
5122.00
5124.00
5116.00
5118.00
5116.00
5106.00
5100.00
5100.00
5098.00
5090.00
5078.00
5053.00
5032.00
5000.00
4981.00
4968.00
4973.00
4978.00
4988.00
4981.00
4983.00
4976.00
4971.00
4973.00
4991.00
4996.00
5002.00
4998.00
4993.00
4986.00
4984.00
4987.00
4998.00
5025.00
5056.00
5084.00
5114.00
5156.00
5204.00
5212.00
5212.00
5208.00
5190.00
5150.00
5144.00
5138.00
5134.00
