47330.00
47470.00
47880.00
48480.00
48420.00
48820.00
49440.00
49690.00
50150.00
51000.00
51300.00
51060.00
51300.00
51640.00
51680.00
51840.00
52240.00
52480.00
52360.00
52700.00
53380.00
53680.00
53740.00
53860.00
53960.00
53800.00
53980.00
54400.00
54720.00
54780.00
54720.00
54680.00
54580.00
54480.00
54020.00
53200.00
52340.00
51720.00
51100.00
50640.00
50760.00
50960.00
50900.00
50900.00
50980.00
51040.00
50980.00
50980.00
50900.00
50900.00
50760.00
50740.00
50800.00
50840.00
51120.00
51380.00
51560.00
51680.00
51920.00
52020.00
52620.00
53520.00
54400.00
55220.00
55800.00
55900.00
55820.00
55920.00
55740.00
55700.00
55820.00
55840.00
55640.00
55740.00
55780.00
55780.00
55780.00
55720.00
55560.00
55340.00
55220.00
54660.00
54120.00
53480.00
53160.00
52820.00
53080.00
53760.00
54860.00
55540.00
55800.00
56140.00
55900.00
55320.00
55080.00
54980.00
54560.00
54260.00
54380.00
54180.00
54240.00
54400.00
54680.00
54720.00
54940.00
55160.00
55060.00
55200.00
55140.00
55380.00
55560.00
56240.00
56900.00
57520.00
57860.00
58160.00
58040.00
