23038.08
22914.28
22838.08
22638.08
22495.22
22399.98
22228.56
22123.80
22066.66
21990.48
21914.28
21828.56
21809.52
21790.48
21790.48
21733.34
21723.82
21809.54
21761.92
21838.10
22104.78
22361.92
22466.68
22780.96
23047.64
23133.34
23200.00
23285.70
23009.52
22685.70
22361.90
22000.00
21676.20
21590.48
21561.92
21647.64
21742.88
21771.44
21771.44
21714.30
21561.92
21495.24
21476.20
21533.34
21561.90
21571.42
21533.34
21419.06
21161.92
20961.92
20685.72
20390.48
20133.34
19828.58
19361.92
18942.88
18466.68
18076.20
17838.10
17666.66
17504.76
17428.58
17333.34
17266.68
17257.16
17409.54
17504.78
17552.40
17514.30
17523.82
17447.62
17380.94
17342.84
17380.94
17390.48
17409.52
17438.10
17485.72
17523.80
17504.74
17409.52
17152.38
16923.82
16495.26
16200.02
16142.86
16200.00
16304.76
16514.28
16638.10
16523.82
16466.68
16295.24
16171.44
16095.24
15952.38
16009.52
16314.28
16657.12
17009.50
17495.22
17914.26
18219.02
18571.42
18885.72
19190.48
19333.34
19257.16
19076.20
18895.24
18609.52
18409.52
18257.14
17971.42
17676.18
17400.00
17076.20
