7222.00
7296.00
7344.00
7476.00
7626.00
7754.00
7902.00
8018.00
8098.00
8176.00
8220.00
8260.00
8322.00
8360.00
8318.00
8274.00
8214.00
8194.00
8166.00
8210.00
8286.00
8296.00
8286.00
8286.00
8262.00
8212.00
8188.00
8144.00
8082.00
8046.00
8010.00
8004.00
8060.00
8128.00
8132.00
8178.00
8280.00
8322.00
8328.00
8362.00
8382.00
8384.00
8476.00
8762.00
9264.00
9856.00
10326.00
10674.00
10890.00
10850.00
10690.00
10640.00
10630.00
10570.00
10470.00
10380.00
10340.00
10320.00
10330.00
10350.00
10390.00
10300.00
10220.00
10210.00
10330.00
10440.00
10700.00
11060.00
11210.00
11340.00
11400.00
11300.00
11020.00
10850.00
10890.00
11120.00
11410.00
11690.00
11880.00
11730.00
11430.00
11090.00
10700.00
10352.00
10120.00
10000.00
9796.00
9742.00
9652.00
9538.00
9398.00
9342.00
9220.00
9250.00
9158.00
8962.00
8874.00
8928.00
8934.00
9040.00
9278.00
9438.00
9580.00
9832.00
10144.00
10342.00
10510.00
10470.00
10350.00
10310.00
10340.00
10380.00
10490.00
10540.00
10480.00
10400.00
10320.00
