5596.00
5790.00
5900.00
6122.00
6346.00
6530.00
6712.00
7148.00
7426.00
7618.00
7818.00
8036.00
8008.00
8020.00
8026.00
7954.00
7840.00
7742.00
7688.00
7684.00
7762.00
7806.00
7808.00
7790.00
7698.00
7574.00
7496.00
7428.00
7328.00
7256.00
7218.00
7162.00
7132.00
7120.00
6932.00
6674.00
6460.00
6206.00
5916.00
5836.00
5804.00
5752.00
5688.00
5680.00
5610.00
5602.00
5592.00
5590.00
5532.00
5534.00
5460.00
5386.00
5336.00
5318.00
5342.00
5414.00
5462.00
5546.00
5612.00
5658.00
5660.00
5682.00
5664.00
5692.00
5676.00
5668.00
5636.00
5600.00
5520.00
5460.00
5406.00
5350.00
5280.00
5208.00
5180.00
5112.00
5049.00
5014.00
5000.00
4940.00
4920.00
4880.00
4841.00
4805.00
4824.00
4844.00
4887.00
4963.00
5029.00
5056.00
5154.00
5270.00
5272.00
5247.00
5223.00
5141.00
5091.00
5149.00
5236.00
5294.00
5340.00
5340.00
5352.00
5382.00
5420.00
5480.00
5534.00
5546.00
5542.00
5592.00
5596.00
5596.00
5614.00
5604.00
5540.00
5470.00
5410.00
