96260.00
96420.00
96660.00
97160.00
97480.00
97920.00
98200.00
98220.00
97800.00
97340.00
96780.00
96160.00
95920.00
95940.00
95940.00
95980.00
96180.00
96320.00
96380.00
96400.00
96440.00
96560.00
96680.00
96800.00
96980.00
97300.00
97600.00
97840.00
98280.00
98660.00
98880.00
99000.00
98900.00
98780.00
98760.00
98740.00
98540.00
98540.00
98420.00
98180.00
97840.00
97780.00
97660.00
97520.00
97340.00
97540.00
97860.00
98320.00
99060.00
99660.00
99760.00
99660.00
99700.00
99460.00
99300.00
99180.00
99020.00
98640.00
98200.00
97840.00
97760.00
97660.00
97600.00
97920.00
98940.00
100580.00
101680.00
102740.00
103200.00
103000.00
102300.00
102300.00
102400.00
102900.00
103000.00
103100.00
103200.00
103300.00
103000.00
103000.00
102900.00
102300.00
101500.00
100540.00
99840.00
99240.00
98660.00
97780.00
97100.00
96220.00
95180.00
94340.00
93940.00
93680.00
93500.00
92980.00
92680.00
92300.00
92300.00
92180.00
93160.00
94000.00
95100.00
95740.00
96520.00
96440.00
96380.00
96120.00
96060.00
95960.00
95680.00
95520.00
95460.00
95340.00
95020.00
95080.00
95160.00
