34150.00
34180.00
34430.00
34750.00
35010.00
35140.00
35190.00
35120.00
34960.00
34930.00
35030.00
35500.00
36080.00
36840.00
37340.00
37660.00
37650.00
37630.00
37480.00
37370.00
37190.00
37100.00
37010.00
36940.00
36990.00
37390.00
37700.00
38040.00
38490.00
38860.00
38840.00
39030.00
39220.00
39140.00
38790.00
38710.00
38470.00
38040.00
37790.00
37780.00
37500.00
37130.00
37010.00
36910.00
36920.00
37230.00
37550.00
37630.00
37480.00
37300.00
36710.00
36330.00
35960.00
35530.00
35170.00
35180.00
35050.00
35100.00
35510.00
35740.00
35920.00
36400.00
36700.00
36900.00
37390.00
37840.00
37810.00
37930.00
37810.00
37660.00
37500.00
37500.00
37350.00
37220.00
36930.00
36670.00
36310.00
36090.00
36070.00
35860.00
35490.00
35100.00
34630.00
33770.00
33190.00
32870.00
32620.00
32380.00
32450.00
32370.00
32140.00
31620.00
31040.00
30390.00
29930.00
29370.00
29120.00
29060.00
29160.00
29120.00
29230.00
29520.00
29630.00
29750.00
29870.00
29940.00
29920.00
30010.00
30030.00
30170.00
30320.00
30300.00
30220.00
30180.00
29970.00
29820.00
29580.00
