3103.00
3125.00
3155.00
3171.00
3166.00
3181.00
3208.00
3240.00
3270.00
3301.00
3307.00
3296.00
3317.00
3337.00
3360.00
3387.00
3408.00
3405.00
3403.00
3414.00
3415.00
3414.00
3401.00
3395.00
3389.00
3378.00
3374.00
3369.00
3359.00
3345.00
3346.00
3351.00
3361.00
3378.00
3363.00
3362.00
3349.00
3333.00
3295.00
3273.00
3238.00
3217.00
3191.00
3188.00
3204.00
3219.00
3225.00
3231.00
3226.00
3208.00
3170.00
3140.00
3115.00
3085.00
3068.00
3090.00
3110.00
3141.00
3175.00
3209.00
3227.00
3243.00
3246.00
3252.00
3249.00
3299.00
3342.00
3388.00
3415.00
3439.00
3411.00
3383.00
3346.00
3333.00
3316.00
3313.00
3311.00
3316.00
3315.00
3310.00
3297.00
3274.00
3248.00
3211.00
3190.00
3172.00
3161.00
3151.00
3144.00
3139.00
3121.00
3120.00
3113.00
3108.00
3090.00
3076.00
3053.00
3038.00
3035.00
3045.00
3071.00
3094.00
3110.00
3125.00
3133.00
3131.00
3132.00
3143.00
3148.00
3153.00
3157.00
3170.00
3192.00
3213.00
3233.00
3255.00
3261.00
