6012.00
6004.00
6000.00
6038.00
6080.00
6082.00
6136.00
6156.00
6188.00
6210.00
6264.00
6282.00
6380.00
6444.00
6494.00
6518.00
6562.00
6562.00
6614.00
6704.00
6790.00
6838.00
6882.00
6914.00
6912.00
6916.00
6936.00
6958.00
6952.00
6928.00
6912.00
6854.00
6810.00
6762.00
6664.00
6560.00
6490.00
6420.00
6318.00
6296.00
6270.00
6246.00
6198.00
6152.00
6112.00
6084.00
6050.00
6034.00
6030.00
6000.00
5972.00
5958.00
5954.00
6040.00
6144.00
6234.00
6278.00
6334.00
6284.00
6268.00
6254.00
6270.00
6282.00
6320.00
6318.00
6300.00
6284.00
6246.00
6204.00
6158.00
6138.00
6116.00
6080.00
6014.00
5948.00
5902.00
5836.00
5808.00
5818.00
5862.00
5918.00
5964.00
5944.00
5906.00
5846.00
5756.00
5706.00
5724.00
5756.00
5764.00
5760.00
5758.00
5732.00
5702.00
5732.00
5778.00
5848.00
5912.00
5988.00
6038.00
6070.00
6068.00
6076.00
6120.00
6178.00
6242.00
6302.00
6352.00
6352.00
6338.00
6328.00
6298.00
6318.00
6346.00
6370.00
6368.00
6382.00
