10860.00
10890.00
10970.00
11030.00
11040.00
11130.00
11200.00
11250.00
11330.00
11390.00
11390.00
11380.00
11450.00
11500.00
11540.00
11560.00
11560.00
11540.00
11530.00
11600.00
11660.00
11700.00
11700.00
11670.00
11590.00
11530.00
11490.00
11450.00
11430.00
11420.00
11420.00
11440.00
11470.00
11490.00
11420.00
11420.00
11390.00
11360.00
11320.00
11350.00
11290.00
11270.00
11220.00
11200.00
11230.00
11300.00
11320.00
11340.00
11360.00
11320.00
11240.00
11170.00
11150.00
11060.00
11020.00
11060.00
11100.00
11150.00
11250.00
11370.00
11440.00
11520.00
11570.00
11630.00
11660.00
11750.00
11850.00
11920.00
12000.00
12070.00
12080.00
12080.00
12110.00
12120.00
12110.00
12180.00
12310.00
12580.00
12870.00
13150.00
13330.00
13440.00
13370.00
13210.00
13080.00
12940.00
12830.00
12730.00
12740.00
12790.00
12910.00
13060.00
13210.00
13280.00
13350.00
13360.00
13340.00
13320.00
13380.00
13390.00
13450.00
13510.00
13600.00
13670.00
13650.00
13580.00
13520.00
13420.00
13300.00
13340.00
13400.00
13460.00
13600.00
13740.00
13860.00
13970.00
14000.00
