6052.00
6000.00
6018.00
6060.00
6114.00
6210.00
6392.00
6440.00
6472.00
6514.00
6518.00
6406.00
6414.00
6398.00
6432.00
6442.00
6484.00
6496.00
6506.00
6508.00
6670.00
6788.00
6850.00
6930.00
6942.00
6850.00
6852.00
6892.00
6948.00
6970.00
6984.00
6912.00
6778.00
6658.00
6570.00
6476.00
6434.00
6430.00
6354.00
6256.00
6180.00
6138.00
6114.00
6158.00
6250.00
6342.00
6342.00
6330.00
6258.00
6204.00
6098.00
6028.00
6018.00
6034.00
6034.00
6118.00
6196.00
6270.00
6368.00
6448.00
6512.00
6560.00
6618.00
6664.00
6730.00
6766.00
6826.00
6804.00
6696.00
6598.00
6484.00
6352.00
6280.00
6262.00
6196.00
6140.00
6154.00
6154.00
6164.00
6182.00
6206.00
6150.00
6118.00
6072.00
6048.00
6030.00
6016.00
5950.00
5834.00
5722.00
5602.00
5544.00
5470.00
5456.00
5422.00
5360.00
5244.00
5164.00
5068.00
5013.00
4983.00
5015.00
5173.00
5351.00
5488.00
5646.00
5748.00
5712.00
5708.00
5728.00
5732.00
5714.00
5670.00
5592.00
5496.00
5086.00
4726.00
