7054.00
7070.00
7124.00
7148.00
7218.00
7286.00
7330.00
7354.00
7414.00
7396.00
7360.00
7340.00
7356.00
7344.00
7286.00
7240.00
7144.00
7130.00
7150.00
7200.00
7264.00
7366.00
7368.00
7332.00
7322.00
7284.00
7232.00
7184.00
7136.00
7098.00
7074.00
7068.00
7060.00
7072.00
7072.00
7134.00
7178.00
7262.00
7348.00
7430.00
7462.00
7528.00
7554.00
7562.00
7578.00
7572.00
7550.00
7524.00
7510.00
7500.00
7470.00
7450.00
7434.00
7406.00
7372.00
7364.00
7344.00
7318.00
7294.00
7286.00
7276.00
7320.00
7392.00
7484.00
7544.00
7592.00
7574.00
7534.00
7468.00
7446.00
7422.00
7438.00
7436.00
7524.00
7506.00
7540.00
7578.00
7624.00
7584.00
7630.00
7616.00
7560.00
7500.00
7440.00
7396.00
7410.00
7460.00
7504.00
7534.00
7510.00
7438.00
7334.00
7240.00
7168.00
7140.00
7122.00
7108.00
7082.00
7036.00
6972.00
6926.00
6910.00
6938.00
6996.00
7076.00
7124.00
7146.00
7150.00
7124.00
7092.00
7080.00
7074.00
7062.00
7058.00
7048.00
7054.00
7062.00
