68960.00
69400.00
69800.00
70060.00
70060.00
70940.00
71740.00
72540.00
73480.00
74520.00
74860.00
74980.00
75160.00
75480.00
75860.00
76060.00
76520.00
77000.00
77080.00
77120.00
77120.00
76760.00
76520.00
76240.00
76280.00
76240.00
76840.00
76800.00
76820.00
76420.00
76340.00
75640.00
75220.00
75060.00
74960.00
74820.00
74700.00
74820.00
74600.00
74240.00
74300.00
74540.00
74860.00
75140.00
76200.00
77080.00
77620.00
77880.00
78240.00
78200.00
77280.00
77000.00
77100.00
77100.00
76940.00
77480.00
77700.00
77820.00
77900.00
77880.00
77780.00
77860.00
77840.00
78040.00
77740.00
77500.00
77080.00
76320.00
75360.00
74920.00
74700.00
74460.00
74420.00
74500.00
74660.00
74620.00
74220.00
74460.00
74380.00
74240.00
74020.00
73800.00
73020.00
72540.00
72020.00
71740.00
71660.00
71540.00
71500.00
71660.00
71620.00
71500.00
71360.00
71360.00
71400.00
71280.00
71700.00
72220.00
72880.00
73180.00
73540.00
73800.00
74200.00
74900.00
75520.00
76320.00
76760.00
76800.00
76200.00
76140.00
76100.00
76080.00
76380.00
76760.00
76860.00
76980.00
77080.00
