5884.00
5922.00
5982.00
6016.00
6018.00
6026.00
5970.00
5916.00
5872.00
5846.00
5816.00
5806.00
5826.00
5854.00
5898.00
5934.00
5976.00
6090.00
6194.00
6256.00
6358.00
6474.00
6466.00
6482.00
6534.00
6538.00
6534.00
6566.00
6576.00
6576.00
6628.00
6626.00
6618.00
6618.00
6624.00
6702.00
6836.00
6974.00
7090.00
7182.00
7170.00
7180.00
7210.00
7244.00
7244.00
7296.00
7278.00
7248.00
7188.00
7150.00
7024.00
6946.00
6840.00
6764.00
6716.00
6742.00
6720.00
6724.00
6726.00
6730.00
6684.00
6644.00
6618.00
6612.00
6610.00
6622.00
6652.00
6644.00
6594.00
6544.00
6492.00
6444.00
6388.00
6374.00
6342.00
6352.00
6384.00
6440.00
6484.00
6542.00
6554.00
6518.00
6460.00
6358.00
6256.00
6196.00
6144.00
6094.00
6058.00
6020.00
5950.00
5874.00
5802.00
5770.00
5740.00
5672.00
5608.00
5572.00
5516.00
5468.00
5452.00
5468.00
5476.00
5506.00
5524.00
5550.00
5552.00
5520.00
5488.00
5472.00
5470.00
5454.00
5466.00
5452.00
5418.00
5344.00
5272.00
