823.60
826.40
828.80
833.00
835.60
838.20
838.60
837.20
834.80
834.80
834.40
833.80
834.60
836.60
836.40
835.40
833.00
831.80
830.40
828.60
828.20
828.00
827.60
826.00
823.00
821.00
820.00
818.40
817.80
817.00
815.80
814.80
814.20
813.40
813.80
817.20
819.20
820.00
816.80
811.80
800.80
794.80
791.00
793.00
795.60
802.00
805.00
804.20
805.40
805.20
804.20
802.00
803.60
800.60
803.80
807.20
810.00
811.60
813.60
811.40
807.80
805.80
806.20
807.40
809.80
819.80
833.00
851.80
870.60
891.20
905.20
922.20
932.80
941.20
947.00
952.60
952.60
957.80
966.00
980.80
998.20
1006.80
1002.20
993.40
979.80
964.00
954.00
980.40
997.80
1014.40
1031.20
1041.80
1022.80
1015.60
1004.00
989.20
979.40
978.00
976.80
980.20
989.00
1003.00
1007.40
1013.80
1042.00
1072.00
1095.00
1137.00
1179.00
1194.00
1202.00
1210.00
1205.00
1195.00
1189.00
1186.00
1186.00
