104600.00
104400.00
104200.00
104800.00
104700.00
104600.00
104500.00
104500.00
104300.00
104400.00
104300.00
104600.00
105200.00
106000.00
106400.00
107300.00
107800.00
108100.00
107900.00
108000.00
107800.00
107400.00
107500.00
108100.00
108700.00
109200.00
110100.00
110000.00
109500.00
108900.00
108900.00
108300.00
108000.00
108100.00
108300.00
108000.00
108000.00
108200.00
108300.00
108200.00
107900.00
108100.00
108100.00
107600.00
107300.00
107300.00
106900.00
106400.00
106500.00
106700.00
106500.00
106600.00
106800.00
106800.00
106700.00
106900.00
106900.00
106900.00
107000.00
107100.00
107400.00
107500.00
107700.00
108000.00
108300.00
108900.00
109700.00
110500.00
110700.00
111000.00
111200.00
111300.00
111200.00
111000.00
110500.00
109800.00
109500.00
109100.00
109300.00
109600.00
109700.00
109100.00
108700.00
108200.00
107900.00
107800.00
108100.00
108400.00
108900.00
109200.00
109200.00
109400.00
109200.00
108400.00
107700.00
106700.00
105600.00
105000.00
104900.00
104900.00
105500.00
105800.00
105900.00
105800.00
105900.00
105900.00
106000.00
106100.00
106300.00
106100.00
106200.00
106300.00
106300.00
106200.00
106300.00
106000.00
106000.00
