9968.00
9958.00
9980.00
9974.00
9906.00
9846.00
9778.00
9714.00
9656.00
9638.00
9622.00
9614.00
9616.00
9650.00
9678.00
9686.00
9746.00
9806.00
9848.00
9860.00
9894.00
9930.00
9936.00
9942.00
9998.00
10044.00
10064.00
10120.00
10140.00
10150.00
10160.00
10120.00
10066.00
10024.00
9994.00
10034.00
10164.00
10258.00
10340.00
10420.00
10430.00
10420.00
10520.00
10680.00
10780.00
10900.00
10950.00
10920.00
10890.00
11230.00
11440.00
11720.00
12070.00
12280.00
12160.00
12190.00
12200.00
12130.00
12190.00
12210.00
12280.00
12250.00
12260.00
12250.00
12310.00
12300.00
12500.00
12630.00
12700.00
12790.00
12880.00
12830.00
12880.00
13130.00
13270.00
13380.00
13410.00
13440.00
13340.00
13330.00
13270.00
13280.00
13190.00
13010.00
12840.00
12760.00
12700.00
12630.00
12580.00
12510.00
12440.00
12300.00
12200.00
12200.00
12180.00
12020.00
11910.00
11850.00
11760.00
11660.00
11710.00
11780.00
11790.00
11790.00
11790.00
11740.00
11720.00
11700.00
11630.00
11590.00
11590.00
11540.00
11620.00
11680.00
11690.00
11680.00
11690.00
