24210.00
24220.00
24120.00
23930.00
23720.00
23790.00
23720.00
23690.00
23770.00
24160.00
24400.00
24650.00
24960.00
25170.00
24990.00
24870.00
24680.00
24500.00
24350.00
24300.00
24180.00
23970.00
23690.00
23450.00
23180.00
23020.00
23010.00
23050.00
23070.00
23090.00
22910.00
22770.00
22570.00
22370.00
22140.00
22140.00
22040.00
21930.00
21750.00
21590.00
21430.00
21350.00
21360.00
21520.00
21660.00
21830.00
21750.00
21680.00
21470.00
21310.00
21010.00
20980.00
20990.00
21030.00
21040.00
21170.00
21320.00
21380.00
21460.00
21590.00
21710.00
21760.00
21830.00
21960.00
22060.00
22180.00
22340.00
22530.00
22620.00
22750.00
22820.00
22900.00
22880.00
22830.00
22770.00
22750.00
22700.00
22690.00
22730.00
22720.00
22700.00
22730.00
22800.00
22890.00
22950.00
22980.00
22880.00
22610.00
22190.00
21780.00
21330.00
20830.00
20320.00
19970.00
19710.00
19490.00
19490.00
19800.00
20190.00
20560.00
20950.00
21270.00
21460.00
21600.00
21680.00
21690.00
21640.00
21550.00
21480.00
21430.00
21500.00
21610.00
21730.00
21800.00
21650.00
21380.00
21030.00
