734.00
737.80
741.00
743.60
745.20
748.60
752.20
755.00
761.20
768.80
777.00
782.80
789.40
791.00
792.80
795.60
799.40
804.20
808.60
810.20
811.00
809.80
806.80
809.40
812.60
815.40
817.40
826.60
829.60
830.60
832.40
836.60
832.60
830.00
824.20
820.60
815.00
810.60
804.40
800.60
793.80
788.40
787.00
788.20
790.00
793.20
795.20
794.60
791.40
786.60
777.80
770.20
760.80
753.80
754.60
757.80
760.00
766.00
770.40
770.00
774.80
779.20
780.80
787.80
800.20
807.80
814.20
822.40
824.60
822.60
821.80
822.00
819.60
818.00
816.00
814.40
813.40
813.40
815.80
817.80
820.20
822.40
825.40
834.00
840.60
850.80
862.00
875.00
876.40
878.20
882.40
883.60
881.40
881.00
886.80
882.40
881.80
888.00
896.00
904.20
916.20
934.00
947.80
961.40
1029.00
1116.20
1187.40
1259.60
1326.00
1320.00
1279.00
1246.00
1204.00
1170.00
1156.00
1155.00
1136.00
