45080.00
46140.00
47050.00
47830.00
48420.00
49460.00
49900.00
50300.00
50590.00
51080.00
51140.00
51120.00
51120.00
51220.00
50940.00
50800.00
50780.00
50840.00
50860.00
51060.00
50920.00
50540.00
50320.00
50240.00
50080.00
49980.00
50080.00
50060.00
50120.00
50180.00
50560.00
50760.00
51020.00
51040.00
50850.00
50540.00
49840.00
49100.00
48320.00
47560.00
46830.00
46630.00
46430.00
46330.00
46470.00
46660.00
46760.00
46820.00
46700.00
46480.00
46050.00
45570.00
45120.00
44890.00
44740.00
45120.00
45580.00
46120.00
46640.00
47200.00
47490.00
47620.00
47800.00
47880.00
47970.00
47970.00
48130.00
48160.00
48380.00
48400.00
48350.00
48260.00
47960.00
47560.00
47070.00
46960.00
46660.00
46450.00
46080.00
45870.00
45340.00
44730.00
44200.00
43710.00
43240.00
42830.00
42570.00
42270.00
42040.00
41770.00
41420.00
41080.00
40800.00
40640.00
40660.00
40580.00
40720.00
40820.00
40910.00
40860.00
40890.00
40720.00
40730.00
40850.00
41110.00
41390.00
41710.00
41860.00
41860.00
41850.00
41830.00
41830.00
41960.00
42040.00
42000.00
42070.00
42090.00
