132700.00
135100.00
136900.00
140000.00
142600.00
144500.00
148500.00
152200.00
155500.00
157900.00
159900.00
159900.00
159900.00
158600.00
157500.00
155700.00
154800.00
155100.00
156600.00
159500.00
162300.00
163500.00
164100.00
163900.00
162000.00
160600.00
159900.00
159400.00
158200.00
156700.00
155700.00
154100.00
152900.00
151900.00
148600.00
144000.00
140100.00
135500.00
130900.00
129400.00
128200.00
126900.00
125500.00
124500.00
123100.00
123200.00
123100.00
123100.00
122700.00
122800.00
121900.00
121300.00
120500.00
119500.00
119800.00
120600.00
120900.00
121800.00
122800.00
123500.00
123700.00
124100.00
124200.00
125000.00
124300.00
124100.00
123800.00
123500.00
122700.00
122600.00
122200.00
123000.00
123300.00
123300.00
122800.00
122300.00
120600.00
119700.00
118900.00
118300.00
118000.00
117200.00
116300.00
115100.00
114200.00
113200.00
113200.00
112900.00
113300.00
113700.00
114000.00
113500.00
112900.00
111800.00
111500.00
110700.00
110200.00
109700.00
109300.00
108400.00
108200.00
108400.00
109500.00
111100.00
113100.00
114800.00
115700.00
116200.00
116200.00
116000.00
115800.00
116000.00
116600.00
117400.00
117400.00
117100.00
116500.00
