4706.86
4655.88
4640.20
4660.79
4622.55
4601.96
4579.41
4554.90
4541.18
4579.41
4600.98
4622.55
4639.21
4644.12
4650.98
4658.82
4705.88
4756.86
4777.45
4812.74
4848.04
4850.00
4845.10
4865.68
4846.08
4835.29
4827.45
4822.55
4820.59
4832.36
4827.45
4809.81
4786.28
4732.35
4667.65
4630.39
4588.24
4550.98
4567.65
4602.94
4618.63
4658.82
4696.08
4730.39
4731.37
4730.39
4705.88
4685.29
4641.18
4628.43
4594.12
4583.33
4537.25
4476.47
4413.73
4384.31
4345.10
4378.43
4428.43
4475.49
4514.71
4540.20
4533.33
4541.18
4558.83
4580.39
4600.00
4606.86
4594.12
4581.37
4555.88
4587.25
4601.96
4609.80
4614.71
4623.53
4586.28
4600.98
4621.57
4627.45
4620.59
4587.25
4529.41
4466.66
4423.10
4414.21
4432.82
4465.57
4498.00
4516.00
4506.00
4487.00
4440.00
4415.00
4398.00
4380.00
4384.00
4411.00
4420.00
4439.00
4480.00
4524.00
4556.00
4624.00
4684.00
4748.00
4771.00
4786.00
4749.00
4710.00
4658.00
4653.00
4683.00
4748.00
4804.00
4878.00
4931.00
