1392.00
1457.00
1517.00
1575.00
1636.00
1701.00
1716.00
1728.00
1738.00
1737.00
1734.00
1737.00
1745.00
1750.00
1755.00
1741.00
1727.00
1724.00
1726.00
1735.00
1763.00
1835.00
1892.00
1954.00
2010.00
2045.00
2028.00
2015.00
1984.00
1953.00
1934.00
1917.00
1910.00
1911.00
1876.00
1843.00
1807.00
1762.00
1707.00
1686.00
1664.00
1653.00
1646.00
1656.00
1660.00
1676.00
1680.00
1682.00
1671.00
1669.00
1656.00
1650.00
1656.00
1669.00
1693.00
1737.00
1780.00
1808.00
1837.00
1858.00
1853.00
1842.00
1878.00
1919.00
1942.00
2020.00
2130.00
2175.00
2220.00
2292.00
2316.00
2272.00
2246.00
2191.00
2127.00
2067.00
2065.00
2076.00
2106.00
2129.00
2158.00
2132.00
2098.00
2085.00
2059.00
2038.00
2030.00
2020.00
1964.00
1932.00
1897.00
1875.00
1851.00
1856.00
1860.00
1837.00
1821.00
1812.00
1803.00
1795.00
1811.00
1832.00
1847.00
1884.00
1912.00
1946.00
1971.00
1997.00
1992.00
2004.00
2002.00
2003.00
2025.00
2053.00
2049.00
2043.00
2032.00
