4759.00
4783.00
4846.00
4870.00
4870.00
4871.00
4862.00
4851.00
4863.00
4887.00
4911.00
4937.00
4978.00
5000.00
5020.00
5030.00
5032.00
5044.00
5062.00
5082.00
5114.00
5180.00
5180.00
5186.00
5200.00
5194.00
5168.00
5182.00
5184.00
5158.00
5150.00
5136.00
5100.00
5074.00
5046.00
5054.00
5078.00
5116.00
5118.00
5114.00
5078.00
5052.00
5040.00
5062.00
5096.00
5132.00
5118.00
5108.00
5082.00
5061.00
5005.00
4975.00
4967.00
4939.00
4896.00
4882.00
4873.00
4834.00
4834.00
4860.00
4888.00
4919.00
4960.00
5068.00
5146.00
5220.00
5298.00
5394.00
5354.00
5330.00
5284.00
5230.00
5116.00
5047.00
4975.00
4944.00
4912.00
4911.00
4954.00
5024.00
5061.00
5077.00
5088.00
5049.00
5007.00
4995.00
4993.00
4972.00
4936.00
4898.00
4866.00
4825.00
4790.00
4777.00
4761.00
4697.00
4628.00
4588.00
4559.00
4539.00
4548.00
4583.00
4605.00
4638.00
4678.00
4719.00
4750.00
4779.00
4797.00
4806.00
4822.00
4844.00
4859.00
4866.00
4870.00
4842.00
4830.00
