268400.00
272500.00
273900.00
275200.00
278800.00
281200.00
284500.00
285700.00
285400.00
282700.00
282300.00
282900.00
283800.00
283200.00
283700.00
282000.00
279400.00
278200.00
279100.00
279500.00
280300.00
281700.00
280000.00
278900.00
278900.00
278100.00
276500.00
277200.00
276100.00
274700.00
274200.00
273900.00
273300.00
273500.00
272800.00
273300.00
274600.00
276900.00
278600.00
280600.00
284200.00
287400.00
290500.00
294400.00
299000.00
300200.00
300600.00
301100.00
299800.00
299200.00
299200.00
301000.00
303500.00
307200.00
309200.00
310700.00
309400.00
305600.00
301500.00
297300.00
293500.00
290400.00
289000.00
288800.00
289900.00
290400.00
291000.00
290400.00
287100.00
282600.00
279600.00
277200.00
276300.00
277000.00
278700.00
279500.00
280000.00
279500.00
279300.00
278600.00
278500.00
277300.00
276700.00
275600.00
275200.00
274500.00
272400.00
268600.00
265000.00
261700.00
255900.00
254000.00
253300.00
251500.00
249500.00
248800.00
246500.00
244400.00
243600.00
242600.00
242400.00
242300.00
243200.00
244600.00
245800.00
247600.00
250000.00
250600.00
251000.00
251200.00
250700.00
249700.00
249600.00
249600.00
250500.00
250500.00
251400.00
