10380.00
10420.00
10470.00
10530.00
10590.00
10650.00
10770.00
10820.00
10860.00
10950.00
11130.00
11230.00
11410.00
11530.00
11650.00
11680.00
11780.00
11850.00
11970.00
12090.00
12240.00
12260.00
12170.00
12100.00
11950.00
11790.00
11780.00
11870.00
11930.00
11990.00
12050.00
12000.00
11970.00
11990.00
11920.00
11830.00
11740.00
11620.00
11380.00
11260.00
11120.00
10990.00
10920.00
10910.00
10870.00
10880.00
10850.00
10800.00
10800.00
10860.00
10880.00
10980.00
11100.00
11170.00
11230.00
11280.00
11280.00
11280.00
11300.00
11280.00
11250.00
11230.00
11220.00
11250.00
11320.00
11380.00
11450.00
11490.00
11470.00
11440.00
11410.00
11370.00
11270.00
11210.00
11120.00
11070.00
11020.00
11000.00
10960.00
10850.00
10730.00
10590.00
10410.00
10230.00
10150.00
10052.00
9964.00
9974.00
9958.00
9946.00
9958.00
9968.00
9822.00
9686.00
9572.00
9424.00
9270.00
9278.00
9304.00
9294.00
9346.00
9438.00
9492.00
9570.00
9666.00
9748.00
9812.00
9868.00
9896.00
9916.00
9930.00
9944.00
9960.00
9968.00
9966.00
9952.00
9944.00
