174.40
174.60
175.40
176.60
177.80
179.40
180.60
181.80
182.60
182.60
182.40
181.80
181.40
181.20
181.20
181.00
181.20
181.40
181.80
182.40
183.00
183.60
183.80
184.20
188.20
191.60
195.20
198.60
200.80
200.20
199.60
198.80
198.80
199.20
196.00
194.60
193.40
192.20
190.60
191.20
192.00
192.20
191.80
193.20
194.60
194.20
194.00
193.80
192.20
190.60
188.20
186.40
185.00
184.00
183.80
184.80
185.20
185.60
187.40
189.80
191.80
193.20
195.20
196.00
195.60
195.80
196.60
197.40
198.60
200.00
200.80
202.20
203.00
202.40
201.60
201.40
200.60
200.00
200.20
200.00
199.60
198.60
197.20
195.40
194.20
193.80
194.00
194.00
194.00
194.00
193.20
192.40
191.20
189.80
188.80
188.00
187.20
188.00
188.80
188.60
188.40
188.80
189.20
190.20
192.40
194.80
197.00
197.60
198.60
200.20
202.40
203.60
206.00
208.00
208.00
207.00
205.80
