19830.00
20430.00
21040.00
21570.00
21750.00
21940.00
21790.00
21670.00
21610.00
21470.00
21270.00
21120.00
21050.00
21090.00
21180.00
21230.00
21470.00
21690.00
21750.00
21900.00
21970.00
21720.00
21570.00
21450.00
21330.00
21200.00
21440.00
21550.00
21760.00
21900.00
22040.00
21990.00
21930.00
21770.00
21440.00
21250.00
21120.00
21050.00
20770.00
20550.00
20150.00
19790.00
19360.00
19190.00
19160.00
19310.00
19320.00
19310.00
19130.00
18890.00
18560.00
18340.00
18150.00
18060.00
18070.00
18230.00
18360.00
18500.00
18760.00
18950.00
18980.00
18970.00
18990.00
18870.00
18870.00
18840.00
18850.00
18920.00
18910.00
18940.00
19250.00
19450.00
19620.00
19910.00
20050.00
20050.00
20080.00
20260.00
20520.00
20760.00
20910.00
21060.00
20980.00
20760.00
20540.00
20390.00
20280.00
20190.00
20110.00
20390.00
20550.00
20750.00
21030.00
21050.00
20710.00
20530.00
20400.00
20430.00
20690.00
21150.00
21490.00
21750.00
21780.00
21910.00
21830.00
21850.00
21840.00
21830.00
21720.00
21660.00
21520.00
21410.00
21210.00
21180.00
21190.00
21180.00
21380.00
