8944.00
9034.00
9116.00
9254.00
9360.00
9486.00
9572.00
9666.00
9856.00
10066.00
10402.00
10742.00
11020.00
11110.00
11160.00
11060.00
10970.00
10960.00
11040.00
11160.00
11250.00
11200.00
11150.00
11040.00
10860.00
10670.00
10650.00
10620.00
10620.00
10640.00
10680.00
10740.00
10810.00
10860.00
10810.00
10770.00
10610.00
10460.00
10370.00
10340.00
10320.00
10380.00
10390.00
10410.00
10430.00
10460.00
10460.00
10440.00
10370.00
10370.00
10350.00
10290.00
10310.00
10290.00
10310.00
10390.00
10490.00
10580.00
10700.00
10850.00
10930.00
10960.00
11010.00
11060.00
11010.00
10940.00
10900.00
10800.00
10670.00
10560.00
10470.00
10440.00
10370.00
10350.00
10320.00
10310.00
10260.00
10270.00
10250.00
10200.00
10148.00
10040.00
9906.00
9760.00
9674.00
9608.00
9526.00
9450.00
9370.00
9262.00
9132.00
9092.00
9032.00
8958.00
8914.00
8830.00
8746.00
8716.00
8724.00
8708.00
8764.00
8780.00
8788.00
8848.00
8910.00
8934.00
8962.00
8992.00
8954.00
8924.00
8924.00
8930.00
8904.00
8912.00
8928.00
8942.00
8962.00
