90740.00
91180.00
91620.00
92020.00
91780.00
91620.00
91480.00
91740.00
92180.00
93520.00
95060.00
97160.00
98660.00
99860.00
100200.00
100040.00
99360.00
99460.00
99360.00
99680.00
100220.00
100440.00
100260.00
100180.00
100080.00
99720.00
99520.00
99180.00
98940.00
98480.00
98040.00
97640.00
97280.00
96720.00
96180.00
95800.00
95780.00
95860.00
95880.00
95660.00
95740.00
96020.00
96920.00
98080.00
99200.00
100200.00
100260.00
99540.00
98680.00
97920.00
96900.00
96300.00
95860.00
95260.00
94880.00
94780.00
94380.00
94060.00
93840.00
93480.00
93300.00
93520.00
93660.00
93940.00
94220.00
94140.00
94020.00
94100.00
93940.00
93860.00
93960.00
94040.00
93800.00
93880.00
93680.00
93480.00
93260.00
93160.00
92820.00
92800.00
92700.00
92600.00
92200.00
91940.00
91680.00
91540.00
91240.00
91320.00
91540.00
91800.00
91820.00
91980.00
92060.00
91960.00
91800.00
91660.00
91540.00
91580.00
91840.00
92080.00
92440.00
92800.00
93060.00
93120.00
93440.00
93800.00
94220.00
94660.00
95140.00
95320.00
95560.00
95600.00
95740.00
95600.00
95240.00
94820.00
94440.00
