8062.00
8250.00
8360.00
8212.00
8146.00
8126.00
8108.00
8118.00
8090.00
8044.00
7990.00
7966.00
7986.00
8030.00
8098.00
8152.00
8164.00
8242.00
8284.00
8282.00
8322.00
8408.00
8390.00
8478.00
8504.00
8492.00
8468.00
8446.00
8378.00
8392.00
8412.00
8426.00
8462.00
8498.00
8444.00
8468.00
8534.00
8596.00
8604.00
8678.00
8818.00
8912.00
8976.00
9094.00
9204.00
9190.00
9154.00
9156.00
9106.00
9036.00
8850.00
8698.00
8508.00
8280.00
8106.00
8070.00
7996.00
7956.00
8020.00
8058.00
8042.00
8028.00
8030.00
8018.00
8014.00
8036.00
8040.00
8026.00
7982.00
7962.00
7948.00
7942.00
7956.00
7964.00
7930.00
7846.00
7800.00
7758.00
7758.00
7790.00
7796.00
7698.00
7586.00
7438.00
7258.00
7190.00
7182.00
7138.00
7128.00
7114.00
7024.00
6950.00
6876.00
6780.00
6746.00
6722.00
6694.00
6716.00
6760.00
6760.00
6784.00
6842.00
6882.00
6928.00
6980.00
7040.00
7072.00
7088.00
7080.00
7106.00
7156.00
7206.00
7250.00
7294.00
7330.00
7320.00
7286.00
