36260.00
36430.00
36480.00
36440.00
36300.00
36350.00
36410.00
36590.00
36760.00
37020.00
37040.00
37120.00
37180.00
37180.00
37060.00
37040.00
37020.00
36900.00
36890.00
37060.00
37170.00
37280.00
37330.00
37400.00
37420.00
37450.00
37350.00
37350.00
37280.00
37090.00
37000.00
37050.00
36930.00
36800.00
36800.00
36840.00
36890.00
36930.00
36970.00
37010.00
36970.00
36970.00
37100.00
37190.00
37290.00
37300.00
37170.00
37040.00
36950.00
36790.00
36570.00
36330.00
36100.00
35850.00
35680.00
35600.00
35660.00
35730.00
35910.00
36120.00
36580.00
36860.00
37240.00
38030.00
38690.00
38880.00
39240.00
39500.00
39210.00
39110.00
39200.00
39210.00
39180.00
39130.00
38780.00
38520.00
38310.00
38130.00
38390.00
38630.00
38770.00
38760.00
38730.00
38320.00
38140.00
37980.00
37960.00
37900.00
37730.00
37460.00
37160.00
36890.00
36590.00
36410.00
36220.00
36660.00
36550.00
36860.00
37010.00
37300.00
36890.00
37150.00
37330.00
37590.00
37850.00
38120.00
38290.00
38170.00
38170.00
38120.00
38210.00
38260.00
38310.00
38100.00
37930.00
37600.00
37240.00
