5610.23
5673.52
5813.12
5960.17
6053.24
6252.41
6393.88
6488.81
6639.58
6820.14
6939.27
7052.81
7162.63
7209.17
7177.52
7090.04
7024.89
6974.63
6928.10
6957.88
6963.46
6937.41
7052.81
7188.70
7302.24
7449.29
7596.34
7637.29
7661.49
7659.63
7644.74
7631.71
7566.56
7493.96
7369.25
7311.55
7225.93
7112.38
6972.77
6902.04
6820.14
6849.92
6903.90
7013.72
7168.22
7285.49
7296.65
7296.65
7261.29
7179.39
7049.09
6957.88
6874.12
6751.27
6641.44
6624.69
6602.36
6635.86
6717.76
6799.66
6820.14
6892.73
6926.24
6954.16
6985.80
7026.75
6976.50
6890.87
6797.80
6736.38
6486.95
6276.61
6103.50
5949.01
5757.28
5768.45
5783.34
5814.99
5844.77
5882.00
5909.92
5902.47
5885.72
5829.88
5785.20
5794.51
5837.32
5872.69
5976.93
6114.67
6189.13
6239.38
6326.65
6394.68
6398.46
6446.99
6544.00
6582.00
6562.00
6570.00
6596.00
6820.00
7110.00
7364.00
7624.00
7754.00
7624.00
7472.00
7360.00
7252.00
7244.00
7228.00
7126.00
7036.00
6952.00
6826.00
6720.00
