47990.00
48120.00
48300.00
48880.00
49210.00
49850.00
50470.00
50680.00
51540.00
52480.00
53180.00
54640.00
56460.00
57560.00
58760.00
60260.00
62180.00
64280.00
65680.00
67680.00
69020.00
69060.00
68860.00
69060.00
68960.00
68920.00
69320.00
69620.00
70160.00
70380.00
71180.00
71740.00
72220.00
73120.00
74000.00
74720.00
75720.00
76740.00
76940.00
77120.00
77040.00
76720.00
76280.00
76600.00
76900.00
77020.00
77400.00
77900.00
77520.00
77120.00
76580.00
75820.00
75440.00
75520.00
75540.00
75760.00
75780.00
75600.00
75520.00
75780.00
75960.00
75980.00
75800.00
75560.00
75500.00
75320.00
75300.00
76120.00
76900.00
77420.00
78040.00
78660.00
78380.00
78060.00
77520.00
77260.00
76620.00
77140.00
77880.00
78460.00
78840.00
79440.00
79280.00
79060.00
79260.00
79560.00
79800.00
79700.00
78920.00
78020.00
77140.00
76140.00
75520.00
75540.00
76080.00
75820.00
76020.00
75860.00
75580.00
74880.00
75220.00
75180.00
75320.00
75660.00
75800.00
75720.00
75940.00
75980.00
75560.00
75320.00
75020.00
74720.00
74440.00
74380.00
74020.00
73720.00
73300.00
