2388.00
2426.00
2469.00
2504.00
2518.00
2544.00
2551.00
2559.00
2582.00
2598.00
2596.00
2595.00
2602.00
2594.00
2586.00
2592.00
2602.00
2603.00
2601.00
2613.00
2620.00
2617.00
2613.00
2618.00
2660.00
2682.00
2723.00
2769.00
2800.00
2792.00
2807.00
2807.00
2808.00
2818.00
2798.00
2794.00
2781.00
2741.00
2684.00
2647.00
2581.00
2544.00
2529.00
2556.00
2578.00
2621.00
2638.00
2649.00
2620.00
2600.00
2553.00
2511.00
2463.00
2423.00
2393.00
2378.00
2357.00
2352.00
2369.00
2372.00
2377.00
2389.00
2405.00
2415.00
2441.00
2480.00
2505.00
2524.00
2522.00
2512.00
2487.00
2480.00
2467.00
2465.00
2457.00
2454.00
2464.00
2482.00
2499.00
2522.00
2536.00
2512.00
2473.00
2411.00
2352.00
2302.00
2278.00
2260.00
2253.00
2231.00
2205.00
2163.00
2122.00
2090.00
2075.00
2049.00
2036.00
2027.00
2027.00
2020.00
2037.00
2057.00
2083.00
2107.00
2135.00
2149.00
2155.00
2155.00
2143.00
2127.00
2122.00
2118.00
2111.00
2107.00
2093.00
2073.00
2060.00
