6358.00
6336.00
6352.00
6392.00
6434.00
6498.00
6558.00
6606.00
6636.00
6666.00
6678.00
6704.00
6736.00
6762.00
6782.00
6790.00
6756.00
6722.00
6698.00
6676.00
6686.00
6724.00
6762.00
6798.00
6830.00
6810.00
6782.00
6752.00
6726.00
6708.00
6718.00
6730.00
6748.00
6728.00
6692.00
6790.00
6872.00
6948.00
7028.00
7092.00
7000.00
6940.00
6854.00
6796.00
6768.00
6750.00
6716.00
6708.00
6692.00
6666.00
6628.00
6606.00
6582.00
6530.00
6482.00
6474.00
6452.00
6432.00
6422.00
6428.00
6424.00
6434.00
6438.00
6460.00
6462.00
6476.00
6470.00
6480.00
6478.00
6494.00
6500.00
6512.00
6506.00
6516.00
6504.00
6500.00
6482.00
6470.00
6450.00
6438.00
6420.00
6406.00
6394.00
6366.00
6334.00
6322.00
6284.00
6266.00
6254.00
6266.00
6226.00
6202.00
6138.00
6064.00
5996.00
5948.00
5904.00
5896.00
5916.00
5918.00
5934.00
5966.00
5998.00
6042.00
6082.00
6108.00
6132.00
6144.00
6138.00
6136.00
6152.00
6170.00
6178.00
6178.00
6166.00
6134.00
6102.00
