57440.00
57340.00
57120.00
57180.00
57020.00
57160.00
57300.00
57480.00
57640.00
58000.00
58020.00
58080.00
58220.00
58360.00
58420.00
58480.00
58640.00
58760.00
58860.00
59080.00
59220.00
59240.00
59300.00
59260.00
59120.00
59040.00
59080.00
59060.00
59140.00
59160.00
59160.00
59100.00
59180.00
59280.00
59380.00
59600.00
59560.00
59440.00
59160.00
58900.00
58680.00
58700.00
58720.00
58820.00
58960.00
59020.00
59080.00
59040.00
58880.00
58860.00
58520.00
58200.00
58040.00
57820.00
57340.00
57320.00
57360.00
57260.00
57320.00
57440.00
57400.00
57220.00
57100.00
57060.00
57100.00
57160.00
57440.00
58100.00
58960.00
59940.00
60780.00
61480.00
61860.00
61960.00
62020.00
62140.00
62100.00
62020.00
61820.00
61220.00
60780.00
60420.00
59980.00
59540.00
59440.00
59360.00
59160.00
59000.00
59080.00
59040.00
59340.00
59900.00
60100.00
60340.00
60840.00
60800.00
60540.00
60760.00
60840.00
60860.00
60980.00
61760.00
62720.00
63640.00
64420.00
65240.00
65400.00
64860.00
64180.00
63540.00
62800.00
62200.00
62000.00
62000.00
61920.00
61820.00
61660.00
