12970.00
13120.00
13240.00
13310.00
13300.00
13250.00
13200.00
13190.00
13230.00
13260.00
13310.00
13430.00
13570.00
13690.00
13810.00
13880.00
13830.00
13850.00
13880.00
13880.00
13910.00
14010.00
14030.00
14050.00
14100.00
14120.00
14100.00
14080.00
14040.00
14010.00
14050.00
14100.00
14160.00
14290.00
14370.00
14390.00
14420.00
14440.00
14390.00
14380.00
14360.00
14280.00
14200.00
14130.00
14160.00
14200.00
14290.00
14370.00
14420.00
14390.00
14300.00
14240.00
14190.00
14140.00
14110.00
14180.00
14220.00
14320.00
14440.00
14600.00
14770.00
14950.00
15010.00
15110.00
15190.00
15200.00
15150.00
15170.00
15130.00
15050.00
14940.00
14910.00
14920.00
14980.00
15040.00
15150.00
15160.00
15110.00
15020.00
14920.00
14840.00
14800.00
14790.00
14790.00
14810.00
14720.00
14710.00
14620.00
14530.00
14410.00
14410.00
14340.00
14290.00
14230.00
14130.00
13990.00
13900.00
13890.00
13920.00
13940.00
14000.00
14100.00
14180.00
14240.00
14340.00
14420.00
14430.00
14420.00
14400.00
14400.00
14400.00
14400.00
14400.00
14390.00
14350.00
14300.00
14230.00
