11500.00
11780.00
11980.00
12300.00
12560.00
12730.00
12820.00
12870.00
12840.00
12710.00
12600.00
12550.00
12620.00
12660.00
12740.00
12660.00
12940.00
13140.00
13450.00
13850.00
14330.00
14320.00
14310.00
14220.00
13970.00
13850.00
13760.00
13760.00
13700.00
13580.00
13460.00
13300.00
13180.00
13140.00
12720.00
12130.00
11770.00
11360.00
10850.00
10840.00
10930.00
10880.00
10860.00
10910.00
10850.00
10900.00
10940.00
10890.00
10810.00
10870.00
10790.00
10700.00
10660.00
10610.00
10720.00
10840.00
11000.00
11190.00
11350.00
11400.00
11370.00
11300.00
11170.00
11190.00
11100.00
11050.00
11010.00
10940.00
10760.00
10670.00
10600.00
10510.00
10420.00
10330.00
10240.00
10092.00
9988.00
9934.00
9892.00
9732.00
9668.00
9524.00
9352.00
9214.00
9174.00
9154.00
9188.00
9258.00
9244.00
9210.00
9130.00
8980.00
8764.00
8640.00
8632.00
8580.00
8624.00
8736.00
8800.00
8822.00
8864.00
8894.00
8936.00
9074.00
9194.00
9366.00
9562.00
9730.00
9804.00
9994.00
10114.00
10158.00
10298.00
10400.00
10350.00
10262.00
10188.00
