50410.00
50700.00
50920.00
50940.00
51060.00
51200.00
51120.00
50900.00
50880.00
50780.00
50640.00
50660.00
50740.00
50920.00
51160.00
51360.00
51420.00
51700.00
51900.00
51920.00
51920.00
51980.00
51940.00
51960.00
52160.00
52280.00
52220.00
52060.00
51960.00
52000.00
52160.00
52500.00
52860.00
53040.00
53060.00
53000.00
52780.00
52460.00
52020.00
51540.00
51020.00
50660.00
50440.00
50380.00
50360.00
50600.00
50820.00
50780.00
50650.00
50360.00
49850.00
49350.00
49080.00
48890.00
48940.00
49100.00
49250.00
49540.00
49800.00
49960.00
50190.00
50400.00
50460.00
50460.00
50560.00
50700.00
51040.00
51260.00
51420.00
51480.00
51380.00
51040.00
50720.00
50420.00
50050.00
49790.00
49480.00
49290.00
49190.00
49070.00
48820.00
48380.00
47820.00
47090.00
46630.00
46240.00
46040.00
45810.00
45650.00
45250.00
44710.00
44180.00
43610.00
43310.00
42960.00
42640.00
42410.00
42380.00
42310.00
42350.00
42480.00
42610.00
42800.00
42920.00
43120.00
43350.00
43480.00
43470.00
43440.00
43450.00
43550.00
43680.00
44000.00
44320.00
44450.00
44460.00
44460.00
