16600.00
16550.00
16540.00
16500.00
16470.00
16500.00
16520.00
16540.00
16610.00
16640.00
16600.00
16570.00
16660.00
16810.00
16950.00
17100.00
17300.00
17420.00
17700.00
18090.00
18470.00
18720.00
18980.00
19030.00
19000.00
18970.00
19020.00
18980.00
18900.00
18810.00
18760.00
18690.00
18670.00
18710.00
18660.00
18570.00
18490.00
18460.00
18330.00
18250.00
18130.00
17970.00
17820.00
17750.00
17710.00
17720.00
17770.00
17780.00
17740.00
17670.00
17640.00
17660.00
17670.00
17820.00
18100.00
18380.00
18610.00
18880.00
19020.00
19070.00
19080.00
19070.00
18920.00
18830.00
18710.00
18610.00
18520.00
18530.00
18470.00
18410.00
18350.00
18350.00
18300.00
18290.00
18290.00
18300.00
18250.00
18220.00
18190.00
18150.00
18120.00
18060.00
17990.00
17900.00
17850.00
17860.00
17830.00
17780.00
17730.00
17660.00
17540.00
17400.00
17260.00
17240.00
17360.00
17410.00
17540.00
17670.00
17780.00
17730.00
17790.00
17870.00
18000.00
18170.00
18420.00
18600.00
18780.00
18930.00
18890.00
18830.00
18760.00
18690.00
18590.00
18570.00
18520.00
18500.00
18440.00
