535.00
540.20
541.20
540.00
541.80
544.40
549.80
553.80
559.00
561.20
561.20
559.00
558.80
559.00
557.40
554.00
548.20
544.60
541.20
538.20
540.00
546.60
553.00
558.60
565.00
567.20
566.60
564.40
561.40
558.20
556.80
565.20
572.80
582.80
587.20
590.20
583.80
577.20
568.40
564.40
557.00
550.60
545.60
541.40
538.00
538.80
538.00
533.20
533.40
533.80
531.60
531.40
533.40
531.80
528.40
529.00
529.40
532.60
536.20
541.60
545.20
549.20
550.60
551.60
552.40
553.80
552.40
551.60
549.60
548.40
546.80
547.20
550.80
550.40
546.80
543.00
541.00
536.00
538.40
540.20
541.60
541.20
541.40
536.00
533.80
533.80
531.00
525.20
520.60
514.80
508.80
502.40
496.00
489.40
486.00
479.60
471.40
469.40
466.60
462.00
461.60
469.00
472.80
478.20
481.80
482.80
480.80
478.80
478.00
478.40
481.20
483.60
487.60
500.60
510.20
513.40
522.40
