473.40
476.80
481.00
492.60
501.00
513.80
528.00
546.60
557.60
570.60
578.60
578.20
573.20
570.80
566.60
564.00
563.20
562.80
558.00
555.20
557.80
559.80
562.80
566.60
569.80
566.40
573.00
582.80
594.40
602.20
611.60
611.20
605.40
602.60
601.60
601.60
601.40
601.40
595.60
589.60
583.60
578.00
572.60
570.20
568.00
566.40
558.20
547.60
535.80
520.20
506.20
500.80
496.00
503.60
513.20
522.40
531.80
576.40
604.20
629.00
653.40
670.40
654.60
644.40
641.00
634.40
629.40
627.20
623.80
620.00
620.00
623.20
619.80
615.40
610.40
603.40
601.60
603.00
603.60
604.80
604.40
595.40
586.40
579.60
576.00
578.60
585.40
588.00
590.20
588.60
584.80
581.80
584.00
588.00
595.20
596.00
596.40
598.20
599.20
598.80
602.40
606.40
609.20
611.40
612.20
614.20
616.40
617.60
618.00
623.00
626.20
629.80
637.00
638.20
635.40
633.20
625.40
