1816.00
1839.00
1864.00
1895.00
1913.00
1914.00
1930.00
1950.00
1963.00
1980.00
1983.00
1962.00
1973.00
1991.00
2001.00
2018.00
2046.00
2045.00
2053.00
2083.00
2124.00
2193.00
2264.00
2313.00
2327.00
2339.00
2298.00
2392.00
2613.00
2861.00
3143.00
3434.00
3593.00
3727.00
3667.00
3538.00
3516.00
3445.00
3205.00
3131.00
3085.00
2975.00
2886.00
2888.00
2861.00
2876.00
2880.00
2902.00
2895.00
2923.00
2964.00
2992.00
3022.00
3048.00
3259.00
3437.00
3623.00
3822.00
4023.00
4057.00
4057.00
4024.00
4004.00
4001.00
3941.00
3875.00
3851.00
3756.00
3649.00
3601.00
3592.00
3568.00
3582.00
3606.00
3633.00
3606.00
3560.00
3529.00
3498.00
3444.00
3411.00
3346.00
3280.00
3203.00
3144.00
3114.00
3115.00
3137.00
3146.00
3155.00
3147.00
3095.00
3017.00
2973.00
2942.00
2907.00
2913.00
2937.00
2942.00
2941.00
2966.00
3032.00
3090.00
3185.00
3272.00
3382.00
3468.00
3525.00
3530.00
3575.00
3581.00
3555.00
3610.00
3656.00
3645.00
3612.00
3596.00
