13800.00
13790.00
13760.00
13780.00
13760.00
13750.00
13850.00
13880.00
13870.00
13950.00
14070.00
14220.00
14420.00
14590.00
14680.00
14770.00
14740.00
14760.00
14750.00
14730.00
14710.00
14680.00
14670.00
14710.00
14720.00
14680.00
14720.00
14720.00
14770.00
14830.00
14910.00
14960.00
14940.00
14840.00
14660.00
14540.00
14400.00
14370.00
14330.00
14400.00
14370.00
14340.00
14270.00
14300.00
14390.00
14470.00
14560.00
14600.00
14550.00
14420.00
14330.00
14270.00
14220.00
14190.00
14200.00
14220.00
14170.00
14210.00
14230.00
14240.00
14250.00
14280.00
14300.00
14340.00
14380.00
14520.00
14630.00
14730.00
14810.00
14890.00
14840.00
14820.00
14760.00
14720.00
14730.00
14820.00
14930.00
15100.00
15280.00
15320.00
15340.00
15260.00
15140.00
14980.00
14900.00
15000.00
15300.00
15590.00
15920.00
16230.00
16360.00
16380.00
16330.00
16280.00
16260.00
16250.00
16190.00
16240.00
16310.00
16400.00
16460.00
16640.00
16750.00
16850.00
16870.00
16940.00
16930.00
16930.00
16910.00
16910.00
16830.00
16820.00
16780.00
16720.00
16730.00
16790.00
16780.00
