24500.00
24640.00
24890.00
24860.00
24790.00
24590.00
24310.00
24050.00
24010.00
23940.00
23910.00
24010.00
24050.00
23940.00
23950.00
23910.00
23840.00
23810.00
23910.00
23880.00
23940.00
24260.00
24490.00
24870.00
25340.00
25730.00
25880.00
26120.00
26190.00
26200.00
26230.00
26170.00
26080.00
26080.00
26080.00
26220.00
26380.00
26420.00
26240.00
25990.00
25690.00
25430.00
25460.00
25590.00
25830.00
25860.00
25820.00
25620.00
25300.00
24870.00
24460.00
24160.00
23940.00
23790.00
23820.00
23950.00
24050.00
24290.00
24580.00
24750.00
24900.00
24920.00
24910.00
24900.00
25090.00
25370.00
25730.00
25970.00
26210.00
26140.00
25940.00
25650.00
25290.00
24960.00
24620.00
24470.00
24410.00
24420.00
24260.00
24190.00
24000.00
23640.00
23300.00
22990.00
22760.00
22640.00
22600.00
22400.00
22200.00
22030.00
21670.00
21430.00
21370.00
21460.00
21560.00
21690.00
21790.00
21740.00
21660.00
21490.00
21360.00
21320.00
21500.00
21740.00
22010.00
22440.00
22630.00
22680.00
22700.00
22720.00
22610.00
22580.00
22460.00
22290.00
22160.00
22030.00
21920.00
