2685.00
2709.00
2730.00
2766.00
2777.00
2787.00
2804.00
2812.00
2808.00
2811.00
2811.00
2808.00
2815.00
2823.00
2829.00
2838.00
2850.00
2856.00
2861.00
2871.00
2875.00
2869.00
2868.00
2859.00
2843.00
2839.00
2836.00
2843.00
2861.00
2873.00
2895.00
2914.00
2915.00
2927.00
2925.00
2913.00
2906.00
2909.00
2891.00
2886.00
2862.00
2847.00
2829.00
2819.00
2797.00
2792.00
2771.00
2749.00
2714.00
2694.00
2679.00
2677.00
2677.00
2680.00
2687.00
2701.00
2724.00
2740.00
2765.00
2792.00
2802.00
2812.00
2821.00
2834.00
2848.00
2868.00
2867.00
2867.00
2864.00
2861.00
2853.00
2850.00
2854.00
2855.00
2843.00
2833.00
2820.00
2814.00
2808.00
2798.00
2788.00
2768.00
2745.00
2710.00
2695.00
2690.00
2685.00
2681.00
2670.00
2656.00
2633.00
2614.00
2573.00
2561.00
2557.00
2544.00
2539.00
2548.00
2551.00
2549.00
2552.00
2552.00
2559.00
2568.00
2570.00
2574.00
2582.00
2590.00
2593.00
2595.00
2601.00
2605.00
2605.00
2602.00
2601.00
2596.00
2593.00
