118000.00
119800.00
121100.00
121800.00
122000.00
123600.00
124700.00
126000.00
127600.00
128700.00
128700.00
128800.00
128900.00
128400.00
128300.00
128400.00
128500.00
128400.00
128600.00
128500.00
128000.00
127600.00
127400.00
126400.00
125500.00
124600.00
123200.00
121400.00
120300.00
120000.00
120000.00
120100.00
120700.00
122700.00
124000.00
124200.00
124300.00
124700.00
124000.00
122700.00
122500.00
123300.00
122900.00
121600.00
121800.00
122400.00
122100.00
122400.00
123500.00
124000.00
123200.00
122100.00
121000.00
120000.00
119200.00
119300.00
119400.00
120500.00
121300.00
122600.00
124100.00
125700.00
126400.00
127300.00
127400.00
126900.00
127200.00
127900.00
129100.00
130600.00
132300.00
133800.00
135300.00
136100.00
136400.00
137400.00
137900.00
137900.00
137800.00
137900.00
137200.00
135700.00
134000.00
132300.00
130700.00
129200.00
128500.00
127600.00
127600.00
127400.00
127200.00
127200.00
128200.00
129400.00
131300.00
132700.00
134300.00
135100.00
135800.00
136300.00
137700.00
138600.00
140300.00
141300.00
141700.00
141700.00
141800.00
141200.00
140700.00
140500.00
140400.00
140400.00
140900.00
141000.00
141300.00
141300.00
141200.00
