2261.16
2251.83
2264.55
2275.57
2265.40
2272.18
2277.26
2277.26
2288.29
2296.76
2319.66
2344.24
2390.03
2425.64
2421.40
2389.18
2380.70
2353.57
2320.50
2327.29
2349.33
2343.39
2368.83
2405.29
2438.35
2469.72
2498.55
2493.46
2489.22
2463.79
2435.81
2414.61
2401.90
2392.57
2375.62
2372.22
2364.59
2356.11
2333.22
2323.05
2296.76
2287.44
2276.42
2282.35
2288.29
2307.79
2306.09
2306.09
2289.13
2267.94
2229.78
2206.05
2184.00
2163.66
2162.81
2180.61
2191.64
2203.51
2230.64
2242.51
2238.27
2249.29
2273.03
2295.07
2317.96
2345.09
2346.79
2343.40
2328.98
2315.42
2308.63
2307.79
2283.20
2255.22
2236.57
2220.46
2195.87
2146.70
2086.50
2010.20
1923.72
1838.09
1791.46
1753.31
1741.74
1752.26
1765.50
1783.74
1810.00
1821.00
1811.00
1805.00
1783.00
1767.00
1752.00
1734.00
1710.00
1695.00
1670.00
1643.00
1634.00
1636.00
1635.00
1671.00
1701.00
1710.00
1709.00
1727.00
1712.00
1716.00
1726.00
1742.00
1739.00
1841.00
1975.00
2099.00
2171.00
