922.20
928.20
934.60
942.40
952.20
960.40
962.60
964.60
967.80
968.60
968.20
970.00
970.80
967.00
965.20
966.40
965.00
966.80
969.40
969.40
967.60
968.80
969.20
970.20
973.60
978.60
983.80
988.20
993.40
999.00
1001.80
1002.80
1001.40
999.40
993.20
984.20
974.20
962.60
947.40
935.40
926.80
922.00
922.00
926.00
928.40
931.80
935.00
933.00
930.60
928.40
921.40
914.60
912.60
909.20
907.80
914.20
919.00
922.80
928.80
934.00
936.20
937.60
938.80
941.60
947.20
950.80
955.00
961.00
964.40
961.80
961.00
961.60
959.20
956.60
955.60
955.80
954.20
953.40
964.80
978.00
989.60
1003.60
1020.00
1024.00
1028.00
1039.00
1049.00
1057.00
1051.00
1043.60
1027.80
1009.80
990.80
980.60
975.40
970.80
964.20
959.60
957.40
951.20
946.60
949.00
955.00
969.40
986.20
1002.20
1019.40
1036.00
1050.00
1060.00
1072.00
1076.00
1078.00
1078.00
1074.00
1073.00
1075.00
