240900.00
244600.00
248900.00
252200.00
253000.00
255200.00
256800.00
257700.00
259100.00
262700.00
264800.00
265100.00
265400.00
266500.00
266700.00
267000.00
271000.00
272900.00
273400.00
274800.00
273900.00
270300.00
268600.00
267900.00
266000.00
266300.00
265400.00
266000.00
267300.00
269100.00
270600.00
272600.00
273600.00
272100.00
269600.00
267700.00
264300.00
260600.00
257500.00
254800.00
251700.00
250900.00
251000.00
252300.00
254800.00
256800.00
258400.00
258600.00
258800.00
258200.00
257200.00
256200.00
255900.00
255200.00
254000.00
256700.00
259200.00
262800.00
266200.00
270600.00
272600.00
273800.00
273800.00
273400.00
272200.00
270500.00
269600.00
269300.00
269400.00
268300.00
267400.00
265900.00
263300.00
261400.00
259600.00
258300.00
257100.00
256200.00
254600.00
253700.00
251900.00
249900.00
247300.00
244500.00
242400.00
240800.00
238900.00
237600.00
236900.00
235700.00
234400.00
233500.00
232400.00
232100.00
232300.00
232900.00
234600.00
236300.00
237900.00
239100.00
239500.00
238400.00
238300.00
238100.00
238700.00
239000.00
240000.00
239600.00
239400.00
239100.00
239500.00
240400.00
242300.00
243400.00
243600.00
244100.00
244300.00
