41430.00
41220.00
41320.00
41390.00
41300.00
41400.00
41540.00
41870.00
42220.00
42600.00
42870.00
43130.00
43460.00
43810.00
44240.00
44620.00
45420.00
45820.00
46030.00
46240.00
46440.00
46220.00
46090.00
46050.00
46470.00
46720.00
47010.00
47270.00
47750.00
47770.00
47700.00
47260.00
46770.00
46110.00
45370.00
44950.00
44880.00
44860.00
44710.00
44610.00
44240.00
43740.00
43410.00
43150.00
43120.00
43290.00
43550.00
43620.00
43580.00
43650.00
43530.00
43430.00
43310.00
43420.00
43760.00
44180.00
44500.00
44870.00
45000.00
44660.00
44840.00
44900.00
44990.00
46160.00
48040.00
49380.00
51200.00
52780.00
53120.00
52780.00
52540.00
52240.00
51900.00
51560.00
50910.00
50490.00
49950.00
50010.00
50310.00
50880.00
51240.00
51380.00
51120.00
50760.00
50500.00
50170.00
49990.00
49550.00
49110.00
48430.00
47790.00
47080.00
46870.00
46660.00
46810.00
46940.00
47250.00
47390.00
47480.00
47450.00
47480.00
47490.00
47570.00
47910.00
48050.00
48280.00
48310.00
48030.00
47840.00
47700.00
47070.00
46480.00
46120.00
45530.00
44960.00
44760.00
44720.00
