11710.00
11630.00
11590.00
11580.00
11580.00
11580.00
11560.00
11550.00
11570.00
11640.00
11750.00
11850.00
11930.00
12020.00
12110.00
12120.00
12200.00
12290.00
12330.00
12330.00
12350.00
12340.00
12350.00
12420.00
12550.00
12670.00
12770.00
12860.00
12910.00
12900.00
12950.00
13010.00
13040.00
13060.00
12970.00
12890.00
12800.00
12790.00
12810.00
12890.00
12890.00
12940.00
12950.00
12950.00
12990.00
13030.00
12970.00
12910.00
12820.00
12730.00
12550.00
12440.00
12290.00
12160.00
12050.00
12090.00
12120.00
12180.00
12250.00
12320.00
12340.00
12400.00
12460.00
12520.00
12610.00
12670.00
12680.00
12670.00
12670.00
12610.00
12590.00
12620.00
12660.00
12690.00
12710.00
12730.00
12710.00
12700.00
12700.00
12700.00
12740.00
12710.00
12650.00
12490.00
12390.00
12260.00
12130.00
12020.00
11940.00
11830.00
11730.00
11690.00
11630.00
11610.00
11620.00
11610.00
11620.00
11630.00
11650.00
11630.00
11610.00
11580.00
11590.00
11650.00
11710.00
11770.00
11820.00
11810.00
11740.00
11670.00
11610.00
11550.00
11530.00
11540.00
11540.00
11520.00
11510.00
