126800.00
127400.00
128300.00
128900.00
129000.00
128200.00
127300.00
126100.00
124800.00
123500.00
123100.00
122900.00
122200.00
121400.00
120700.00
119800.00
118700.00
118100.00
117700.00
117300.00
117300.00
117400.00
117200.00
116900.00
116900.00
116600.00
116400.00
116300.00
116200.00
116100.00
116000.00
115800.00
115600.00
115300.00
114900.00
115300.00
115600.00
116300.00
116800.00
116800.00
117600.00
118600.00
120100.00
122200.00
125400.00
127100.00
127800.00
128000.00
127900.00
127300.00
126200.00
127500.00
130000.00
132000.00
135100.00
138100.00
139200.00
139300.00
139400.00
138000.00
137100.00
136700.00
136600.00
136800.00
137100.00
137900.00
138000.00
137700.00
136700.00
136100.00
134900.00
134000.00
132700.00
131700.00
131200.00
131300.00
131800.00
132000.00
132100.00
131100.00
129100.00
126100.00
124000.00
122400.00
121300.00
120500.00
120000.00
118600.00
116600.00
114400.00
112600.00
110200.00
108400.00
107200.00
106000.00
103820.00
102080.00
100380.00
99020.00
98120.00
97960.00
98380.00
98980.00
99340.00
99360.00
99520.00
100440.00
100940.00
101440.00
101920.00
102400.00
102100.00
101700.00
101400.00
100900.00
100460.00
99780.00
