12340.00
12260.00
12390.00
12360.00
12350.00
12360.00
12340.00
12230.00
12190.00
12160.00
12090.00
12010.00
12660.00
13630.00
14710.00
15830.00
16890.00
17340.00
17260.00
16150.00
14980.00
13870.00
12720.00
11810.00
11890.00
11960.00
12030.00
12050.00
12180.00
12290.00
12400.00
12420.00
12510.00
12490.00
12370.00
12390.00
12640.00
12790.00
12970.00
13210.00
13340.00
13340.00
13310.00
13280.00
13160.00
13070.00
12960.00
12890.00
12720.00
12710.00
12620.00
12540.00
12370.00
12260.00
12090.00
11970.00
11830.00
11830.00
11910.00
11940.00
11960.00
12020.00
12060.00
12050.00
12060.00
12070.00
12060.00
12020.00
11900.00
11830.00
11750.00
11660.00
11540.00
11390.00
11230.00
11130.00
11090.00
11120.00
11230.00
11330.00
11300.00
11120.00
10890.00
10538.00
10338.00
10238.00
10188.00
10118.00
10060.00
9918.00
9806.00
9676.00
9538.00
9480.00
9448.00
9284.00
9130.00
9102.00
9098.00
9000.00
8984.00
9022.00
8978.00
8968.00
8958.00
8964.00
8862.00
8724.00
8586.00
8522.00
8482.00
8534.00
8602.00
8592.00
8538.00
8398.00
8220.00
