5582.00
5620.00
5648.00
5698.00
5692.00
5692.00
5692.00
5708.00
5718.00
5772.00
5806.00
5830.00
5840.00
5846.00
5844.00
5848.00
5836.00
5858.00
5878.00
5896.00
5920.00
5974.00
5980.00
5996.00
6008.00
6008.00
5984.00
5978.00
5960.00
5948.00
5942.00
5942.00
5988.00
6020.00
6060.00
6086.00
6134.00
6150.00
6194.00
6210.00
6238.00
6250.00
6254.00
6196.00
6190.00
6176.00
6156.00
6150.00
6220.00
6266.00
6302.00
6332.00
6328.00
6272.00
6232.00
6226.00
6230.00
6234.00
6258.00
6288.00
6304.00
6330.00
6380.00
6426.00
6446.00
6480.00
6478.00
6470.00
6462.00
6480.00
6490.00
6520.00
6518.00
6526.00
6444.00
6354.00
6308.00
6316.00
6300.00
6340.00
6404.00
6432.00
6398.00
6364.00
6360.00
6322.00
6318.00
6344.00
6354.00
6356.00
6350.00
6284.00
6224.00
6202.00
6156.00
6148.00
6146.00
6160.00
6174.00
6210.00
6222.00
6274.00
6310.00
6366.00
6408.00
6466.00
6474.00
6494.00
6508.00
6494.00
6480.00
6490.00
6478.00
6456.00
6462.00
6450.00
6470.00
