4487.00
4572.00
4684.00
4769.00
4842.00
4926.00
4937.00
4923.00
4921.00
4941.00
4949.00
4957.00
4979.00
5002.00
4998.00
4977.00
4979.00
4969.00
4955.00
4965.00
5014.00
5040.00
5092.00
5146.00
5192.00
5222.00
5232.00
5216.00
5190.00
5152.00
5120.00
5106.00
5094.00
5088.00
5054.00
5027.00
4999.00
5017.00
5027.00
5035.00
5043.00
5049.00
5017.00
4995.00
5037.00
5106.00
5166.00
5218.00
5258.00
5270.00
5208.00
5154.00
5190.00
5218.00
5248.00
5322.00
5376.00
5350.00
5346.00
5330.00
5320.00
5328.00
5344.00
5366.00
5398.00
5406.00
5400.00
5374.00
5328.00
5310.00
5290.00
5284.00
5274.00
5268.00
5202.00
5154.00
5116.00
5086.00
5070.00
5076.00
5076.00
5042.00
5007.00
4963.00
4933.00
4920.00
4925.00
4934.00
4931.00
4919.00
4884.00
4838.00
4754.00
4679.00
4612.00
4531.00
4457.00
4427.00
4410.00
4391.00
4408.00
4441.00
4482.00
4525.00
4569.00
4608.00
4630.00
4638.00
4652.00
4675.00
4679.00
4683.00
4685.00
4672.00
4655.00
4646.00
4639.00
