21670.00
21950.00
22380.00
22710.00
23010.00
23360.00
23420.00
23410.00
23400.00
23400.00
23360.00
23310.00
23340.00
23510.00
23590.00
23680.00
23760.00
23850.00
23840.00
23830.00
23780.00
23620.00
23420.00
23240.00
23050.00
22960.00
23100.00
23180.00
23190.00
23230.00
23460.00
23620.00
23720.00
23890.00
23860.00
23630.00
23370.00
23110.00
22810.00
22590.00
22430.00
22280.00
22290.00
22360.00
22460.00
22530.00
22610.00
22600.00
22510.00
22510.00
22290.00
22050.00
21750.00
21470.00
21230.00
21310.00
21380.00
21630.00
21930.00
22140.00
22110.00
22130.00
22100.00
22070.00
22090.00
22110.00
22080.00
22280.00
22410.00
22740.00
23170.00
23560.00
23600.00
23690.00
23650.00
23550.00
23600.00
23830.00
23980.00
23950.00
23860.00
23670.00
23390.00
23030.00
22840.00
22870.00
23030.00
23150.00
23340.00
23360.00
23250.00
23000.00
22760.00
22600.00
22580.00
22520.00
22550.00
22850.00
23110.00
23440.00
23840.00
24100.00
24150.00
24510.00
24760.00
24980.00
25240.00
25360.00
25250.00
25140.00
25140.00
25150.00
25350.00
25460.00
25590.00
25710.00
26030.00
