20310.00
20370.00
20480.00
20580.00
20530.00
20660.00
20750.00
20840.00
20920.00
21030.00
20900.00
20770.00
20540.00
20370.00
20200.00
20160.00
20130.00
20190.00
20110.00
20020.00
19990.00
19950.00
19770.00
19720.00
19760.00
19740.00
19750.00
19870.00
19930.00
19860.00
19850.00
19820.00
19770.00
20130.00
20420.00
20830.00
21170.00
21560.00
21440.00
21360.00
21250.00
21310.00
21610.00
22060.00
22540.00
22880.00
22990.00
22840.00
22530.00
22330.00
22090.00
21950.00
22000.00
22030.00
22010.00
22180.00
22360.00
22450.00
22580.00
22670.00
22700.00
22740.00
22880.00
23160.00
23480.00
23680.00
23970.00
24050.00
24430.00
24630.00
24690.00
24720.00
24800.00
24400.00
24120.00
24140.00
24120.00
24180.00
24220.00
24320.00
24270.00
23990.00
23550.00
23100.00
22810.00
22570.00
22550.00
22450.00
22660.00
22650.00
22540.00
22430.00
22470.00
22780.00
23130.00
23360.00
23470.00
23460.00
23090.00
22670.00
22470.00
22350.00
22640.00
22800.00
23040.00
23350.00
23620.00
23590.00
23770.00
23940.00
24070.00
24140.00
24290.00
24220.00
24110.00
23980.00
23940.00
