7798.00
7796.00
7814.00
7836.00
7846.00
7890.00
7946.00
8008.00
8082.00
8128.00
8160.00
8158.00
8176.00
8190.00
8254.00
8320.00
8388.00
8420.00
8460.00
8528.00
8596.00
8658.00
8728.00
8762.00
8766.00
8842.00
8938.00
9050.00
9170.00
9266.00
9282.00
9320.00
9352.00
9416.00
9482.00
9570.00
9588.00
9618.00
9620.00
9620.00
9506.00
9450.00
9294.00
9152.00
9070.00
9062.00
9030.00
9094.00
9124.00
9074.00
9146.00
9174.00
9180.00
9144.00
9118.00
8960.00
8864.00
8790.00
8790.00
8826.00
8984.00
9136.00
9258.00
9372.00
9530.00
9598.00
9610.00
9600.00
9532.00
9386.00
9230.00
9156.00
9152.00
9200.00
9222.00
9276.00
9314.00
9292.00
9212.00
9168.00
9116.00
8952.00
8812.00
8704.00
8582.00
8514.00
8552.00
8594.00
8572.00
8596.00
8574.00
8564.00
8572.00
8612.00
8614.00
8542.00
8510.00
8462.00
8414.00
8376.00
8398.00
8344.00
8284.00
8268.00
8244.00
8202.00
8180.00
8146.00
8120.00
8104.00
8092.00
8092.00
8138.00
8168.00
8184.00
8212.00
8216.00
