69360.00
68840.00
68500.00
67800.00
67280.00
66960.00
67300.00
67440.00
67700.00
68120.00
68240.00
68020.00
68080.00
67920.00
67980.00
68100.00
68480.00
68620.00
69220.00
69540.00
70020.00
70240.00
70480.00
70680.00
71200.00
71280.00
71560.00
71780.00
72060.00
72000.00
72200.00
72520.00
72840.00
72720.00
72800.00
72740.00
72500.00
72180.00
71800.00
71180.00
70780.00
70320.00
69660.00
69520.00
69920.00
70460.00
71040.00
71920.00
72060.00
71900.00
71420.00
71020.00
70520.00
70360.00
69980.00
69840.00
69360.00
69200.00
69200.00
69220.00
69060.00
68940.00
68800.00
68360.00
68380.00
68460.00
68760.00
68800.00
69060.00
68700.00
68220.00
67920.00
67740.00
67840.00
68180.00
68760.00
68860.00
69000.00
68900.00
69060.00
68920.00
68700.00
68380.00
67240.00
65620.00
64260.00
63060.00
61520.00
61000.00
60860.00
60560.00
60380.00
60800.00
60940.00
61240.00
61420.00
61740.00
61700.00
62100.00
62380.00
62360.00
62060.00
62260.00
62000.00
61620.00
61800.00
62180.00
62060.00
61980.00
61820.00
61420.00
61180.00
60980.00
60620.00
60500.00
60400.00
60020.00
