38130.00
38300.00
38740.00
39350.00
39610.00
40210.00
40580.00
41010.00
41370.00
41910.00
42120.00
42230.00
42450.00
42940.00
43400.00
44070.00
44950.00
45570.00
45890.00
46120.00
45980.00
45700.00
45680.00
45650.00
45910.00
46160.00
46400.00
46380.00
46520.00
46410.00
46630.00
46860.00
47020.00
46990.00
46620.00
46160.00
45540.00
44990.00
44530.00
44270.00
44030.00
44110.00
44080.00
43960.00
44040.00
44050.00
43900.00
43940.00
44340.00
44810.00
45170.00
45440.00
45700.00
45500.00
45120.00
45030.00
45130.00
45380.00
45800.00
46240.00
46560.00
46740.00
46760.00
46620.00
46620.00
46700.00
46820.00
46890.00
46760.00
46450.00
46110.00
45700.00
45240.00
45050.00
44960.00
45120.00
45250.00
45480.00
45610.00
45610.00
45230.00
44550.00
43950.00
43420.00
42980.00
42640.00
42460.00
42120.00
41990.00
42090.00
42280.00
42740.00
43040.00
43170.00
43050.00
42710.00
42450.00
42410.00
42640.00
42820.00
43240.00
43570.00
44030.00
44240.00
44470.00
44440.00
44400.00
44220.00
44120.00
44270.00
44620.00
44960.00
45280.00
45530.00
45600.00
45800.00
46060.00
