9402.00
9418.00
9466.00
9496.00
9520.00
9548.00
9578.00
9604.00
9640.00
9736.00
9810.00
9912.00
10004.00
10082.00
10102.00
10130.00
10120.00
10130.00
10160.00
10190.00
10190.00
10180.00
10136.00
10096.00
10046.00
10026.00
10056.00
10090.00
10120.00
10150.00
10170.00
10170.00
10160.00
10160.00
10140.00
10150.00
10130.00
10110.00
10062.00
10026.00
9956.00
9902.00
9870.00
9858.00
9854.00
9870.00
9886.00
9894.00
9884.00
9850.00
9774.00
9716.00
9644.00
9590.00
9570.00
9618.00
9642.00
9694.00
9744.00
9792.00
9844.00
9896.00
9970.00
10034.00
10100.00
10150.00
10190.00
10180.00
10150.00
10130.00
10120.00
10110.00
10100.00
10100.00
10080.00
10040.00
10030.00
10040.00
10050.00
10046.00
10046.00
10016.00
9962.00
9902.00
9850.00
9810.00
9750.00
9728.00
9712.00
9688.00
9658.00
9658.00
9644.00
9648.00
9676.00
9684.00
9674.00
9660.00
9622.00
9576.00
9530.00
9502.00
9482.00
9512.00
9544.00
9594.00
9638.00
9668.00
9658.00
9646.00
9640.00
9636.00
9642.00
9642.00
9632.00
9604.00
9584.00
