12380.00
12490.00
12640.00
12740.00
12720.00
12890.00
13020.00
13150.00
13350.00
13560.00
13600.00
13580.00
13640.00
13660.00
13650.00
13680.00
13760.00
13790.00
13820.00
13900.00
13870.00
13810.00
13730.00
13600.00
13470.00
13400.00
13350.00
13290.00
13280.00
13240.00
13250.00
13240.00
13280.00
13320.00
13290.00
13260.00
13200.00
13100.00
12970.00
12880.00
12790.00
12750.00
12700.00
12690.00
12810.00
12960.00
13030.00
13140.00
13260.00
13260.00
13180.00
13170.00
13100.00
13000.00
13050.00
13180.00
13340.00
13660.00
13950.00
14170.00
14330.00
14430.00
14420.00
14440.00
14410.00
14490.00
14510.00
14530.00
14480.00
14430.00
14300.00
14240.00
14090.00
14050.00
13990.00
13980.00
13900.00
13900.00
13850.00
13760.00
13640.00
13510.00
13380.00
13230.00
13140.00
13090.00
13110.00
13120.00
13160.00
13230.00
13260.00
13300.00
13350.00
13380.00
13390.00
13320.00
13300.00
13310.00
13430.00
13540.00
13700.00
13820.00
13930.00
13950.00
13970.00
14020.00
14040.00
14060.00
14090.00
14180.00
14240.00
14340.00
14470.00
14560.00
14590.00
14650.00
14650.00
