25000.00
24890.00
24890.00
25220.00
25590.00
25850.00
26100.00
26400.00
26570.00
26820.00
27040.00
27290.00
27440.00
27540.00
27660.00
27890.00
28110.00
28450.00
28660.00
28790.00
28870.00
28930.00
28930.00
28920.00
28920.00
28960.00
29110.00
29150.00
29270.00
29290.00
29260.00
29150.00
29100.00
29030.00
28970.00
29160.00
29300.00
29520.00
29700.00
29860.00
29600.00
29430.00
29140.00
28840.00
28640.00
28650.00
28540.00
28520.00
28380.00
28120.00
27780.00
27460.00
27130.00
26860.00
26700.00
26730.00
26820.00
26970.00
27180.00
27370.00
27410.00
27420.00
27470.00
27620.00
27860.00
28170.00
28500.00
29240.00
29740.00
30440.00
31350.00
32090.00
32220.00
32310.00
31980.00
31440.00
30980.00
30610.00
30240.00
30010.00
29740.00
29380.00
28980.00
28670.00
28440.00
28210.00
27950.00
27640.00
27340.00
26980.00
26570.00
26180.00
25900.00
25650.00
25500.00
25140.00
25020.00
24820.00
24660.00
24440.00
24470.00
24430.00
24590.00
24830.00
24980.00
25290.00
25460.00
25510.00
25530.00
25600.00
25620.00
25760.00
26430.00
26990.00
27500.00
27890.00
28140.00
