821.20
826.40
833.40
840.80
842.40
845.20
844.80
843.00
845.80
849.20
847.60
849.20
847.40
841.60
834.20
828.80
822.60
821.00
822.40
824.40
827.00
828.40
826.60
824.20
821.20
821.20
821.80
825.60
829.60
833.20
833.00
833.40
834.20
832.60
827.80
826.40
826.20
827.00
827.40
829.60
829.20
826.40
822.40
821.00
818.60
817.80
816.60
815.40
812.60
813.00
811.00
809.00
805.60
803.80
805.40
806.80
808.60
810.20
811.40
809.80
810.00
811.60
813.20
815.40
816.40
819.40
819.40
819.80
819.00
818.00
816.00
815.80
815.80
815.80
815.20
814.80
815.80
817.40
829.60
840.20
853.20
854.60
862.80
859.60
857.80
852.40
855.40
847.40
839.60
830.20
821.40
812.80
806.00
798.40
794.20
787.80
781.60
778.00
776.00
773.00
773.60
777.00
782.00
786.40
792.60
797.60
800.40
806.40
812.40
816.40
820.80
826.20
822.80
821.20
819.60
816.00
811.40
