4648.00
4659.00
4671.00
4682.00
4703.00
4724.00
4734.00
4743.00
4756.00
4758.00
4761.00
4767.00
4774.00
4782.00
4788.00
4788.00
4787.00
4800.00
4820.00
4841.00
4866.00
4879.00
4878.00
4876.00
4877.00
4879.00
4893.00
4909.00
4913.00
4915.00
4917.00
4913.00
4905.00
4900.00
4881.00
4866.00
4851.00
4840.00
4823.00
4813.00
4797.00
4814.00
4838.00
4873.00
4936.00
5001.00
5014.00
5009.00
4988.00
4954.00
4899.00
4861.00
4832.00
4814.00
4785.00
4798.00
4817.00
4862.00
4894.00
4913.00
4922.00
4941.00
4933.00
4939.00
4965.00
4984.00
4986.00
4989.00
4986.00
4984.00
4975.00
4970.00
4958.00
4949.00
4933.00
4925.00
4913.00
4911.00
4916.00
4921.00
4909.00
4886.00
4859.00
4822.00
4797.00
4791.00
4795.00
4801.00
4811.00
4807.00
4795.00
4782.00
4770.00
4759.00
4746.00
4722.00
4708.00
4696.00
4687.00
4690.00
4705.00
4711.00
4727.00
4747.00
4764.00
4768.00
4789.00
4791.00
4783.00
4774.00
4784.00
4777.00
4775.00
4768.00
4761.00
4747.00
4733.00
