42830.00
43900.00
44650.00
46120.00
47880.00
48740.00
49930.00
51000.00
51480.00
51400.00
51110.00
50730.00
50750.00
50790.00
50730.00
50470.00
50830.00
50990.00
51750.00
52990.00
54540.00
55100.00
55540.00
55360.00
54620.00
53920.00
53360.00
53140.00
52640.00
52100.00
51640.00
51000.00
50660.00
50580.00
49390.00
47650.00
46210.00
44420.00
42320.00
41420.00
40960.00
40540.00
40140.00
40800.00
40880.00
41250.00
41550.00
41700.00
41070.00
41070.00
40600.00
40000.00
39480.00
39040.00
39470.00
40150.00
40770.00
41530.00
42260.00
42400.00
42360.00
42400.00
42390.00
42590.00
42310.00
42190.00
42100.00
41690.00
40990.00
40610.00
40260.00
39920.00
39770.00
39670.00
39690.00
39550.00
39250.00
39190.00
39130.00
39150.00
39230.00
39270.00
38910.00
38430.00
37800.00
37350.00
36900.00
36730.00
36670.00
36340.00
36000.00
35350.00
34110.00
33120.00
32500.00
31710.00
31390.00
31520.00
31520.00
31620.00
31710.00
31980.00
32420.00
33080.00
33660.00
34130.00
34350.00
34480.00
34330.00
34530.00
34940.00
35280.00
36280.00
37340.00
37780.00
38060.00
38350.00
