8916.00
8910.00
8876.00
8870.00
8842.00
8806.00
9110.00
9362.00
9570.00
9822.00
10078.00
10018.00
9978.00
10316.00
10816.00
11260.00
11630.00
12040.00
12110.00
11890.00
11740.00
11630.00
11560.00
11490.00
11450.00
11270.00
11040.00
10790.00
10540.00
10340.00
10208.00
9952.00
9682.00
9466.00
9136.00
8908.00
8876.00
8824.00
8740.00
8792.00
8768.00
8720.00
8688.00
8672.00
8620.00
8614.00
8598.00
8564.00
8486.00
8400.00
8256.00
8156.00
8054.00
7946.00
7874.00
7866.00
7854.00
7860.00
7894.00
7924.00
7930.00
7890.00
7860.00
7840.00
7818.00
7792.00
7776.00
7750.00
7680.00
7588.00
7506.00
7394.00
7298.00
7238.00
7210.00
7176.00
7168.00
7162.00
7170.00
7152.00
7142.00
7120.00
7082.00
7012.00
6954.00
6896.00
6878.00
6870.00
6882.00
6910.00
6924.00
6918.00
6904.00
6892.00
6854.00
6816.00
6782.00
6742.00
6714.00
6710.00
6726.00
6730.00
6772.00
6854.00
6938.00
7002.00
7110.00
7182.00
7172.00
7158.00
7184.00
7158.00
7106.00
7092.00
7066.00
7010.00
6964.00
