210000.00
213200.00
218000.00
224000.00
227000.00
230600.00
233300.00
234300.00
234600.00
235500.00
234000.00
232100.00
230800.00
230800.00
229900.00
229900.00
229400.00
229000.00
227900.00
229500.00
231400.00
233100.00
235700.00
238000.00
238100.00
237600.00
239300.00
241500.00
243400.00
244000.00
245000.00
245100.00
243700.00
241900.00
240700.00
240200.00
237200.00
235600.00
232700.00
229300.00
225100.00
222100.00
219200.00
216700.00
214900.00
213300.00
212200.00
210200.00
211400.00
212000.00
211900.00
211800.00
212200.00
210900.00
210900.00
212400.00
214000.00
215900.00
217600.00
218300.00
218700.00
219200.00
219400.00
220700.00
222900.00
224800.00
226400.00
228400.00
228600.00
228700.00
229700.00
230100.00
229700.00
230200.00
230100.00
230300.00
231600.00
233500.00
235300.00
237300.00
238300.00
235400.00
232100.00
228100.00
223000.00
219400.00
218200.00
216900.00
214700.00
214000.00
212400.00
212200.00
212300.00
213900.00
213600.00
211700.00
211400.00
212000.00
213800.00
217800.00
222100.00
225400.00
228700.00
231100.00
232200.00
234900.00
236200.00
236400.00
235700.00
235800.00
235600.00
234900.00
233600.00
232700.00
231600.00
231600.00
232300.00
