5104.00
5144.00
5318.00
5398.00
5414.00
5426.00
5394.00
5260.00
5208.00
5194.00
5188.00
5178.00
5230.00
5256.00
5346.00
5432.00
5512.00
5554.00
5598.00
5580.00
5572.00
5610.00
5628.00
5696.00
5792.00
5882.00
5916.00
5946.00
5920.00
5906.00
5886.00
5878.00
5858.00
5930.00
5902.00
5924.00
6002.00
6072.00
6014.00
6038.00
5994.00
5896.00
5806.00
5786.00
5724.00
5672.00
5590.00
5552.00
5462.00
5394.00
5285.00
5221.00
5068.00
4924.00
4815.00
4744.00
4673.00
4681.00
4714.00
4720.00
4727.00
4727.00
4723.00
4747.00
4769.00
4786.00
4783.00
4754.00
4662.00
4592.00
4512.00
4444.00
4390.00
4336.00
4283.00
4249.00
4228.00
4211.00
4215.00
4190.00
4143.00
4075.00
4000.00
3926.00
3877.00
3881.00
3861.00
3845.00
3768.00
3700.00
3689.00
3629.00
3543.00
3519.00
3494.00
3352.00
3299.00
3283.00
3259.00
3209.00
3191.00
3179.00
3153.00
3167.00
3204.00
3246.00
3268.00
3273.00
3248.00
3227.00
3224.00
3215.00
3201.00
3178.00
3149.00
3078.00
2997.00
