4117.00
4203.00
4262.00
4334.00
4394.00
4443.00
4505.00
4559.00
4598.00
4635.00
4628.00
4609.00
4616.00
4591.00
4534.00
4538.00
4545.00
4500.00
4478.00
4500.00
4489.00
4454.00
4453.00
4481.00
4499.00
4554.00
4573.00
4577.00
4527.00
4463.00
4401.00
4357.00
4341.00
4349.00
4366.00
4366.00
4366.00
4355.00
4329.00
4264.00
4218.00
4183.00
4155.00
4120.00
4120.00
4126.00
4142.00
4140.00
4145.00
4175.00
4173.00
4162.00
4148.00
4131.00
4122.00
4126.00
4134.00
4152.00
4182.00
4211.00
4224.00
4226.00
4246.00
4271.00
4270.00
4299.00
4339.00
4357.00
4383.00
4406.00
4388.00
4355.00
4356.00
4319.00
4288.00
4284.00
4285.00
4246.00
4245.00
4241.00
4224.00
4209.00
4194.00
4171.00
4169.00
4166.00
4173.00
4184.00
4199.00
4195.00
4193.00
4190.00
4204.00
4235.00
4245.00
4263.00
4274.00
4280.00
4265.00
4305.00
4319.00
4331.00
4344.00
4366.00
4340.00
4330.00
4330.00
4316.00
4293.00
4292.00
4315.00
4319.00
4347.00
4343.00
4332.00
4299.00
4285.00
