8990.00
8978.00
8952.00
8960.00
8956.00
8964.00
8984.00
9022.00
9138.00
9260.00
9386.00
9510.00
9658.00
9710.00
9756.00
9760.00
9742.00
9682.00
9652.00
9630.00
9634.00
9636.00
9676.00
9684.00
9704.00
9710.00
9742.00
9744.00
9762.00
9750.00
9748.00
9722.00
9706.00
9700.00
9694.00
9696.00
9710.00
9720.00
9704.00
9684.00
9636.00
9574.00
9520.00
9472.00
9438.00
9428.00
9430.00
9470.00
9534.00
9578.00
9620.00
9670.00
9680.00
9664.00
9658.00
9656.00
9666.00
9676.00
9728.00
9764.00
9774.00
9768.00
9754.00
9708.00
9696.00
9710.00
9730.00
9778.00
9858.00
9950.00
10010.00
10052.00
10090.00
10080.00
10040.00
10030.00
10050.00
10060.00
10130.00
10230.00
10340.00
10410.00
10440.00
10420.00
10380.00
10330.00
10300.00
10300.00
10330.00
10410.00
10510.00
10580.00
10650.00
10670.00
10600.00
10500.00
10430.00
10340.00
10270.00
10250.00
10250.00
10250.00
10300.00
10350.00
10410.00
10460.00
10550.00
10560.00
10590.00
10580.00
10550.00
10490.00
10500.00
10480.00
10450.00
10460.00
10460.00
