4436.00
4436.00
4456.00
4470.00
4480.00
4517.00
4567.00
4587.00
4606.00
4628.00
4636.00
4636.00
4658.00
4685.00
4711.00
4718.00
4710.00
4704.00
4695.00
4686.00
4684.00
4698.00
4709.00
4723.00
4732.00
4711.00
4696.00
4674.00
4661.00
4664.00
4763.00
4848.00
4894.00
4957.00
4927.00
4833.00
4745.00
4685.00
4595.00
4579.00
4557.00
4539.00
4543.00
4551.00
4549.00
4556.00
4543.00
4521.00
4504.00
4499.00
4484.00
4464.00
4450.00
4424.00
4419.00
4406.00
4421.00
4446.00
4481.00
4514.00
4560.00
4578.00
4595.00
4606.00
4607.00
4610.00
4644.00
4670.00
4672.00
4679.00
4685.00
4683.00
4689.00
4718.00
4730.00
4730.00
4742.00
4742.00
4740.00
4739.00
4753.00
4765.00
4761.00
4773.00
4856.00
4934.00
5020.00
5086.00
5088.00
5011.00
4947.00
4861.00
4797.00
4787.00
4792.00
4784.00
4780.00
4809.00
4815.00
4808.00
4801.00
4795.00
4780.00
4804.00
4826.00
4856.00
4875.00
4886.00
4880.00
4906.00
4923.00
4945.00
4954.00
4963.00
4947.00
5083.00
5172.00
