4680.00
4688.00
4705.00
4739.00
4769.00
4830.00
4900.00
5012.00
5164.00
5323.00
5492.00
5688.00
5866.00
5956.00
5964.00
5888.00
5754.00
5602.00
5466.00
5410.00
5390.00
5354.00
5310.00
5322.00
5322.00
5332.00
5382.00
5480.00
5506.00
5502.00
5486.00
5488.00
5392.00
5306.00
5218.00
5214.00
5226.00
5360.00
5560.00
5736.00
5784.00
5784.00
5740.00
5660.00
5620.00
5632.00
5622.00
5562.00
5534.00
5572.00
5528.00
5602.00
5760.00
5884.00
5888.00
6062.00
6110.00
6084.00
6024.00
6036.00
5946.00
5862.00
5896.00
6092.00
6370.00
6620.00
6902.00
7026.00
6970.00
6828.00
6728.00
6594.00
6484.00
6420.00
6330.00
6284.00
6282.00
6282.00
6260.00
6258.00
6214.00
6116.00
6034.00
5950.00
5878.00
5862.00
5810.00
5762.00
5760.00
5756.00
5684.00
5730.00
5744.00
5752.00
5820.00
5896.00
5904.00
5900.00
5902.00
5848.00
5830.00
5896.00
5964.00
6022.00
6056.00
6066.00
5988.00
5950.00
5888.00
5848.00
5804.00
5790.00
5770.00
5742.00
5700.00
5644.00
5598.00
