2418.00
2444.00
2476.00
2506.00
2553.00
2597.00
2647.00
2693.00
2744.00
2766.00
2788.00
2813.00
2854.00
2870.00
2884.00
2894.00
2892.00
2885.00
2908.00
2934.00
2954.00
2973.00
2985.00
2977.00
2960.00
2945.00
2925.00
2899.00
2876.00
2861.00
2852.00
2844.00
2840.00
2840.00
2801.00
2768.00
2728.00
2684.00
2631.00
2605.00
2563.00
2539.00
2522.00
2515.00
2514.00
2531.00
2689.00
2785.00
2869.00
2923.00
2971.00
2872.00
2824.00
2764.00
2756.00
2749.00
2739.00
2750.00
2771.00
2790.00
2797.00
2814.00
2827.00
2845.00
2840.00
2851.00
2860.00
2856.00
2898.00
2948.00
3021.00
3283.00
3539.00
3724.00
3863.00
3962.00
3854.00
3773.00
3708.00
3778.00
3815.00
3881.00
3857.00
3856.00
3753.00
3667.00
3538.00
3489.00
3388.00
3302.00
3261.00
3268.00
3257.00
3302.00
3342.00
3373.00
3438.00
3561.00
3695.00
3796.00
3914.00
3980.00
3976.00
3946.00
3979.00
3957.00
3897.00
3826.00
3738.00
3630.00
3550.00
3525.00
3525.00
3509.00
3484.00
3439.00
3379.00
