39110.00
38930.00
38300.00
37710.00
37310.00
36970.00
36680.00
36600.00
36320.00
36020.00
35750.00
35620.00
35680.00
35910.00
36150.00
36500.00
36630.00
36690.00
36490.00
36230.00
35930.00
35660.00
35440.00
35410.00
35500.00
35650.00
35840.00
36060.00
36390.00
36630.00
36810.00
37230.00
37660.00
37890.00
38230.00
38670.00
38860.00
39000.00
39080.00
38870.00
38650.00
38330.00
38210.00
37920.00
38120.00
38210.00
38340.00
38390.00
38490.00
38350.00
38150.00
38170.00
38210.00
38540.00
38780.00
38950.00
38880.00
38770.00
38470.00
38200.00
38000.00
37850.00
37920.00
38040.00
38560.00
39060.00
39450.00
39890.00
40340.00
40450.00
40600.00
40930.00
40820.00
40530.00
40060.00
39690.00
39280.00
39060.00
38820.00
38580.00
38140.00
37470.00
36730.00
36200.00
35890.00
35620.00
35590.00
35540.00
35460.00
35360.00
35290.00
35380.00
35430.00
35470.00
35460.00
35330.00
34930.00
34650.00
34450.00
34410.00
34630.00
34810.00
35070.00
35440.00
35730.00
35920.00
36200.00
36450.00
36500.00
36590.00
36780.00
36970.00
37070.00
37240.00
37520.00
37920.00
38310.00
