50050.00
50760.00
51640.00
52560.00
52860.00
52920.00
53060.00
53220.00
53400.00
54280.00
55380.00
56680.00
58040.00
59280.00
59980.00
60420.00
60340.00
60480.00
60400.00
60580.00
60500.00
60400.00
60020.00
59980.00
59600.00
59280.00
59120.00
58800.00
58240.00
57840.00
57300.00
56920.00
56680.00
56560.00
56240.00
56160.00
56000.00
55900.00
55700.00
55620.00
55800.00
55740.00
55680.00
56120.00
56340.00
56240.00
56420.00
56320.00
55700.00
55120.00
54480.00
53960.00
53760.00
53600.00
53520.00
53640.00
53480.00
53280.00
53500.00
53820.00
54440.00
55020.00
55720.00
56240.00
56980.00
57300.00
57620.00
57820.00
57720.00
57300.00
57120.00
56980.00
57140.00
57340.00
57400.00
57560.00
58000.00
58220.00
58520.00
59020.00
59260.00
59020.00
58320.00
57560.00
56860.00
56300.00
55760.00
55600.00
55340.00
55140.00
54740.00
54540.00
54380.00
54360.00
54460.00
54540.00
54720.00
54400.00
54300.00
53960.00
53780.00
53660.00
53980.00
54220.00
54460.00
54820.00
54840.00
54760.00
54640.00
54440.00
54180.00
54100.00
53860.00
53620.00
53400.00
53000.00
52460.00
