2275.00
2341.00
2373.00
2417.00
2472.00
2489.00
2505.00
2522.00
2521.00
2502.00
2483.00
2479.00
2485.00
2488.00
2496.00
2461.00
2421.00
2484.00
2592.00
2857.00
3141.00
3417.00
3569.00
3679.00
3600.00
3602.00
3631.00
3690.00
3707.00
3720.00
3696.00
3591.00
3528.00
3511.00
3340.00
3121.00
2977.00
2750.00
2490.00
2414.00
2361.00
2297.00
2257.00
2259.00
2226.00
2209.00
2189.00
2185.00
2159.00
2175.00
2190.00
2194.00
2187.00
2179.00
2239.00
2298.00
2352.00
2432.00
2515.00
2559.00
2593.00
2625.00
2640.00
2671.00
2647.00
2624.00
2621.00
2601.00
2546.00
2526.00
2508.00
2492.00
2486.00
2492.00
2505.00
2496.00
2464.00
2440.00
2430.00
2396.00
2373.00
2365.00
2328.00
2265.00
2220.00
2181.00
2149.00
2185.00
2247.00
2295.00
2358.00
2379.00
2342.00
2304.00
2287.00
2242.00
2224.00
2231.00
2237.00
2257.00
2292.00
2342.00
2388.00
2477.00
2536.00
2610.00
2680.00
2712.00
2710.00
2804.00
2881.00
2933.00
3086.00
3237.00
3269.00
3257.00
3286.00
