2372.00
2372.00
2369.00
2367.00
2361.00
2352.00
2341.00
2338.00
2329.00
2312.00
2307.00
2299.00
2286.00
2279.00
2272.00
2252.00
2246.00
2260.00
2276.00
2297.00
2321.00
2323.00
2323.00
2305.00
2287.00
2271.00
2261.00
2235.00
2221.00
2203.00
2183.00
2160.00
2146.00
2149.00
2147.00
2153.00
2144.00
2132.00
2102.00
2071.00
2031.00
2012.00
2017.00
2029.00
2035.00
2051.00
2062.00
2043.00
2015.00
2000.00
1976.00
1956.00
1939.00
1922.00
1913.00
1915.00
1912.00
1912.00
1955.00
1991.00
2030.00
2058.00
2078.00
2071.00
2064.00
2071.00
2082.00
2103.00
2103.00
2097.00
2072.00
2060.00
2041.00
2025.00
2015.00
2003.00
1982.00
1989.00
2005.00
2031.00
2038.00
2043.00
2041.00
2025.00
1999.00
1999.00
1987.00
1959.00
1914.00
1872.00
1825.00
1793.00
1759.00
1759.00
1758.00
1750.00
1748.00
1745.00
1736.00
1727.00
1722.00
1714.00
1712.00
1718.00
1720.00
1726.00
1734.00
1744.00
1766.00
1787.00
1806.00
1820.00
1820.00
1797.00
1778.00
1755.00
1732.00
