2486.00
2528.00
2543.00
2553.00
2576.00
2599.00
2610.00
2602.00
2588.00
2577.00
2561.00
2536.00
2554.00
2569.00
2585.00
2610.00
2637.00
2650.00
2672.00
2688.00
2704.00
2707.00
2711.00
2719.00
2728.00
2724.00
2732.00
2738.00
2728.00
2719.00
2754.00
2794.00
2838.00
2910.00
2958.00
2983.00
2986.00
3013.00
2971.00
2947.00
2922.00
2962.00
2974.00
3046.00
3104.00
3161.00
3173.00
3171.00
3123.00
3129.00
3099.00
3072.00
3048.00
3055.00
3006.00
2980.00
2957.00
2941.00
2928.00
2929.00
2923.00
2903.00
2890.00
2897.00
2905.00
2932.00
2951.00
2967.00
2947.00
2935.00
2909.00
2892.00
2876.00
2852.00
2816.00
2787.00
2775.00
2777.00
2791.00
2802.00
2801.00
2771.00
2724.00
2678.00
2640.00
2618.00
2583.00
2542.00
2501.00
2461.00
2416.00
2382.00
2347.00
2322.00
2309.00
2288.00
2288.00
2300.00
2303.00
2298.00
2305.00
2321.00
2337.00
2376.00
2403.00
2428.00
2432.00
2425.00
2392.00
2385.00
2370.00
2367.00
2375.00
2382.00
2374.00
2371.00
2360.00
