32060.00
32180.00
32100.00
31860.00
31540.00
31110.00
30770.00
30700.00
30630.00
30760.00
30840.00
30850.00
30870.00
31120.00
31160.00
31100.00
31110.00
31090.00
30950.00
30980.00
31090.00
31140.00
31160.00
31210.00
31230.00
31300.00
31470.00
31680.00
31770.00
31870.00
31950.00
32020.00
31970.00
32050.00
32180.00
32340.00
32490.00
32640.00
32660.00
32600.00
32510.00
32390.00
32230.00
32020.00
31820.00
31640.00
31440.00
31580.00
31910.00
32410.00
32890.00
33400.00
33650.00
33660.00
33640.00
33560.00
33530.00
33480.00
33450.00
33310.00
33150.00
32870.00
32760.00
32920.00
33260.00
33590.00
33990.00
34380.00
34560.00
34580.00
34750.00
34940.00
35010.00
34940.00
34920.00
34810.00
34750.00
34670.00
34720.00
34580.00
34500.00
34310.00
34120.00
33680.00
33490.00
33180.00
33260.00
33320.00
33660.00
33780.00
34110.00
34090.00
34040.00
33900.00
33720.00
33460.00
33430.00
33480.00
33370.00
33390.00
33420.00
33380.00
33350.00
33520.00
33780.00
34030.00
34200.00
34190.00
34260.00
34170.00
34100.00
33930.00
33910.00
33720.00
33690.00
33550.00
33350.00
