44220.00
43880.00
43970.00
44210.00
44340.00
44570.00
44590.00
44600.00
45410.00
46260.00
47200.00
48300.00
49480.00
49530.00
49870.00
49930.00
50080.00
49980.00
50050.00
49560.00
49220.00
49130.00
49170.00
49240.00
49530.00
49770.00
49680.00
49440.00
49250.00
49160.00
49210.00
49190.00
49290.00
49530.00
49800.00
49980.00
50360.00
50660.00
51180.00
51360.00
51300.00
51240.00
51500.00
51440.00
51740.00
52220.00
52620.00
52520.00
52220.00
51660.00
51010.00
50110.00
49450.00
48870.00
48430.00
48440.00
48730.00
49130.00
49690.00
50310.00
50610.00
50680.00
50800.00
50980.00
51000.00
51060.00
51140.00
50910.00
50400.00
50040.00
49770.00
49470.00
49200.00
49070.00
48720.00
48270.00
47670.00
47350.00
46940.00
46530.00
46090.00
45990.00
45750.00
45680.00
45850.00
46180.00
46520.00
46830.00
46900.00
46900.00
46910.00
46760.00
46570.00
46470.00
46380.00
46070.00
45920.00
45680.00
45570.00
45730.00
45960.00
46100.00
46580.00
47110.00
47360.00
47260.00
47190.00
46870.00
46470.00
46080.00
46130.00
46070.00
46060.00
46080.00
46000.00
45950.00
46030.00
