6736.00
6678.00
6646.00
6684.00
6690.00
6802.00
6864.00
6920.00
6856.00
6812.00
6688.00
6590.00
6512.00
6476.00
6396.00
6326.00
6276.00
6178.00
6074.00
6030.00
6086.00
6140.00
6202.00
6296.00
6344.00
6284.00
6280.00
6246.00
6176.00
6052.00
6010.00
5924.00
5880.00
5838.00
5788.00
5708.00
5568.00
5444.00
5298.00
5226.00
5132.00
5138.00
5138.00
5166.00
5186.00
5356.00
5416.00
5452.00
5464.00
5514.00
5444.00
5398.00
5384.00
5382.00
5362.00
5364.00
5386.00
5418.00
5474.00
5522.00
5538.00
5588.00
5616.00
5622.00
5626.00
5618.00
5546.00
5530.00
5492.00
5442.00
5392.00
5362.00
5294.00
5258.00
5206.00
5218.00
5284.00
5360.00
5436.00
5496.00
5490.00
5408.00
5308.00
5191.00
5091.00
5101.00
5046.00
4944.00
4835.00
4749.00
4614.00
4556.00
4540.00
4552.00
4586.00
4527.00
4485.00
4472.00
4480.00
4476.00
4568.00
4680.00
4809.00
4899.00
4983.00
5021.00
5046.00
4999.00
4981.00
5009.00
5045.00
5089.00
5190.00
5368.00
5504.00
5534.00
5578.00
