4862.00
5075.00
5186.00
5350.00
5458.00
5522.00
5558.00
5588.00
5576.00
5528.00
5520.00
5508.00
5536.00
5570.00
5614.00
5588.00
5576.00
5536.00
5558.00
5628.00
5754.00
5822.00
5892.00
5894.00
5818.00
5722.00
5732.00
5730.00
5678.00
5656.00
5682.00
5602.00
5560.00
5560.00
5366.00
5086.00
4844.00
4565.00
4257.00
4159.00
4091.00
4031.00
3989.00
3999.00
3961.00
3964.00
3960.00
3963.00
3939.00
3955.00
3952.00
3946.00
3958.00
3964.00
4009.00
4051.00
4089.00
4118.00
4160.00
4184.00
4195.00
4209.00
4218.00
4242.00
4224.00
4212.00
4194.00
4159.00
4102.00
4080.00
4059.00
4037.00
4022.00
4011.00
3988.00
3952.00
3922.00
3906.00
3898.00
3879.00
3868.00
3831.00
3769.00
3689.00
3625.00
3578.00
3561.00
3579.00
3611.00
3634.00
3647.00
3646.00
3607.00
3573.00
3560.00
3525.00
3498.00
3496.00
3485.00
3472.00
3486.00
3513.00
3557.00
3631.00
3702.00
3770.00
3827.00
3860.00
3870.00
3895.00
3912.00
3922.00
3956.00
3977.00
3981.00
3970.00
3954.00
