3683.00
3698.00
3744.00
3777.00
3809.00
3847.00
3913.00
3945.00
4003.00
4081.00
4147.00
4192.00
4263.00
4305.00
4305.00
4317.00
4329.00
4329.00
4309.00
4307.00
4292.00
4269.00
4247.00
4272.00
4285.00
4301.00
4307.00
4298.00
4270.00
4243.00
4219.00
4220.00
4226.00
4230.00
4235.00
4227.00
4212.00
4201.00
4157.00
4085.00
4024.00
3988.00
3958.00
3955.00
3984.00
4021.00
4052.00
4141.00
4240.00
4317.00
4362.00
4376.00
4333.00
4261.00
4227.00
4241.00
4269.00
4303.00
4367.00
4450.00
4510.00
4569.00
4623.00
4679.00
4714.00
4753.00
4771.00
4775.00
4789.00
4788.00
4786.00
4794.00
4820.00
4797.00
4761.00
4742.00
4721.00
4695.00
4670.00
4662.00
4621.00
4562.00
4496.00
4453.00
4386.00
4360.00
4342.00
4321.00
4296.00
4285.00
4251.00
4219.00
4203.00
4211.00
4222.00
4220.00
4247.00
4254.00
4252.00
4247.00
4244.00
4228.00
4246.00
4265.00
4295.00
4334.00
4364.00
4385.00
4384.00
4374.00
4365.00
4352.00
4331.00
4295.00
4257.00
4372.00
4519.00
