9174.00
9250.00
9280.00
9358.00
9428.00
9522.00
9638.00
9710.00
9734.00
9806.00
9840.00
9880.00
9978.00
10130.00
10230.00
10400.00
10480.00
10500.00
10460.00
10430.00
10330.00
10290.00
10330.00
10340.00
10370.00
10410.00
10480.00
10500.00
10520.00
10450.00
10490.00
10500.00
10480.00
10480.00
10480.00
10430.00
10320.00
10260.00
10154.00
10094.00
9982.00
10002.00
9982.00
10058.00
10108.00
10132.00
10074.00
10008.00
9906.00
9826.00
9756.00
9726.00
9706.00
9630.00
9588.00
9592.00
9538.00
9546.00
9622.00
9660.00
9666.00
9708.00
9734.00
9714.00
9788.00
9866.00
9878.00
9890.00
9920.00
9848.00
9754.00
9738.00
9680.00
9670.00
9718.00
9922.00
10106.00
10364.00
10526.00
10650.00
10690.00
10630.00
10500.00
10374.00
10284.00
10204.00
10214.00
10234.00
10340.00
10710.00
11010.00
11440.00
11800.00
12170.00
12260.00
12320.00
12200.00
12090.00
12040.00
12020.00
12030.00
12120.00
12340.00
12360.00
12320.00
12320.00
12200.00
12050.00
11910.00
11780.00
11610.00
11510.00
11470.00
11490.00
11540.00
11620.00
11730.00
