2314.00
2346.00
2381.00
2428.00
2440.00
2443.00
2468.00
2488.00
2508.00
2553.00
2598.00
2638.00
2677.00
2696.00
2699.00
2701.00
2693.00
2696.00
2705.00
2717.00
2719.00
2709.00
2725.00
2737.00
2748.00
2765.00
2785.00
2775.00
2764.00
2756.00
2752.00
2745.00
2738.00
2732.00
2700.00
2669.00
2649.00
2632.00
2602.00
2590.00
2568.00
2540.00
2510.00
2519.00
2528.00
2545.00
2561.00
2584.00
2579.00
2569.00
2549.00
2522.00
2485.00
2452.00
2429.00
2420.00
2417.00
2423.00
2437.00
2454.00
2474.00
2494.00
2504.00
2515.00
2522.00
2527.00
2543.00
2562.00
2574.00
2587.00
2589.00
2577.00
2564.00
2548.00
2542.00
2535.00
2535.00
2539.00
2537.00
2523.00
2509.00
2501.00
2495.00
2499.00
2506.00
2553.00
2598.00
2633.00
2687.00
2747.00
2795.00
2840.00
2901.00
2936.00
2946.00
2927.00
2899.00
2879.00
2860.00
2859.00
2857.00
2852.00
2835.00
2835.00
2831.00
2835.00
2851.00
2844.00
2823.00
2820.00
2816.00
2801.00
2809.00
2815.00
2806.00
2803.00
2803.00
