2922.00
2870.00
2794.00
2680.00
2623.00
2589.00
2591.00
2609.00
2656.00
2665.00
2736.00
2771.00
2818.00
2847.00
2855.00
2849.00
2858.00
2851.00
2841.00
2837.00
2810.00
2780.00
2773.00
2785.00
2805.00
2799.00
2791.00
2770.00
2723.00
2670.00
2599.00
2536.00
2481.00
2437.00
2388.00
2402.00
2408.00
2390.00
2363.00
2366.00
2327.00
2305.00
2298.00
2320.00
2333.00
2374.00
2397.00
2423.00
2424.00
2437.00
2432.00
2443.00
2440.00
2443.00
2438.00
2459.00
2456.00
2471.00
2483.00
2488.00
2476.00
2475.00
2510.00
2535.00
2600.00
2663.00
2740.00
2748.00
2769.00
2760.00
2769.00
2786.00
2826.00
2853.00
2900.00
2932.00
2913.00
2903.00
2900.00
2895.00
2891.00
2888.00
2897.00
2913.00
2950.00
2994.00
3240.00
3471.00
3681.00
3815.00
3970.00
3914.00
3871.00
3834.00
3859.00
3829.00
3829.00
3839.00
3863.00
3878.00
3949.00
4053.00
4134.00
4214.00
4249.00
4259.00
4204.00
4158.00
4078.00
4013.00
3933.00
3886.00
3812.00
3767.00
3735.00
3688.00
3636.00
