18470.00
18250.00
18110.00
18020.00
17930.00
18080.00
18210.00
18300.00
18360.00
18410.00
18370.00
18340.00
18340.00
18330.00
18350.00
18330.00
18350.00
18390.00
18590.00
18890.00
19330.00
19820.00
20300.00
20670.00
21000.00
21220.00
21400.00
21610.00
21730.00
21530.00
21410.00
21270.00
20980.00
20650.00
20540.00
20520.00
20680.00
20880.00
21110.00
21410.00
21670.00
21820.00
21930.00
22030.00
22030.00
21670.00
21170.00
20910.00
20660.00
20250.00
20090.00
19990.00
19800.00
19660.00
19620.00
19590.00
19540.00
19460.00
19500.00
19600.00
19630.00
19610.00
19550.00
19390.00
19300.00
19270.00
19300.00
19290.00
19430.00
19560.00
19690.00
19740.00
19780.00
19680.00
19540.00
19450.00
19390.00
19320.00
19280.00
19260.00
19210.00
19150.00
19170.00
19140.00
19060.00
18990.00
19100.00
19230.00
19420.00
19660.00
19860.00
20000.00
20060.00
20060.00
20060.00
20030.00
19860.00
19750.00
19650.00
19560.00
19610.00
19670.00
19820.00
19920.00
20100.00
20230.00
20380.00
20380.00
20460.00
20460.00
20450.00
20450.00
20550.00
20620.00
20680.00
20740.00
20840.00
