1366.00
1400.00
1422.00
1444.00
1453.00
1457.00
1451.00
1449.00
1442.00
1444.00
1448.00
1444.00
1443.00
1443.00
1443.00
1446.00
1450.00
1455.00
1449.00
1437.00
1428.00
1416.00
1408.00
1411.00
1411.00
1411.00
1422.00
1428.00
1426.00
1431.00
1438.00
1437.00
1433.00
1452.00
1445.00
1435.00
1436.00
1450.00
1435.00
1440.00
1433.00
1426.00
1409.00
1406.00
1401.00
1410.00
1412.00
1411.00
1404.00
1397.00
1377.00
1359.00
1350.00
1332.00
1318.00
1319.00
1321.00
1321.00
1333.00
1348.00
1360.00
1370.00
1384.00
1399.00
1411.00
1417.00
1421.00
1427.00
1428.00
1435.00
1437.00
1445.00
1446.00
1445.00
1437.00
1436.00
1433.00
1433.00
1438.00
1442.00
1444.00
1427.00
1398.00
1363.00
1334.00
1317.00
1311.00
1307.00
1310.00
1304.00
1289.00
1269.00
1250.00
1229.00
1221.00
1207.00
1202.00
1202.00
1200.00
1190.00
1191.00
1195.00
1199.00
1210.00
1219.00
1227.00
1232.00
1234.00
1234.00
1236.00
1237.00
1234.00
1236.00
1231.00
1226.00
1218.00
1211.00
