2764.00
2736.00
2724.00
2708.00
2682.00
2690.00
2698.00
2697.00
2700.00
2709.00
2693.00
2677.00
2672.00
2677.00
2680.00
2686.00
2694.00
2716.00
2719.00
2744.00
2769.00
2799.00
2800.00
2803.00
2788.00
2781.00
2775.00
2762.00
2743.00
2728.00
2715.00
2692.00
2689.00
2697.00
2671.00
2659.00
2653.00
2665.00
2665.00
2693.00
2708.00
2740.00
2759.00
2792.00
2805.00
2828.00
2831.00
2825.00
2798.00
2788.00
2750.00
2702.00
2645.00
2598.00
2559.00
2542.00
2537.00
2549.00
2566.00
2576.00
2578.00
2578.00
2587.00
2607.00
2626.00
2641.00
2651.00
2649.00
2651.00
2647.00
2653.00
2668.00
2691.00
2731.00
2747.00
2769.00
2780.00
2792.00
2887.00
3046.00
3164.00
3261.00
3341.00
3304.00
3241.00
3217.00
3255.00
3275.00
3263.00
3246.00
3192.00
3084.00
3007.00
2969.00
2929.00
2917.00
2947.00
2971.00
2984.00
3017.00
3061.00
3081.00
3108.00
3136.00
3120.00
3106.00
3097.00
3107.00
3106.00
3135.00
3173.00
3186.00
3170.00
3148.00
3115.00
3057.00
3003.00
