71500.00
71020.00
70420.00
70260.00
71080.00
72400.00
72980.00
73340.00
73900.00
73880.00
73820.00
74860.00
76140.00
77720.00
78040.00
78060.00
77540.00
77280.00
76420.00
76460.00
76020.00
75260.00
74520.00
74140.00
73880.00
74520.00
75820.00
76980.00
78440.00
79820.00
80900.00
81820.00
83260.00
83840.00
83760.00
84080.00
84020.00
82960.00
82900.00
83440.00
83460.00
83560.00
84200.00
83820.00
84340.00
86280.00
88200.00
90500.00
92400.00
93680.00
93320.00
93500.00
93260.00
93540.00
93880.00
94640.00
94380.00
94140.00
94880.00
95360.00
95880.00
97900.00
100220.00
101820.00
103260.00
104500.00
104900.00
104500.00
104000.00
103800.00
103500.00
103500.00
103600.00
104400.00
105100.00
106900.00
108900.00
111200.00
112500.00
113300.00
112800.00
110700.00
109600.00
107200.00
106000.00
104200.00
103020.00
100740.00
99940.00
98340.00
98180.00
97180.00
96200.00
95160.00
94140.00
92920.00
92440.00
92820.00
93320.00
92980.00
92960.00
93420.00
93320.00
93220.00
94300.00
94560.00
94900.00
95460.00
96260.00
97640.00
99080.00
99380.00
99160.00
98340.00
96620.00
95820.00
95880.00
