64200.00
64100.00
64120.00
64240.00
64380.00
64780.00
65060.00
65380.00
65620.00
65880.00
65900.00
66040.00
66140.00
66120.00
66160.00
66020.00
65920.00
65840.00
65880.00
65860.00
65980.00
66060.00
66340.00
66700.00
67080.00
67300.00
67600.00
67800.00
67780.00
67720.00
67820.00
67800.00
67640.00
67600.00
67520.00
67440.00
67700.00
67800.00
67960.00
68180.00
68340.00
68220.00
68300.00
68460.00
68600.00
68980.00
69140.00
69220.00
69320.00
69540.00
69540.00
69660.00
69860.00
69540.00
69200.00
68940.00
68560.00
68400.00
68580.00
68720.00
68860.00
69120.00
69100.00
69340.00
69660.00
70100.00
71520.00
73360.00
74780.00
75760.00
76780.00
76740.00
76060.00
75640.00
75580.00
75260.00
74820.00
74580.00
74120.00
73340.00
72760.00
71940.00
71280.00
70560.00
70180.00
69740.00
69740.00
69720.00
69740.00
69980.00
70040.00
69920.00
69680.00
69360.00
68780.00
68080.00
67540.00
67320.00
67400.00
67540.00
67900.00
68200.00
68180.00
68100.00
67960.00
67860.00
67840.00
67920.00
67880.00
67800.00
67740.00
67840.00
67920.00
68240.00
68440.00
68780.00
68960.00
