76000.00
75921.58
76333.34
75862.74
75294.12
74607.84
73686.26
72882.34
72843.12
72764.70
72803.92
72941.18
72843.14
72588.24
72450.98
72098.04
71823.54
71843.14
71686.28
71627.46
72000.00
72980.38
73529.40
74274.50
75235.28
75725.48
75725.48
76333.34
76921.58
77411.78
78019.62
78529.42
78705.88
78843.14
78901.96
79392.16
79980.40
80588.24
81039.22
81098.04
80627.46
80098.06
79607.86
79000.02
78960.80
78862.76
78509.80
78156.86
77607.84
76803.92
76196.06
76117.64
75627.46
75254.90
75274.52
75451.00
75176.48
75568.62
75921.56
75647.04
75294.10
75000.00
74647.06
74431.38
74568.64
74549.02
74549.02
74313.74
73901.98
73431.38
73254.92
72980.40
72509.80
72235.28
71862.74
71764.70
72058.82
72627.46
73176.48
73509.82
73352.96
72352.96
71235.30
69941.18
69058.82
68666.66
68705.88
68647.06
68549.02
68235.30
67529.42
67039.22
66843.14
66980.40
67196.08
67352.94
67470.58
67470.58
67392.14
67215.66
67019.58
66843.12
66725.48
66843.14
67254.92
68098.06
68686.28
68843.14
68745.10
68784.30
68647.04
68490.18
68450.96
68450.96
68411.76
68137.26
67843.14
