1497.00
1526.00
1545.00
1590.00
1628.00
1661.00
1705.00
1738.00
1761.00
1765.00
1751.00
1725.00
1722.00
1718.00
1727.00
1722.00
1726.00
1718.00
1735.00
1755.00
1807.00
1841.00
1886.00
1892.00
1886.00
1863.00
1849.00
1829.00
1802.00
1774.00
1751.00
1727.00
1710.00
1702.00
1652.00
1589.00
1541.00
1480.00
1415.00
1401.00
1388.00
1374.00
1365.00
1371.00
1357.00
1355.00
1347.00
1340.00
1321.00
1323.00
1321.00
1317.00
1312.00
1308.00
1315.00
1322.00
1327.00
1344.00
1366.00
1381.00
1390.00
1404.00
1404.00
1404.00
1393.00
1393.00
1396.00
1405.00
1417.00
1440.00
1452.00
1450.00
1458.00
1453.00
1428.00
1400.00
1378.00
1347.00
1327.00
1318.00
1313.00
1301.00
1281.00
1255.00
1231.00
1217.00
1212.00
1218.00
1217.00
1219.00
1220.00
1214.00
1197.00
1192.00
1195.00
1186.00
1182.00
1183.00
1183.00
1177.00
1179.00
1187.00
1198.00
1215.00
1233.00
1250.00
1265.00
1276.00
1292.00
1317.00
1341.00
1362.00
1426.00
1482.00
1539.00
1578.00
1604.00
