2910.00
2971.00
3007.00
3104.00
3234.00
3366.00
3527.00
3711.00
3820.00
3874.00
3908.00
3885.00
3854.00
3818.00
3782.00
3742.00
3686.00
3631.00
3650.00
3725.00
3841.00
3947.00
4129.00
4257.00
4351.00
4369.00
4375.00
4325.00
4289.00
4218.00
4160.00
4113.00
4119.00
4121.00
4025.00
3945.00
3886.00
3742.00
3541.00
3468.00
3432.00
3385.00
3341.00
3370.00
3363.00
3342.00
3318.00
3290.00
3231.00
3202.00
3160.00
3143.00
3169.00
3174.00
3212.00
3325.00
3395.00
3452.00
3516.00
3580.00
3555.00
3532.00
3554.00
3588.00
3598.00
3653.00
3702.00
3694.00
3666.00
3647.00
3679.00
3694.00
3690.00
3672.00
3639.00
3538.00
3469.00
3430.00
3416.00
3398.00
3369.00
3318.00
3263.00
3213.00
3169.00
3175.00
3209.00
3251.00
3287.00
3326.00
3329.00
3302.00
3262.00
3219.00
3203.00
3158.00
3140.00
3149.00
3159.00
3161.00
3192.00
3230.00
3260.00
3317.00
3357.00
3400.00
3443.00
3469.00
3467.00
3490.00
3496.00
3487.00
3510.00
3515.00
3490.00
3475.00
3468.00
