3906.00
3955.00
3998.00
4046.00
4080.00
4072.00
4095.00
4107.00
4089.00
4086.00
4094.00
4110.00
4110.00
4145.00
4166.00
4167.00
4161.00
4174.00
4294.00
4417.00
4540.00
4635.00
4727.00
4682.00
4661.00
4645.00
4634.00
4628.00
4609.00
4597.00
4591.00
4589.00
4545.00
4542.00
4459.00
4413.00
4393.00
4426.00
4438.00
4504.00
4529.00
4549.00
4571.00
4599.00
4617.00
4647.00
4661.00
4660.00
4659.00
4671.00
4680.00
4691.00
4782.00
4953.00
5141.00
5323.00
5520.00
5652.00
5734.00
5810.00
5888.00
5948.00
5984.00
5984.00
5964.00
5966.00
6018.00
6084.00
6154.00
6252.00
6412.00
6558.00
6704.00
6872.00
7080.00
7202.00
7296.00
7390.00
7512.00
7588.00
7666.00
7640.00
7588.00
7348.00
7182.00
7090.00
7062.00
7082.00
7236.00
7300.00
7252.00
7164.00
7112.00
7086.00
7100.00
7324.00
7580.00
7776.00
7918.00
7984.00
7968.00
8018.00
8064.00
8140.00
8252.00
8210.00
8144.00
8052.00
7922.00
7776.00
7680.00
7592.00
7526.00
7528.00
7572.00
7590.00
7612.00
