22640.00
23230.00
24070.00
24700.00
25370.00
25680.00
26210.00
26430.00
26860.00
26880.00
28350.00
28870.00
29510.00
30090.00
30820.00
30450.00
30930.00
31360.00
31880.00
32250.00
31610.00
31320.00
30830.00
30140.00
29980.00
30220.00
30160.00
30250.00
30460.00
30350.00
30270.00
30030.00
29730.00
29520.00
29170.00
28980.00
28930.00
28990.00
29040.00
29260.00
29360.00
29350.00
30080.00
30370.00
30710.00
30960.00
31290.00
30860.00
30960.00
30930.00
30970.00
30980.00
30880.00
30880.00
30800.00
30890.00
31350.00
31950.00
32410.00
32980.00
33210.00
33100.00
32910.00
32970.00
33170.00
35710.00
36430.00
36740.00
36670.00
36550.00
34210.00
33570.00
33270.00
32970.00
32700.00
32740.00
32800.00
33490.00
35390.00
37430.00
39330.00
40900.00
41930.00
41200.00
40640.00
39770.00
39760.00
39860.00
40390.00
40380.00
40520.00
40300.00
39770.00
39060.00
38460.00
37990.00
37070.00
36240.00
35560.00
34630.00
33760.00
33250.00
32820.00
32650.00
32870.00
32690.00
32280.00
31640.00
31040.00
30420.00
30160.00
29590.00
28890.00
28010.00
27140.00
26160.00
25570.00
