94920.00
94660.00
95300.00
96520.00
96240.00
97040.00
96500.00
95780.00
95080.00
95720.00
95340.00
95420.00
96500.00
99480.00
101220.00
104880.00
108000.00
109800.00
110000.00
110700.00
109200.00
108200.00
109200.00
110200.00
111100.00
112000.00
113100.00
112800.00
112100.00
110900.00
110600.00
109900.00
109500.00
109500.00
109300.00
108900.00
107700.00
106100.00
104000.00
102520.00
101120.00
100820.00
100620.00
100420.00
100440.00
100440.00
100140.00
100040.00
100440.00
101000.00
100940.00
100580.00
101280.00
101280.00
101680.00
103240.00
105100.00
106600.00
108800.00
110400.00
110600.00
111200.00
111100.00
110800.00
111100.00
111900.00
112200.00
113600.00
114100.00
114300.00
115000.00
115400.00
114100.00
113300.00
111700.00
109600.00
108500.00
107800.00
106500.00
105500.00
104900.00
103200.00
101560.00
100120.00
99380.00
99180.00
98840.00
98520.00
98340.00
98380.00
97580.00
97280.00
96920.00
96980.00
96660.00
96540.00
96360.00
96220.00
96360.00
96440.00
96340.00
96260.00
96320.00
96240.00
96100.00
95980.00
95700.00
95280.00
94640.00
94560.00
95000.00
95380.00
95800.00
96060.00
95680.00
95660.00
96020.00
