66240.00
66020.00
66260.00
66900.00
67860.00
69820.00
70440.00
70760.00
70500.00
70680.00
70860.00
71680.00
72620.00
73220.00
73100.00
72580.00
72060.00
71720.00
71900.00
71900.00
72020.00
72940.00
73740.00
74740.00
76700.00
78880.00
81320.00
83080.00
84220.00
85540.00
86840.00
87060.00
87740.00
88860.00
89280.00
89580.00
90420.00
90860.00
91160.00
91160.00
91060.00
90160.00
89980.00
89860.00
89900.00
90400.00
91300.00
91780.00
91500.00
90440.00
88740.00
87860.00
87900.00
88240.00
89660.00
92880.00
94500.00
95180.00
95960.00
96360.00
95240.00
94620.00
94340.00
95300.00
96540.00
97320.00
98140.00
99760.00
99960.00
100260.00
100460.00
101460.00
102360.00
103560.00
104860.00
105200.00
105200.00
104200.00
102600.00
100600.00
99180.00
96180.00
93820.00
91340.00
89140.00
87900.00
87680.00
86920.00
86820.00
86580.00
86640.00
87400.00
87880.00
88140.00
89240.00
88360.00
86260.00
84860.00
83980.00
82380.00
82160.00
82780.00
81980.00
80540.00
79160.00
77520.00
75640.00
74760.00
74200.00
73480.00
73220.00
73120.00
73120.00
73120.00
72900.00
72620.00
72600.00
