2272.00
2372.00
2352.00
2385.00
2414.00
2471.00
2558.00
2719.00
2845.00
2940.00
3014.00
3025.00
2986.00
2958.00
2940.00
2888.00
2879.00
2886.00
2919.00
2961.00
3029.00
3045.00
3047.00
3018.00
2958.00
2895.00
2872.00
2858.00
2824.00
2796.00
2782.00
2744.00
2719.00
2720.00
2626.00
2495.00
2403.00
2279.00
2132.00
2107.00
2095.00
2074.00
2057.00
2072.00
2040.00
2040.00
2041.00
2043.00
2016.00
2030.00
2032.00
2020.00
2010.00
2005.00
2038.00
2064.00
2088.00
2118.00
2151.00
2162.00
2157.00
2159.00
2162.00
2182.00
2163.00
2155.00
2140.00
2113.00
2068.00
2046.00
2028.00
2018.00
2013.00
2007.00
2006.00
1995.00
1980.00
1969.00
1962.00
1944.00
1935.00
1914.00
1882.00
1852.00
1831.00
1817.00
1819.00
1873.00
1930.00
1977.00
2014.00
2021.00
1995.00
1958.00
1935.00
1910.00
1909.00
1906.00
1912.00
1919.00
1940.00
1978.00
2015.00
2070.00
2111.00
2163.00
2222.00
2254.00
2256.00
2300.00
2315.00
2296.00
2327.00
2351.00
2335.00
2319.00
2315.00
