21230.00
21290.00
21400.00
21590.00
21660.00
21990.00
22090.00
22000.00
22080.00
22740.00
22980.00
23340.00
23730.00
24160.00
24100.00
24460.00
24600.00
24730.00
24600.00
24510.00
24210.00
23920.00
23810.00
23800.00
23800.00
23690.00
23620.00
23450.00
23250.00
22910.00
22740.00
22740.00
22700.00
22650.00
22470.00
22380.00
22070.00
21810.00
21520.00
21360.00
21060.00
21000.00
20840.00
20780.00
20730.00
20780.00
20680.00
20620.00
20550.00
20530.00
20350.00
20140.00
20090.00
19780.00
19520.00
19440.00
19370.00
19350.00
19510.00
19630.00
19680.00
19850.00
19900.00
19960.00
20220.00
20380.00
20370.00
20470.00
20430.00
20210.00
20080.00
19960.00
19660.00
19510.00
19290.00
19100.00
18980.00
18930.00
18870.00
18810.00
18690.00
18360.00
18030.00
17600.00
17270.00
17170.00
17170.00
17130.00
17100.00
17060.00
16870.00
16830.00
16680.00
16590.00
16550.00
16440.00
16310.00
16320.00
16420.00
16610.00
16870.00
17130.00
17340.00
17490.00
17470.00
17460.00
17380.00
17320.00
17240.00
17240.00
17260.00
17270.00
17280.00
17320.00
17270.00
17160.00
17000.00
