33670.00
33400.00
33760.00
33460.00
33160.00
32930.00
32840.00
32460.00
32300.00
32040.00
31820.00
31420.00
31340.00
31340.00
31700.00
32010.00
32590.00
33280.00
34080.00
34830.00
35710.00
36620.00
36980.00
37300.00
37380.00
37330.00
37090.00
37370.00
37310.00
37430.00
37380.00
37280.00
36910.00
37030.00
36980.00
37550.00
37940.00
38250.00
37850.00
37600.00
36950.00
36520.00
36550.00
36870.00
37030.00
37130.00
36940.00
36590.00
35830.00
35320.00
34540.00
34280.00
33870.00
33820.00
33790.00
34010.00
33990.00
34400.00
34810.00
34850.00
34810.00
34740.00
34390.00
34210.00
34250.00
34250.00
34210.00
33960.00
33490.00
33120.00
32980.00
32800.00
32620.00
32500.00
32290.00
32130.00
32080.00
32170.00
32400.00
32460.00
32230.00
31680.00
31250.00
30550.00
30030.00
29780.00
29720.00
29360.00
29020.00
28770.00
28470.00
28080.00
28030.00
28150.00
28260.00
27820.00
27690.00
27480.00
27250.00
26920.00
27020.00
27120.00
27100.00
27220.00
27220.00
27280.00
27070.00
26690.00
26360.00
26180.00
26200.00
26360.00
26650.00
26770.00
27000.00
26810.00
26340.00
