39020.00
39050.00
39300.00
39540.00
39760.00
40130.00
41040.00
41590.00
42160.00
42680.00
43040.00
42660.00
42720.00
42860.00
43140.00
43380.00
43390.00
43310.00
43110.00
42850.00
42710.00
42980.00
43160.00
43580.00
44770.00
46340.00
47700.00
49020.00
50070.00
50080.00
49850.00
49540.00
49490.00
49250.00
48920.00
48950.00
48890.00
48570.00
49070.00
50880.00
52560.00
54330.00
56360.00
57860.00
58680.00
59020.00
59380.00
59460.00
58960.00
58580.00
57700.00
57800.00
57900.00
58040.00
57620.00
57880.00
57280.00
56700.00
56600.00
56340.00
55980.00
55320.00
54820.00
54540.00
54680.00
54580.00
54460.00
54620.00
54200.00
53820.00
54120.00
54340.00
54280.00
54480.00
54040.00
53280.00
52740.00
52320.00
52040.00
51820.00
51420.00
50970.00
50510.00
49270.00
48910.00
49010.00
48840.00
48980.00
49650.00
49690.00
49190.00
48670.00
47620.00
46630.00
46230.00
45870.00
45640.00
45550.00
45310.00
44830.00
44500.00
44410.00
44410.00
45050.00
45400.00
45680.00
45760.00
45240.00
44410.00
43940.00
43590.00
43170.00
43210.00
43140.00
42720.00
42280.00
42040.00
