3687.00
3693.00
3712.00
3719.00
3749.00
3792.00
3828.00
3850.00
3884.00
3918.00
3945.00
3985.00
4052.00
4100.00
4116.00
4124.00
4127.00
4123.00
4117.00
4130.00
4146.00
4152.00
4152.00
4159.00
4166.00
4172.00
4189.00
4199.00
4198.00
4196.00
4212.00
4232.00
4241.00
4257.00
4263.00
4283.00
4288.00
4332.00
4333.00
4351.00
4399.00
4478.00
4538.00
4657.00
4795.00
4871.00
4931.00
4966.00
4994.00
5008.00
5020.00
5030.00
5050.00
5048.00
5024.00
5014.00
5040.00
5064.00
5114.00
5164.00
5228.00
5258.00
5300.00
5338.00
5420.00
5454.00
5444.00
5524.00
5540.00
5510.00
5598.00
5726.00
5748.00
5806.00
5882.00
5874.00
5860.00
5852.00
5868.00
5844.00
5782.00
5682.00
5572.00
5470.00
5400.00
5376.00
5334.00
5269.00
5169.00
5077.00
4946.00
4856.00
4787.00
4733.00
4675.00
4602.00
4563.00
4539.00
4516.00
4494.00
4505.00
4507.00
4509.00
4523.00
4555.00
4591.00
4621.00
4629.00
4622.00
4598.00
4575.00
4551.00
4532.00
4512.00
4454.00
4393.00
4339.00
