133700.00
135700.00
136400.00
135500.00
134700.00
135600.00
135800.00
135900.00
137000.00
138400.00
139200.00
140100.00
140500.00
140400.00
140500.00
140700.00
141400.00
141600.00
139400.00
136500.00
133400.00
130800.00
129200.00
129000.00
128300.00
127900.00
127300.00
126800.00
127200.00
128700.00
130200.00
131100.00
131500.00
131800.00
131700.00
131400.00
131500.00
132400.00
132400.00
131200.00
129900.00
128400.00
126300.00
125200.00
126000.00
126900.00
127600.00
128400.00
128800.00
128100.00
125400.00
123200.00
121000.00
118800.00
117400.00
118100.00
118200.00
119200.00
120100.00
120900.00
121300.00
121800.00
121300.00
120900.00
120300.00
120400.00
120800.00
121500.00
122000.00
122200.00
121700.00
122400.00
122600.00
122800.00
123200.00
124500.00
124000.00
125000.00
125900.00
125700.00
124500.00
122700.00
120000.00
116700.00
114100.00
112300.00
111000.00
109800.00
109100.00
108700.00
108200.00
108700.00
109000.00
109800.00
111200.00
111600.00
112400.00
113700.00
114700.00
115600.00
117000.00
117200.00
117100.00
117600.00
117800.00
118300.00
119500.00
119800.00
119600.00
119600.00
119700.00
119600.00
120400.00
121300.00
121300.00
121200.00
120500.00
