5632.00
5614.00
5676.00
5744.00
5806.00
5850.00
5852.00
5852.00
5838.00
5828.00
5798.00
5782.00
5818.00
5856.00
5900.00
5956.00
5994.00
5998.00
5990.00
6060.00
6112.00
6138.00
6154.00
6212.00
6148.00
6112.00
6134.00
6198.00
6234.00
6292.00
6334.00
6462.00
6534.00
6652.00
6698.00
6796.00
6744.00
6728.00
6632.00
6548.00
6456.00
6392.00
6324.00
6324.00
6332.00
6314.00
6282.00
6204.00
6070.00
5970.00
5842.00
5750.00
5696.00
5668.00
5650.00
5698.00
5736.00
5788.00
5840.00
5884.00
5904.00
5920.00
5948.00
5996.00
6056.00
6120.00
6188.00
6238.00
6240.00
6224.00
6298.00
6324.00
6312.00
6314.00
6292.00
6172.00
6114.00
6094.00
6088.00
6094.00
6088.00
6014.00
5918.00
5790.00
5704.00
5626.00
5566.00
5488.00
5430.00
5334.00
5238.00
5178.00
5126.00
5098.00
5092.00
5066.00
5019.00
5023.00
5039.00
5053.00
5109.00
5182.00
5264.00
5332.00
5398.00
5442.00
5460.00
5446.00
5416.00
5394.00
5376.00
5378.00
5356.00
5332.00
5290.00
5236.00
5192.00
