33320.00
33330.00
33350.00
33390.00
33370.00
33380.00
33330.00
33260.00
33250.00
33540.00
34010.00
34580.00
35360.00
36060.00
36370.00
36550.00
36610.00
36600.00
36350.00
36160.00
35850.00
35540.00
35080.00
35010.00
35010.00
35370.00
35490.00
35550.00
35480.00
35410.00
35110.00
35090.00
35160.00
35180.00
35220.00
35480.00
35560.00
35640.00
35720.00
35790.00
35630.00
35600.00
35690.00
35850.00
36130.00
36370.00
36480.00
36610.00
36640.00
36480.00
36460.00
36580.00
36550.00
36570.00
36700.00
36660.00
36560.00
36370.00
36210.00
35950.00
35730.00
35510.00
35450.00
35350.00
35290.00
35300.00
35370.00
35390.00
35360.00
35400.00
35340.00
35290.00
35210.00
35280.00
35200.00
35190.00
35150.00
35140.00
35020.00
34990.00
34930.00
34970.00
34930.00
34970.00
35050.00
35110.00
35050.00
35110.00
35130.00
35110.00
35120.00
35170.00
35140.00
35000.00
34990.00
34760.00
34560.00
34540.00
34610.00
34570.00
34730.00
34850.00
34900.00
34970.00
35000.00
34810.00
34620.00
34350.00
33890.00
33520.00
33370.00
33250.00
33110.00
33130.00
33070.00
33040.00
32990.00
