19400.00
19480.00
19720.00
20150.00
20550.00
20980.00
21240.00
21500.00
21510.00
21550.00
21490.00
21450.00
21360.00
21360.00
21410.00
21540.00
21800.00
22080.00
22240.00
22380.00
22380.00
22200.00
21980.00
21940.00
21770.00
21630.00
21620.00
21710.00
21940.00
22240.00
22620.00
22980.00
23300.00
23420.00
23430.00
23530.00
23480.00
23470.00
23220.00
23050.00
22870.00
22870.00
22840.00
22980.00
23170.00
23350.00
23360.00
23260.00
23120.00
22830.00
22410.00
21930.00
21650.00
21320.00
21090.00
21140.00
21390.00
21680.00
22080.00
22470.00
22680.00
22890.00
22940.00
22950.00
22920.00
22910.00
22800.00
22720.00
22460.00
22280.00
22090.00
21790.00
21430.00
21260.00
20910.00
20750.00
20650.00
20600.00
20560.00
20600.00
20560.00
20630.00
20740.00
20690.00
20720.00
20860.00
20920.00
20940.00
21020.00
21140.00
21210.00
21220.00
21230.00
21250.00
21260.00
20970.00
20840.00
20720.00
20780.00
20910.00
21180.00
21320.00
21460.00
21540.00
21490.00
21440.00
21330.00
21200.00
21040.00
21260.00
21510.00
21850.00
22170.00
22440.00
22330.00
22210.00
22250.00
