5396.00
5516.00
5578.00
5978.00
6438.00
7254.00
8022.00
8724.00
9012.00
9226.00
9030.00
8942.00
8984.00
9268.00
9534.00
9666.00
9636.00
9570.00
9300.00
9070.00
9126.00
9182.00
9234.00
9544.00
9784.00
9810.00
9836.00
9820.00
9526.00
9094.00
8778.00
8528.00
8392.00
8264.00
7916.00
7568.00
7246.00
6804.00
6350.00
6260.00
6188.00
6104.00
6048.00
6084.00
6006.00
5992.00
5970.00
5956.00
5906.00
5942.00
5934.00
5900.00
5870.00
5836.00
5884.00
5928.00
5988.00
6076.00
6154.00
6182.00
6190.00
6200.00
6196.00
6242.00
6218.00
6188.00
6132.00
6070.00
5960.00
5896.00
5850.00
5820.00
5780.00
5710.00
5694.00
5580.00
5452.00
5366.00
5324.00
5240.00
5242.00
5238.00
5228.00
5232.00
5236.00
5284.00
5320.00
5400.00
5408.00
5426.00
5452.00
5488.00
5394.00
5356.00
5318.00
5220.00
5150.00
5152.00
5164.00
5168.00
5214.00
5276.00
5362.00
5538.00
5686.00
5830.00
5942.00
5992.00
5966.00
6018.00
6022.00
5980.00
6012.00
5982.00
5896.00
5794.00
5724.00
