47050.00
47530.00
48690.00
49720.00
50290.00
51020.00
51620.00
51900.00
52360.00
52940.00
53120.00
52940.00
52680.00
52580.00
52360.00
52360.00
52600.00
52760.00
52680.00
52560.00
52360.00
51860.00
51600.00
51320.00
51200.00
51240.00
51480.00
51740.00
52440.00
53000.00
53520.00
53980.00
54320.00
54320.00
54020.00
53760.00
53320.00
52780.00
51820.00
51140.00
50260.00
49590.00
49080.00
48880.00
48800.00
49060.00
49170.00
49110.00
48900.00
48570.00
48050.00
47680.00
47500.00
47380.00
47370.00
47700.00
48000.00
48350.00
48880.00
49360.00
49580.00
49770.00
49840.00
49840.00
49670.00
49550.00
49330.00
49110.00
48760.00
48610.00
48530.00
48580.00
48660.00
48850.00
48820.00
48970.00
48820.00
48780.00
48650.00
48480.00
48120.00
47660.00
47090.00
46410.00
45960.00
45620.00
45650.00
45550.00
45480.00
45410.00
45230.00
45010.00
44790.00
45050.00
45720.00
46130.00
46930.00
47740.00
48230.00
48210.00
48610.00
48640.00
48730.00
48740.00
48800.00
48670.00
48400.00
48090.00
48070.00
48370.00
48580.00
49050.00
49660.00
49960.00
50030.00
50220.00
50320.00
