440900.00
444500.00
445700.00
444600.00
443200.00
441100.00
438500.00
434000.00
429200.00
428600.00
427600.00
428100.00
427400.00
428100.00
426900.00
427600.00
428500.00
432300.00
434500.00
439100.00
441200.00
440600.00
439600.00
438100.00
435600.00
433600.00
433900.00
433900.00
436900.00
440000.00
444200.00
449300.00
455600.00
459300.00
460400.00
461300.00
459600.00
456700.00
454300.00
450400.00
447200.00
445600.00
445400.00
446100.00
450800.00
454700.00
457100.00
459100.00
459800.00
460000.00
460100.00
459800.00
458700.00
458600.00
459300.00
460700.00
464600.00
470400.00
476400.00
480700.00
482900.00
484300.00
483800.00
482300.00
480500.00
477600.00
475700.00
472000.00
467100.00
463100.00
460500.00
456400.00
453000.00
451600.00
449100.00
449000.00
449400.00
449400.00
447700.00
446200.00
442700.00
437100.00
434300.00
431500.00
430200.00
430300.00
429800.00
427500.00
426800.00
425500.00
425100.00
427800.00
431200.00
434300.00
436500.00
436600.00
437100.00
436800.00
439200.00
441800.00
444400.00
446600.00
450700.00
452800.00
455400.00
459800.00
464600.00
467100.00
468100.00
469400.00
470000.00
470200.00
470100.00
472500.00
475200.00
474800.00
475200.00
