1410.00
1421.00
1421.00
1417.00
1409.00
1403.00
1404.00
1409.00
1421.00
1440.00
1457.00
1473.00
1487.00
1492.00
1496.00
1495.00
1488.00
1473.00
1465.00
1461.00
1463.00
1470.00
1492.00
1511.00
1520.00
1529.00
1551.00
1567.00
1581.00
1593.00
1603.00
1599.00
1582.00
1558.00
1527.00
1504.00
1483.00
1474.00
1471.00
1471.00
1451.00
1441.00
1427.00
1420.00
1420.00
1431.00
1427.00
1418.00
1409.00
1403.00
1400.00
1400.00
1409.00
1417.00
1422.00
1416.00
1415.00
1415.00
1412.00
1414.00
1428.00
1440.00
1445.00
1457.00
1478.00
1487.00
1484.00
1486.00
1489.00
1481.00
1474.00
1481.00
1486.00
1477.00
1468.00
1467.00
1460.00
1462.00
1467.00
1471.00
1468.00
1461.00
1450.00
1440.00
1431.00
1427.00
1428.00
1426.00
1424.00
1417.00
1417.00
1415.00
1408.00
1400.00
1396.00
1383.00
1369.00
1365.00
1368.00
1374.00
1387.00
1405.00
1471.00
1526.00
1580.00
1629.00
1684.00
1671.00
1657.00
1635.00
1615.00
1587.00
1584.00
1593.00
1650.00
1771.00
1857.00
