9504.00
9412.00
9422.00
9526.00
9606.00
9708.00
9824.00
9878.00
9888.00
9864.00
9832.00
9762.00
9718.00
9718.00
9792.00
9902.00
10092.00
10332.00
10490.00
10630.00
10710.00
10730.00
10700.00
10720.00
10730.00
10820.00
11000.00
11200.00
11390.00
11600.00
11720.00
11750.00
11690.00
11640.00
11410.00
11270.00
11050.00
10950.00
10780.00
10760.00
10650.00
10700.00
10690.00
10850.00
10990.00
11210.00
11200.00
11190.00
11120.00
11090.00
10950.00
10980.00
11200.00
11370.00
11530.00
11770.00
11920.00
11880.00
11890.00
12160.00
12450.00
12680.00
12920.00
13070.00
13090.00
13030.00
13000.00
13020.00
13060.00
12990.00
12920.00
12830.00
12630.00
12480.00
12200.00
12020.00
12090.00
12260.00
12320.00
12510.00
12600.00
12400.00
12150.00
11890.00
11610.00
11470.00
11390.00
11360.00
11350.00
11320.00
11200.00
11060.00
10870.00
10700.00
10600.00
10450.00
10360.00
10180.00
10040.00
9870.00
9810.00
9800.00
9900.00
10010.00
10066.00
10116.00
10126.00
10136.00
10106.00
10180.00
10220.00
10260.00
10340.00
10420.00
10430.00
10410.00
10390.00
