60840.00
61400.00
61520.00
60960.00
60780.00
61300.00
61780.00
61960.00
62780.00
63520.00
64000.00
63980.00
64280.00
64320.00
64480.00
64560.00
65000.00
64760.00
63700.00
62720.00
62020.00
61080.00
60820.00
61200.00
61180.00
61000.00
60920.00
60840.00
60660.00
61160.00
61560.00
61900.00
62160.00
62460.00
62360.00
62000.00
61580.00
61200.00
60560.00
59520.00
58800.00
58140.00
57460.00
57320.00
57600.00
57640.00
57880.00
58100.00
58040.00
57780.00
57400.00
57360.00
57220.00
57040.00
57380.00
58140.00
58240.00
58660.00
59300.00
59540.00
59480.00
59480.00
59320.00
59160.00
59040.00
59160.00
59200.00
59360.00
59120.00
58680.00
58100.00
57960.00
57420.00
57200.00
57020.00
57180.00
56760.00
56760.00
56900.00
56720.00
56120.00
55300.00
54400.00
53200.00
52060.00
51300.00
51040.00
50580.00
50210.00
50100.00
49760.00
49440.00
49140.00
48890.00
48770.00
48520.00
48390.00
48280.00
48240.00
48500.00
48850.00
49090.00
49500.00
49780.00
50190.00
50670.00
50940.00
50780.00
50720.00
50440.00
50100.00
49960.00
50140.00
50460.00
50560.00
50620.00
50420.00
