2799.00
2837.00
2875.00
2930.00
2977.00
3008.00
3069.00
3124.00
3167.00
3217.00
3260.00
3254.00
3245.00
3246.00
3259.00
3253.00
3242.00
3228.00
3239.00
3273.00
3324.00
3373.00
3428.00
3451.00
3415.00
3410.00
3410.00
3407.00
3388.00
3369.00
3338.00
3339.00
3346.00
3368.00
3306.00
3236.00
3149.00
3063.00
2996.00
2996.00
2982.00
2961.00
2934.00
2899.00
2938.00
2959.00
2972.00
2992.00
2987.00
2928.00
2905.00
2873.00
2837.00
2795.00
2778.00
2765.00
2766.00
2784.00
2819.00
2850.00
2866.00
2882.00
2888.00
2898.00
2892.00
2890.00
2879.00
2866.00
2841.00
2824.00
2810.00
2816.00
2809.00
2807.00
2799.00
2782.00
2755.00
2743.00
2730.00
2721.00
2718.00
2687.00
2660.00
2631.00
2589.00
2558.00
2546.00
2536.00
2525.00
2545.00
2559.00
2599.00
2601.00
2604.00
2589.00
2567.00
2524.00
2509.00
2497.00
2484.00
2486.00
2500.00
2517.00
2552.00
2585.00
2633.00
2664.00
2673.00
2670.00
2687.00
2684.00
2677.00
2694.00
2705.00
2696.00
2671.00
2644.00
