92940.00
93640.00
94820.00
95900.00
96280.00
96920.00
97260.00
97480.00
97520.00
97800.00
98460.00
98900.00
98860.00
99100.00
98980.00
99580.00
100540.00
101880.00
102900.00
104000.00
103800.00
103800.00
103200.00
103100.00
103200.00
103900.00
105000.00
106200.00
106300.00
105700.00
105000.00
103300.00
101740.00
101240.00
100840.00
100540.00
100840.00
101900.00
101900.00
101160.00
99540.00
97700.00
95160.00
93740.00
93760.00
94580.00
95420.00
96280.00
96740.00
96680.00
96120.00
95180.00
94160.00
92820.00
91520.00
90880.00
90480.00
90740.00
91040.00
91680.00
92660.00
93300.00
93280.00
93280.00
93140.00
93380.00
93660.00
94140.00
94660.00
95020.00
94420.00
94380.00
94560.00
94380.00
94060.00
93740.00
93240.00
92400.00
91840.00
91300.00
90700.00
89700.00
88520.00
86880.00
85420.00
84640.00
83960.00
83680.00
83760.00
84120.00
83720.00
83380.00
82680.00
82300.00
81740.00
81380.00
81420.00
81920.00
82080.00
82280.00
82360.00
82240.00
82540.00
83060.00
83240.00
83520.00
83820.00
83160.00
82300.00
81900.00
81780.00
81740.00
82040.00
82800.00
83260.00
83560.00
83700.00
