1324.00
1363.00
1414.00
1452.00
1487.00
1527.00
1518.00
1495.00
1481.00
1464.00
1450.00
1453.00
1448.00
1449.00
1452.00
1434.00
1417.00
1423.00
1422.00
1417.00
1427.00
1428.00
1419.00
1414.00
1422.00
1428.00
1443.00
1461.00
1469.00
1481.00
1479.00
1471.00
1459.00
1453.00
1417.00
1401.00
1392.00
1432.00
1460.00
1500.00
1524.00
1571.00
1571.00
1595.00
1603.00
1611.00
1598.00
1572.00
1527.00
1517.00
1508.00
1510.00
1552.00
1575.00
1605.00
1631.00
1653.00
1670.00
1696.00
1694.00
1701.00
1694.00
1663.00
1653.00
1650.00
1650.00
1669.00
1682.00
1686.00
1691.00
1710.00
1702.00
1690.00
1673.00
1659.00
1631.00
1611.00
1602.00
1607.00
1602.00
1582.00
1547.00
1516.00
1474.00
1438.00
1426.00
1414.00
1415.00
1407.00
1406.00
1390.00
1395.00
1371.00
1353.00
1342.00
1329.00
1313.00
1310.00
1316.00
1311.00
1320.00
1334.00
1348.00
1369.00
1381.00
1387.00
1386.00
1380.00
1373.00
1375.00
1380.00
1379.00
1387.00
1386.00
1384.00
1377.00
1374.00
