266900.00
266300.00
265800.00
269000.00
267500.00
268600.00
269500.00
273000.00
274800.00
280200.00
284600.00
286900.00
288100.00
291500.00
294000.00
295700.00
299000.00
301300.00
301600.00
301500.00
299100.00
294900.00
291800.00
292000.00
291600.00
293500.00
299300.00
306700.00
311900.00
317700.00
324500.00
327500.00
329000.00
329500.00
327100.00
323600.00
320200.00
316400.00
309300.00
303800.00
299000.00
295100.00
290700.00
290400.00
291100.00
292500.00
293000.00
293500.00
292800.00
290000.00
286100.00
282900.00
280200.00
278700.00
280600.00
285500.00
290200.00
296300.00
301300.00
303700.00
303300.00
302800.00
300400.00
299300.00
299700.00
300000.00
299100.00
297400.00
293600.00
289100.00
285100.00
281400.00
279200.00
277300.00
274100.00
273000.00
271600.00
270500.00
269600.00
270000.00
269200.00
267700.00
266500.00
265200.00
263900.00
262700.00
263100.00
262900.00
262000.00
262000.00
261900.00
262400.00
261900.00
262700.00
262000.00
260000.00
257900.00
257300.00
257100.00
258100.00
260500.00
260700.00
260700.00
260500.00
259500.00
257800.00
256200.00
254300.00
252900.00
253100.00
252700.00
254100.00
255200.00
256200.00
255500.00
256000.00
255500.00
