37150.00
37890.00
38430.00
38570.00
38730.00
38910.00
38830.00
38970.00
39490.00
39780.00
40110.00
40910.00
41590.00
41620.00
41740.00
41920.00
42010.00
42190.00
42530.00
42900.00
43100.00
42890.00
42690.00
42530.00
42270.00
41860.00
41530.00
41000.00
40610.00
40480.00
40490.00
41170.00
42000.00
42840.00
43410.00
43870.00
43950.00
44140.00
44160.00
44120.00
43940.00
43580.00
43050.00
42380.00
42000.00
42220.00
42570.00
42820.00
43070.00
43290.00
43010.00
42490.00
42060.00
41560.00
41170.00
41270.00
41340.00
41620.00
42230.00
43270.00
44480.00
45990.00
47540.00
49030.00
49890.00
50000.00
49860.00
49820.00
49670.00
49600.00
49760.00
50060.00
49980.00
49710.00
49060.00
49200.00
49080.00
49020.00
48760.00
48930.00
48290.00
47480.00
46360.00
45720.00
44970.00
44220.00
43780.00
43500.00
43380.00
43210.00
42930.00
42570.00
42380.00
42290.00
42260.00
42160.00
42200.00
41670.00
40930.00
40450.00
40290.00
40410.00
41610.00
42870.00
43820.00
44880.00
45270.00
45210.00
45440.00
45670.00
45690.00
45970.00
46460.00
46650.00
46780.00
47250.00
47780.00
