638.80
637.60
635.80
635.60
632.80
636.20
643.40
647.80
654.60
662.00
665.80
669.20
674.00
675.60
675.40
672.80
667.60
663.00
657.60
654.20
651.40
649.00
648.60
650.20
660.20
666.00
673.00
680.00
688.20
687.80
687.40
686.80
684.80
680.40
668.20
664.00
660.60
657.40
652.80
650.00
644.20
639.20
631.80
626.00
624.20
621.20
617.40
612.60
607.00
605.60
601.00
596.20
592.00
584.80
576.80
573.20
571.20
571.00
575.20
578.60
582.60
586.80
591.80
596.20
599.60
602.00
602.60
602.40
601.00
599.60
599.00
598.80
598.40
600.00
602.20
603.80
604.80
604.80
600.00
592.80
586.60
581.40
578.40
576.80
575.60
573.80
574.60
575.20
574.60
575.40
575.00
570.40
565.00
562.80
559.80
558.20
557.80
557.40
556.40
558.00
560.80
563.80
568.20
573.20
575.60
574.60
575.40
578.20
581.20
584.00
589.40
593.20
594.00
592.00
589.20
583.20
577.40
