3911.00
3891.00
3873.00
3888.00
3929.00
3981.00
4029.00
4079.00
4121.00
4125.00
4172.00
4196.00
4250.00
4303.00
4360.00
4361.00
4379.00
4345.00
4314.00
4296.00
4286.00
4276.00
4288.00
4304.00
4315.00
4325.00
4339.00
4342.00
4333.00
4318.00
4314.00
4302.00
4293.00
4296.00
4263.00
4236.00
4209.00
4190.00
4148.00
4137.00
4116.00
4097.00
4077.00
4085.00
4085.00
4094.00
4098.00
4106.00
4089.00
4082.00
4056.00
4038.00
4016.00
4011.00
4007.00
4021.00
4027.00
4045.00
4059.00
4098.00
4140.00
4180.00
4211.00
4237.00
4240.00
4235.00
4233.00
4233.00
4229.00
4229.00
4228.00
4231.00
4230.00
4238.00
4254.00
4264.00
4268.00
4273.00
4280.00
4263.00
4251.00
4230.00
4206.00
4179.00
4167.00
4154.00
4162.00
4185.00
4197.00
4197.00
4196.00
4191.00
4161.00
4139.00
4131.00
4127.00
4122.00
4124.00
4129.00
4132.00
4138.00
4151.00
4169.00
4186.00
4204.00
4226.00
4233.00
4236.00
4237.00
4241.00
4242.00
4238.00
4241.00
4245.00
4239.00
4225.00
4216.00
