8614.00
8732.00
8862.00
8808.00
8726.00
8598.00
8540.00
8470.00
8444.00
8430.00
8418.00
8360.00
8332.00
8356.00
8370.00
8410.00
8408.00
8372.00
8328.00
8334.00
8336.00
8386.00
8420.00
8496.00
8512.00
8516.00
8552.00
8614.00
8620.00
8750.00
9028.00
9264.00
9480.00
9690.00
9790.00
9858.00
9968.00
10012.00
9860.00
9480.00
9128.00
8728.00
8394.00
8282.00
8356.00
8244.00
8078.00
7992.00
7904.00
7868.00
7822.00
7856.00
7808.00
7708.00
7678.00
7784.00
7868.00
7984.00
8122.00
8218.00
8270.00
8348.00
8420.00
8572.00
8712.00
8762.00
8744.00
8724.00
8620.00
8506.00
8432.00
8330.00
8220.00
8096.00
8006.00
7950.00
7976.00
8046.00
8112.00
8076.00
8026.00
7940.00
7804.00
7624.00
7470.00
7440.00
7408.00
7406.00
7426.00
7474.00
7446.00
7400.00
7316.00
7278.00
7400.00
7480.00
7608.00
7720.00
7828.00
7774.00
7714.00
7650.00
7626.00
7646.00
7672.00
7708.00
7684.00
7760.00
7824.00
7902.00
8040.00
8236.00
8294.00
8322.00
8316.00
8168.00
7992.00
