2099.00
2125.00
2158.00
2201.00
2227.00
2250.00
2283.00
2320.00
2377.00
2448.00
2492.00
2500.00
2515.00
2501.00
2471.00
2464.00
2473.00
2464.00
2449.00
2454.00
2453.00
2446.00
2455.00
2480.00
2485.00
2521.00
2550.00
2557.00
2555.00
2560.00
2575.00
2581.00
2587.00
2600.00
2591.00
2561.00
2548.00
2550.00
2531.00
2528.00
2506.00
2477.00
2444.00
2432.00
2426.00
2430.00
2437.00
2435.00
2424.00
2415.00
2403.00
2386.00
2373.00
2345.00
2327.00
2312.00
2305.00
2307.00
2326.00
2338.00
2344.00
2346.00
2354.00
2359.00
2367.00
2371.00
2372.00
2369.00
2361.00
2351.00
2351.00
2362.00
2366.00
2368.00
2361.00
2359.00
2346.00
2342.00
2345.00
2352.00
2343.00
2314.00
2273.00
2229.00
2179.00
2146.00
2129.00
2122.00
2114.00
2110.00
2098.00
2086.00
2060.00
2039.00
2031.00
2016.00
2007.00
2011.00
2012.00
2006.00
2008.00
2011.00
2013.00
2049.00
2080.00
2114.00
2138.00
2163.00
2147.00
2131.00
2100.00
2073.00
2044.00
2022.00
1999.00
1991.00
1971.00
