85940.00
86800.00
87560.00
89420.00
89160.00
89240.00
89160.00
89080.00
88520.00
88660.00
88620.00
88840.00
88980.00
89400.00
89420.00
89600.00
89780.00
90060.00
90060.00
89380.00
88320.00
87100.00
86080.00
85020.00
85020.00
85240.00
85940.00
86940.00
89340.00
91180.00
93180.00
95540.00
97260.00
97520.00
97520.00
97880.00
97260.00
96480.00
95360.00
94940.00
94540.00
94260.00
94500.00
95240.00
96620.00
97340.00
97340.00
97320.00
96740.00
95260.00
93800.00
93420.00
92740.00
92480.00
92900.00
94260.00
95100.00
96840.00
98280.00
99840.00
100940.00
102180.00
102180.00
102500.00
102400.00
101420.00
100560.00
99340.00
98040.00
96260.00
95200.00
94180.00
93960.00
93660.00
93260.00
93140.00
92680.00
93420.00
93880.00
94740.00
95000.00
94840.00
93600.00
92200.00
90980.00
90400.00
90480.00
90660.00
91520.00
91920.00
92300.00
92740.00
92380.00
92300.00
92500.00
92280.00
92220.00
93300.00
93840.00
94580.00
95380.00
95500.00
96000.00
97220.00
98020.00
99240.00
100560.00
100900.00
100440.00
100160.00
99260.00
98660.00
97340.00
96660.00
95980.00
95800.00
95780.00
