28150.00
28850.00
29250.00
30040.00
30760.00
31330.00
31730.00
32110.00
32150.00
31880.00
31440.00
31430.00
31830.00
32100.00
32350.00
32350.00
32220.00
31800.00
32080.00
32710.00
33530.00
33860.00
34140.00
33880.00
33260.00
32810.00
32640.00
32640.00
32450.00
32210.00
31920.00
31450.00
31060.00
30860.00
30090.00
29060.00
28300.00
27260.00
26010.00
25470.00
25210.00
25000.00
24870.00
25010.00
25090.00
25210.00
25270.00
25310.00
25120.00
25080.00
24970.00
24730.00
24430.00
24230.00
24320.00
24430.00
24660.00
25000.00
25370.00
25530.00
25580.00
25550.00
25550.00
25610.00
25390.00
25240.00
25120.00
24890.00
24600.00
24520.00
24410.00
24240.00
24090.00
23880.00
23730.00
23580.00
23460.00
23480.00
23510.00
23380.00
23330.00
23080.00
22680.00
22310.00
22090.00
21890.00
21830.00
21910.00
21970.00
22030.00
22040.00
21990.00
21870.00
21800.00
21750.00
21540.00
21440.00
21390.00
21290.00
21170.00
21230.00
21380.00
21550.00
21950.00
22390.00
22820.00
23170.00
23400.00
23380.00
23670.00
23900.00
24050.00
24330.00
24570.00
24370.00
24160.00
23970.00
