1012.00
1022.00
1028.00
1036.00
1037.00
1040.00
1046.00
1069.00
1088.00
1114.00
1140.00
1164.00
1174.00
1182.00
1178.00
1176.00
1166.00
1152.00
1136.00
1122.00
1108.00
1098.00
1089.00
1101.00
1118.00
1133.00
1148.00
1160.00
1161.00
1155.00
1147.00
1145.00
1144.00
1143.00
1139.00
1139.00
1134.00
1146.00
1148.00
1169.00
1182.00
1195.00
1191.00
1202.00
1204.00
1211.00
1213.00
1212.00
1204.00
1204.00
1200.00
1210.00
1235.00
1249.00
1244.00
1246.00
1241.00
1224.00
1223.00
1229.00
1232.00
1230.00
1228.00
1221.00
1220.00
1216.00
1215.00
1218.00
1215.00
1211.00
1211.00
1210.00
1205.00
1201.00
1192.00
1184.00
1177.00
1173.00
1171.00
1174.00
1183.00
1186.00
1188.00
1187.00
1183.00
1180.00
1183.00
1183.00
1182.00
1182.00
1175.00
1164.00
1153.00
1148.00
1143.00
1130.00
1122.00
1116.00
1113.00
1112.00
1125.00
1139.00
1158.00
1177.00
1197.00
1213.00
1226.00
1234.00
1251.00
1263.00
1277.00
1289.00
1307.00
1309.00
1317.00
1312.00
1305.00
