841.40
845.40
847.20
849.20
850.60
848.00
848.00
852.60
855.00
856.80
859.40
868.40
871.20
885.40
905.60
924.20
936.00
952.00
953.80
954.20
953.20
947.00
939.80
934.20
925.60
912.80
904.60
897.80
893.60
887.40
886.20
892.20
900.20
910.60
915.80
920.40
919.80
915.80
906.80
903.40
898.40
893.80
887.20
887.00
890.80
898.80
907.00
915.40
914.40
909.80
895.40
881.40
868.20
858.40
852.20
855.60
860.60
866.00
873.80
879.20
881.00
881.40
883.20
885.00
885.60
885.20
880.40
877.60
870.80
865.20
861.40
860.20
860.00
866.80
869.00
868.40
871.60
873.40
870.40
867.00
865.80
859.00
849.00
840.60
836.60
839.80
857.00
876.00
887.40
910.40
937.80
949.40
954.00
967.20
963.80
945.80
932.60
929.40
928.60
936.00
952.20
963.20
971.20
975.20
980.40
980.80
982.60
985.80
987.20
981.80
975.60
966.00
957.40
949.40
939.80
929.40
926.20
