1370.00
1383.00
1388.00
1395.00
1404.00
1418.00
1430.00
1444.00
1458.00
1472.00
1478.00
1485.00
1493.00
1488.00
1481.00
1496.00
1494.00
1494.00
1489.00
1490.00
1482.00
1504.00
1543.00
1570.00
1599.00
1621.00
1622.00
1596.00
1591.00
1569.00
1540.00
1519.00
1505.00
1491.00
1471.00
1466.00
1460.00
1451.00
1434.00
1436.00
1433.00
1432.00
1424.00
1426.00
1434.00
1440.00
1438.00
1447.00
1448.00
1436.00
1422.00
1413.00
1401.00
1390.00
1382.00
1385.00
1385.00
1397.00
1410.00
1426.00
1435.00
1449.00
1457.00
1469.00
1482.00
1494.00
1504.00
1514.00
1524.00
1532.00
1543.00
1564.00
1564.00
1561.00
1552.00
1541.00
1511.00
1501.00
1488.00
1478.00
1467.00
1453.00
1439.00
1423.00
1410.00
1403.00
1405.00
1404.00
1405.00
1405.00
1402.00
1401.00
1392.00
1386.00
1387.00
1379.00
1373.00
1379.00
1382.00
1380.00
1382.00
1388.00
1398.00
1411.00
1433.00
1466.00
1493.00
1512.00
1523.00
1526.00
1535.00
1548.00
1551.00
1553.00
1553.00
1538.00
1519.00
