193600.00
197100.00
197900.00
197300.00
196600.00
198400.00
197900.00
200100.00
202800.00
204800.00
205500.00
208500.00
210000.00
209700.00
212200.00
215300.00
217200.00
219300.00
222400.00
223100.00
222500.00
221500.00
220900.00
219800.00
219200.00
218400.00
216500.00
213900.00
212200.00
211500.00
211300.00
212100.00
212900.00
215100.00
216300.00
216200.00
215400.00
215400.00
213200.00
209900.00
208500.00
208100.00
206900.00
204900.00
205500.00
207000.00
208000.00
209600.00
212300.00
213800.00
212800.00
212300.00
210900.00
210000.00
208800.00
209400.00
208800.00
210300.00
212200.00
215500.00
218000.00
221400.00
223500.00
225100.00
224700.00
223500.00
223600.00
224300.00
225600.00
226800.00
229100.00
230900.00
231500.00
230500.00
229900.00
231000.00
230700.00
231600.00
232600.00
234100.00
233200.00
230600.00
227000.00
223300.00
219100.00
215700.00
214300.00
212900.00
213400.00
213300.00
212900.00
212800.00
213200.00
213600.00
214600.00
215900.00
217700.00
218300.00
217900.00
218000.00
218600.00
218400.00
220100.00
221800.00
222900.00
222000.00
222100.00
221100.00
220700.00
220800.00
222400.00
223500.00
225200.00
226900.00
228800.00
231100.00
233000.00
