3625.00
3651.00
3671.00
3689.00
3692.00
3710.00
3799.00
3889.00
3978.00
4040.00
4119.00
4092.00
4056.00
4022.00
3987.00
3929.00
3907.00
3870.00
3846.00
3840.00
3853.00
3898.00
3949.00
4005.00
4045.00
4070.00
4056.00
4071.00
4085.00
4087.00
4115.00
4146.00
4151.00
4183.00
4183.00
4277.00
4362.00
4479.00
4494.00
4566.00
4539.00
4496.00
4422.00
4432.00
4429.00
4397.00
4411.00
4443.00
4440.00
4490.00
4542.00
4643.00
4726.00
4770.00
4728.00
4693.00
4601.00
4511.00
4466.00
4450.00
4415.00
4352.00
4298.00
4275.00
4258.00
4254.00
4242.00
4228.00
4188.00
4145.00
4115.00
4111.00
4109.00
4088.00
4053.00
4015.00
3977.00
3961.00
3970.00
3976.00
3974.00
3916.00
3831.00
3738.00
3680.00
3658.00
3679.00
3689.00
3705.00
3691.00
3655.00
3613.00
3558.00
3506.00
3481.00
3429.00
3391.00
3384.00
3395.00
3389.00
3424.00
3461.00
3498.00
3536.00
3573.00
3592.00
3601.00
3605.00
3579.00
3565.00
3564.00
3559.00
3542.00
3524.00
3484.00
3427.00
3386.00
