16000.00
15950.00
15970.00
16080.00
16110.00
16180.00
16210.00
16200.00
16180.00
16190.00
16140.00
16190.00
16340.00
16560.00
16820.00
17190.00
17630.00
18010.00
18370.00
18610.00
18680.00
18580.00
18570.00
18550.00
18570.00
18660.00
18850.00
18950.00
19000.00
19030.00
19070.00
19150.00
19400.00
19710.00
19940.00
20290.00
20430.00
20360.00
20150.00
20040.00
19700.00
19420.00
19170.00
19010.00
19030.00
19320.00
19650.00
20060.00
20230.00
20180.00
19900.00
19570.00
19210.00
19040.00
18980.00
19100.00
19200.00
19380.00
19500.00
19650.00
19610.00
19540.00
19430.00
19330.00
19130.00
19050.00
18950.00
18820.00
18630.00
18500.00
18320.00
18150.00
17940.00
17780.00
17640.00
17550.00
17420.00
17290.00
17160.00
16960.00
16690.00
16430.00
16220.00
15980.00
15820.00
15740.00
15740.00
15740.00
15810.00
15800.00
15740.00
15710.00
15670.00
15630.00
15700.00
15700.00
15610.00
15480.00
15420.00
15380.00
15380.00
15420.00
15600.00
15750.00
15830.00
15890.00
15920.00
15810.00
15720.00
15680.00
15680.00
15670.00
15680.00
15670.00
15540.00
15390.00
15300.00
