2853.00
2857.00
2846.00
2841.00
2832.00
2830.00
2834.00
2838.00
2838.00
2856.00
2869.00
2880.00
2893.00
2899.00
2879.00
2857.00
2830.00
2812.00
2808.00
2811.00
2816.00
2816.00
2812.00
2808.00
2794.00
2785.00
2783.00
2776.00
2762.00
2760.00
2760.00
2739.00
2713.00
2702.00
2680.00
2660.00
2659.00
2670.00
2669.00
2669.00
2653.00
2633.00
2608.00
2594.00
2605.00
2616.00
2632.00
2631.00
2634.00
2624.00
2630.00
2672.00
2738.00
2770.00
2782.00
2794.00
2770.00
2812.00
2841.00
2895.00
3039.00
3156.00
3172.00
3239.00
3290.00
3254.00
3440.00
3666.00
3813.00
3954.00
4085.00
4116.00
4190.00
4238.00
4443.00
4833.00
5113.00
5375.00
5720.00
5826.00
5894.00
5810.00
5608.00
5269.00
5013.00
4609.00
4346.00
4138.00
4096.00
4020.00
3943.00
3883.00
3853.00
3790.00
3796.00
3777.00
3787.00
3833.00
3902.00
3923.00
3976.00
4014.00
4016.00
4021.00
4036.00
4079.00
4078.00
4066.00
4056.00
4063.00
4055.00
4099.00
4110.00
4087.00
4093.00
4066.00
3994.00
