101080.00
100480.00
100380.00
100580.00
100900.00
100800.00
100900.00
101100.00
101600.00
102100.00
103200.00
104100.00
104200.00
104000.00
103900.00
103500.00
103300.00
103500.00
103400.00
103000.00
102900.00
103000.00
103000.00
102700.00
103200.00
103100.00
102800.00
102700.00
103200.00
102700.00
102800.00
102600.00
102500.00
102300.00
102400.00
101900.00
101600.00
101060.00
100560.00
99480.00
98900.00
98720.00
98800.00
98700.00
99680.00
100460.00
100640.00
100640.00
100280.00
99540.00
99000.00
98120.00
97520.00
97720.00
98260.00
98460.00
99060.00
99820.00
100180.00
99840.00
100080.00
100460.00
100560.00
100220.00
100660.00
100560.00
100360.00
100120.00
100020.00
99540.00
98960.00
98640.00
98200.00
98180.00
98080.00
98140.00
98060.00
98100.00
98340.00
97900.00
97440.00
96440.00
95940.00
95140.00
95200.00
95260.00
95620.00
95520.00
95160.00
94640.00
94240.00
94140.00
94540.00
95160.00
95720.00
95960.00
96040.00
95880.00
95640.00
95840.00
96180.00
96560.00
96900.00
97340.00
97340.00
97800.00
98060.00
98080.00
98540.00
99000.00
99380.00
99800.00
100440.00
100340.00
100380.00
100160.00
99680.00
