907.80
909.00
912.20
920.00
927.00
933.80
940.20
944.20
945.80
950.80
956.40
958.00
961.00
962.00
961.60
958.40
957.80
960.40
963.80
967.20
970.00
974.20
976.00
978.00
976.60
977.20
976.60
985.00
992.40
999.20
1005.20
1018.00
1024.00
1027.00
1021.40
1023.40
1014.80
1004.80
996.80
996.80
990.80
989.60
987.80
989.80
993.40
997.20
999.00
1000.80
998.20
996.40
991.00
986.00
980.20
972.80
966.60
969.40
971.80
976.20
983.80
991.60
995.40
997.20
999.60
1001.00
1001.20
1009.20
1018.00
1028.00
1036.00
1045.00
1043.00
1044.00
1043.00
1045.00
1109.00
1120.00
1132.00
1138.00
1145.00
1082.00
1070.00
1116.00
1247.00
1323.00
1459.00
1613.00
1676.00
1667.00
1698.00
1665.00
1610.00
1573.00
1519.00
1478.00
1444.00
1401.00
1376.00
1360.00
1343.00
1333.00
1349.00
1366.00
1396.00
1424.00
1435.00
1439.00
1427.00
1414.00
1410.00
1418.00
1431.00
1449.00
1457.00
1472.00
1478.00
1463.00
1453.00
