1888.00
1908.00
1889.00
1875.00
1884.00
1918.00
1948.00
1990.00
2025.00
2040.00
2045.00
2068.00
2084.00
2091.00
2103.00
2162.00
2232.00
2292.00
2334.00
2356.00
2366.00
2304.00
2225.00
2151.00
2110.00
2022.00
1983.00
1985.00
1986.00
1967.00
1949.00
1933.00
1914.00
1905.00
1881.00
1873.00
1864.00
1853.00
1829.00
1829.00
1815.00
1809.00
1802.00
1822.00
1829.00
1849.00
1851.00
1854.00
1831.00
1812.00
1783.00
1766.00
1740.00
1717.00
1706.00
1712.00
1719.00
1731.00
1752.00
1769.00
1772.00
1783.00
1789.00
1795.00
1804.00
1817.00
1810.00
1805.00
1793.00
1779.00
1780.00
1798.00
1804.00
1810.00
1808.00
1794.00
1769.00
1764.00
1765.00
1772.00
1791.00
1804.00
1811.00
1810.00
1802.00
1783.00
1796.00
1800.00
1836.00
1868.00
1890.00
1888.00
1880.00
1843.00
1839.00
1838.00
1862.00
1890.00
1935.00
1941.00
1949.00
1938.00
1946.00
1947.00
1970.00
1992.00
1998.00
2001.00
1987.00
1977.00
1977.00
1959.00
1939.00
1924.00
1901.00
1865.00
1859.00
