5664.00
5696.00
5724.00
5752.00
5780.00
5860.00
5934.00
5998.00
6106.00
6252.00
6308.00
6358.00
6420.00
6428.00
6386.00
6388.00
6384.00
6370.00
6340.00
6294.00
6232.00
6162.00
6134.00
6124.00
6098.00
6086.00
6050.00
6004.00
5982.00
5990.00
5998.00
6050.00
6084.00
6146.00
6114.00
6120.00
6104.00
6084.00
5992.00
5974.00
5894.00
5866.00
5828.00
5824.00
5802.00
5814.00
5780.00
5774.00
5732.00
5696.00
5670.00
5640.00
5590.00
5554.00
5540.00
5528.00
5536.00
5576.00
5618.00
5656.00
5668.00
5668.00
5672.00
5688.00
5738.00
5796.00
5852.00
5876.00
5888.00
5884.00
5876.00
5882.00
5896.00
5890.00
5868.00
5856.00
5840.00
5820.00
5836.00
5834.00
5820.00
5786.00
5742.00
5662.00
5610.00
5604.00
5650.00
5700.00
5776.00
5830.00
5828.00
5774.00
5718.00
5654.00
5612.00
5554.00
5524.00
5502.00
5486.00
5474.00
5498.00
5530.00
5582.00
5646.00
5692.00
5736.00
5768.00
5780.00
5780.00
5786.00
5812.00
5848.00
5890.00
5918.00
5926.00
5910.00
5876.00
