2065.00
2092.00
2110.00
2131.00
2147.00
2188.00
2203.00
2206.00
2209.00
2218.00
2214.00
2211.00
2222.00
2231.00
2232.00
2214.00
2203.00
2172.00
2136.00
2106.00
2086.00
2059.00
2057.00
2066.00
2075.00
2075.00
2077.00
2071.00
2064.00
2053.00
2049.00
2055.00
2065.00
2072.00
2078.00
2095.00
2103.00
2123.00
2143.00
2168.00
2208.00
2251.00
2274.00
2294.00
2295.00
2284.00
2286.00
2291.00
2285.00
2290.00
2286.00
2292.00
2276.00
2250.00
2220.00
2191.00
2141.00
2117.00
2121.00
2142.00
2170.00
2194.00
2208.00
2226.00
2247.00
2254.00
2254.00
2258.00
2254.00
2242.00
2232.00
2235.00
2245.00
2242.00
2234.00
2240.00
2233.00
2231.00
2242.00
2249.00
2251.00
2254.00
2251.00
2233.00
2236.00
2250.00
2267.00
2265.00
2277.00
2275.00
2259.00
2245.00
2235.00
2225.00
2222.00
2214.00
2210.00
2201.00
2191.00
2167.00
2126.00
2089.00
2090.00
2107.00
2132.00
2169.00
2212.00
2236.00
2234.00
2234.00
2230.00
2212.00
2195.00
2179.00
2155.00
2138.00
2121.00
