1384.00
1367.00
1357.00
1356.00
1358.00
1356.00
1367.00
1369.00
1369.00
1367.00
1365.00
1352.00
1350.00
1348.00
1354.00
1357.00
1367.00
1416.00
1458.00
1468.00
1488.00
1498.00
1463.00
1450.00
1463.00
1466.00
1483.00
1504.00
1509.00
1508.00
1501.00
1471.00
1444.00
1420.00
1387.00
1363.00
1352.00
1335.00
1322.00
1329.00
1328.00
1364.00
1387.00
1411.00
1422.00
1444.00
1419.00
1401.00
1373.00
1357.00
1349.00
1343.00
1358.00
1376.00
1387.00
1385.00
1387.00
1380.00
1376.00
1372.00
1368.00
1366.00
1361.00
1360.00
1358.00
1354.00
1351.00
1349.00
1337.00
1334.00
1338.00
1338.00
1334.00
1332.00
1322.00
1311.00
1311.00
1313.00
1317.00
1320.00
1323.00
1307.00
1295.00
1289.00
1285.00
1286.00
1300.00
1311.00
1329.00
1346.00
1348.00
1340.00
1332.00
1309.00
1295.00
1287.00
1285.00
1285.00
1287.00
1284.00
1282.00
1283.00
1284.00
1291.00
1299.00
1314.00
1328.00
1338.00
1340.00
1351.00
1355.00
1356.00
1355.00
1361.00
1351.00
1343.00
1333.00
