8856.00
8932.00
9068.00
9074.00
9102.00
9094.00
9140.00
9210.00
9504.00
9974.00
10182.00
10328.00
10404.00
10316.00
10026.00
9992.00
9822.00
9606.00
9414.00
9168.00
8930.00
8824.00
8758.00
8678.00
8588.00
8540.00
8462.00
8460.00
8436.00
8470.00
8442.00
8538.00
8552.00
8604.00
8570.00
8658.00
8694.00
8768.00
8764.00
8796.00
8634.00
8418.00
8160.00
8006.00
7830.00
7784.00
7760.00
7804.00
7738.00
7676.00
7598.00
7542.00
7432.00
7448.00
7546.00
7706.00
7848.00
8066.00
8210.00
8342.00
8356.00
8386.00
8362.00
8372.00
8356.00
8360.00
8344.00
8372.00
8356.00
8398.00
8452.00
8474.00
8402.00
8302.00
8118.00
7988.00
7872.00
7818.00
7796.00
7762.00
7716.00
7622.00
7530.00
7376.00
7304.00
7238.00
7236.00
7276.00
7352.00
7424.00
7452.00
7434.00
7344.00
7294.00
7290.00
7304.00
7338.00
7352.00
7372.00
7330.00
7298.00
7388.00
7532.00
7660.00
7730.00
7794.00
7680.00
7666.00
7598.00
7566.00
7522.00
7530.00
7406.00
7344.00
7266.00
7192.00
7132.00
