4254.00
4303.00
4385.00
4467.00
4527.00
4597.00
4651.00
4677.00
4700.00
4741.00
4795.00
4809.00
4820.00
4827.00
4813.00
4782.00
4762.00
4760.00
4760.00
4788.00
4805.00
4832.00
4885.00
4955.00
5018.00
5080.00
5126.00
5140.00
5146.00
5134.00
5120.00
5114.00
5108.00
5088.00
5058.00
5056.00
5046.00
5032.00
5012.00
4978.00
4941.00
4921.00
4891.00
4875.00
4883.00
4882.00
4858.00
4846.00
4834.00
4821.00
4808.00
4800.00
4789.00
4759.00
4741.00
4722.00
4696.00
4727.00
4779.00
4823.00
4957.00
5119.00
5247.00
5363.00
5494.00
5868.00
6538.00
6926.00
7216.00
7668.00
8000.00
7836.00
7976.00
8186.00
8126.00
7790.00
7880.00
7980.00
8180.00
8414.00
8790.00
8660.00
8340.00
7924.00
7532.00
7076.00
7002.00
6982.00
6912.00
6896.00
6852.00
6712.00
6658.00
6682.00
6740.00
6766.00
6874.00
6906.00
6948.00
6924.00
6952.00
6908.00
6944.00
6994.00
7068.00
7120.00
7106.00
7088.00
7036.00
7092.00
7150.00
7184.00
7216.00
7262.00
7188.00
7130.00
7114.00
