3642.00
3636.00
3636.00
3648.00
3660.00
3692.00
3705.00
3725.00
3740.00
3754.00
3754.00
3771.00
3786.00
3802.00
3812.00
3824.00
3828.00
3836.00
3841.00
3847.00
3855.00
3868.00
3878.00
3893.00
3910.00
3929.00
3936.00
3946.00
3950.00
3958.00
3964.00
3967.00
3966.00
3960.00
3941.00
3936.00
3942.00
3950.00
3954.00
3955.00
3949.00
3936.00
3924.00
3926.00
3938.00
3942.00
3945.00
3941.00
3929.00
3920.00
3913.00
3898.00
3886.00
3871.00
3851.00
3833.00
3828.00
3826.00
3837.00
3847.00
3851.00
3844.00
3841.00
3837.00
3835.00
3825.00
3822.00
3822.00
3815.00
3843.00
3885.00
3921.00
3949.00
3982.00
3981.00
3974.00
3980.00
3990.00
3992.00
3995.00
4004.00
3992.00
3990.00
3980.00
3970.00
3976.00
4003.00
4026.00
4051.00
4069.00
4069.00
4047.00
4009.00
3980.00
3971.00
3950.00
3937.00
3940.00
3943.00
3940.00
3954.00
3972.00
3981.00
3993.00
4001.00
4003.00
4003.00
4003.00
3998.00
3993.00
3990.00
3987.00
3984.00
3970.00
3951.00
3930.00
3915.00
