2596.00
2620.00
2644.00
2693.00
2775.00
2857.00
2941.00
3009.00
3062.00
3056.00
3049.00
3051.00
3077.00
3085.00
3115.00
3156.00
3154.00
3143.00
3149.00
3158.00
3153.00
3153.00
3168.00
3181.00
3177.00
3180.00
3199.00
3200.00
3190.00
3183.00
3161.00
3133.00
3102.00
3083.00
3031.00
2990.00
2958.00
2960.00
2936.00
2934.00
2931.00
2926.00
2889.00
2882.00
2884.00
2896.00
2896.00
2899.00
2889.00
2894.00
2878.00
2874.00
2882.00
2879.00
2874.00
2882.00
2902.00
2926.00
2962.00
3030.00
3090.00
3124.00
3153.00
3194.00
3210.00
3224.00
3235.00
3232.00
3243.00
3249.00
3276.00
3307.00
3347.00
3331.00
3294.00
3239.00
3186.00
3118.00
3086.00
3073.00
3079.00
3074.00
3074.00
3062.00
3050.00
3031.00
3012.00
2994.00
2960.00
2928.00
2898.00
2878.00
2850.00
2847.00
2848.00
2823.00
2810.00
2909.00
3075.00
3362.00
3639.00
4157.00
4578.00
4907.00
5157.00
5512.00
5530.00
5383.00
5226.00
4999.00
4679.00
4475.00
4310.00
4168.00
4065.00
3952.00
3799.00
