75700.00
76220.00
77240.00
78240.00
78800.00
79360.00
79840.00
79860.00
80160.00
80580.00
80920.00
81000.00
81280.00
81320.00
82120.00
83080.00
84160.00
85020.00
85520.00
85460.00
84920.00
84640.00
85020.00
86120.00
87240.00
88300.00
89120.00
89980.00
90080.00
89660.00
89760.00
89980.00
89880.00
89720.00
89940.00
89820.00
88840.00
88100.00
87720.00
87120.00
86940.00
87380.00
87400.00
87440.00
87420.00
86940.00
86000.00
85040.00
83980.00
82760.00
81860.00
81700.00
82220.00
82440.00
82760.00
83120.00
83060.00
82920.00
82940.00
83080.00
82940.00
83860.00
84180.00
84600.00
84900.00
85400.00
84560.00
84480.00
84300.00
84880.00
85160.00
85540.00
85220.00
85200.00
84400.00
84340.00
84500.00
84680.00
84900.00
85220.00
84940.00
84340.00
83900.00
83060.00
82400.00
82420.00
83100.00
83720.00
84580.00
85740.00
85900.00
85620.00
85300.00
85260.00
84500.00
83980.00
83580.00
83300.00
82600.00
82060.00
81860.00
81440.00
80920.00
80780.00
80680.00
80560.00
80420.00
80200.00
79820.00
79360.00
78980.00
79360.00
79780.00
80120.00
80420.00
80560.00
80140.00
