6290.00
6294.00
6306.00
6326.00
6352.00
6378.00
6392.00
6408.00
6422.00
6498.00
6590.00
6698.00
6790.00
6868.00
6884.00
6856.00
6806.00
6798.00
6792.00
6774.00
6734.00
6690.00
6636.00
6602.00
6590.00
6676.00
6758.00
6818.00
6856.00
6886.00
6836.00
6802.00
6734.00
6658.00
6554.00
6500.00
6436.00
6416.00
6406.00
6420.00
6400.00
6410.00
6418.00
6438.00
6468.00
6506.00
6524.00
6526.00
6526.00
6508.00
6456.00
6402.00
6352.00
6288.00
6248.00
6256.00
6266.00
6284.00
6302.00
6300.00
6282.00
6266.00
6250.00
6250.00
6282.00
6314.00
6358.00
6392.00
6438.00
6458.00
6500.00
6540.00
6604.00
6618.00
6608.00
6594.00
6568.00
6524.00
6522.00
6526.00
6498.00
6446.00
6396.00
6316.00
6258.00
6222.00
6210.00
6186.00
6200.00
6194.00
6180.00
6168.00
6134.00
6090.00
6070.00
6028.00
5982.00
6000.00
6024.00
6034.00
6080.00
6140.00
6168.00
6194.00
6222.00
6248.00
6278.00
6314.00
6332.00
6364.00
6388.00
6402.00
6400.00
6402.00
6390.00
6372.00
6342.00
