4194.00
4232.00
4258.00
4315.00
4464.00
4623.00
4776.00
4938.00
5078.00
5106.00
5108.00
5136.00
5178.00
5228.00
5276.00
5272.00
5258.00
5222.00
5222.00
5252.00
5332.00
5358.00
5376.00
5308.00
5218.00
5121.00
5071.00
5053.00
5047.00
5024.00
5022.00
4996.00
4970.00
4974.00
4893.00
4752.00
4624.00
4465.00
4279.00
4197.00
4161.00
4131.00
4114.00
4137.00
4141.00
4153.00
4159.00
4157.00
4125.00
4114.00
4072.00
4032.00
4005.00
3990.00
3991.00
4016.00
4032.00
4051.00
4070.00
4085.00
4094.00
4095.00
4097.00
4108.00
4129.00
4140.00
4152.00
4156.00
4140.00
4102.00
4079.00
4070.00
4065.00
4059.00
4060.00
4062.00
4057.00
4048.00
4045.00
4041.00
4033.00
3990.00
3952.00
3895.00
3838.00
3795.00
3783.00
3767.00
3765.00
3755.00
3732.00
3693.00
3644.00
3584.00
3559.00
3526.00
3520.00
3527.00
3565.00
3591.00
3615.00
3636.00
3670.00
3714.00
3741.00
3793.00
3838.00
3847.00
3833.00
3831.00
3815.00
3797.00
3829.00
3851.00
3852.00
3836.00
3821.00
