28720.00
29270.00
29600.00
29760.00
29610.00
29360.00
29060.00
28740.00
28510.00
28450.00
28480.00
28650.00
28920.00
29230.00
29420.00
29510.00
29490.00
29540.00
29420.00
29340.00
29380.00
29480.00
29560.00
29730.00
30050.00
30280.00
30420.00
30530.00
30570.00
30460.00
30400.00
30360.00
30250.00
30210.00
30140.00
30110.00
30080.00
29980.00
29640.00
29330.00
29010.00
28660.00
28520.00
28760.00
28980.00
29300.00
29720.00
30030.00
30140.00
30920.00
31520.00
32000.00
32600.00
33530.00
33960.00
34300.00
34770.00
35010.00
34680.00
34280.00
34110.00
33730.00
33450.00
33570.00
33600.00
33520.00
33400.00
33400.00
34450.00
35090.00
36060.00
36900.00
37420.00
36620.00
36330.00
35860.00
35600.00
35580.00
35590.00
35410.00
35040.00
34610.00
34220.00
33900.00
34080.00
34460.00
34970.00
35430.00
35740.00
35850.00
35780.00
35720.00
35480.00
35830.00
36220.00
36590.00
36760.00
37150.00
37200.00
36960.00
36950.00
37530.00
38070.00
38550.00
39170.00
39830.00
39910.00
39950.00
39870.00
39900.00
40100.00
40230.00
40590.00
41100.00
41690.00
42120.00
42630.00
