41400.00
41500.00
41780.00
41910.00
42050.00
42340.00
42470.00
42650.00
43130.00
43740.00
44210.00
44740.00
45110.00
45210.00
45290.00
45240.00
45200.00
45600.00
45990.00
46250.00
46550.00
46720.00
46480.00
46240.00
46390.00
46290.00
46270.00
46330.00
46370.00
46140.00
46230.00
46240.00
46120.00
45940.00
45770.00
45590.00
45430.00
45330.00
45350.00
45630.00
46560.00
47500.00
48230.00
48970.00
49300.00
48950.00
48600.00
48510.00
48420.00
48570.00
48650.00
48810.00
48920.00
48970.00
49030.00
49360.00
49630.00
49890.00
50220.00
50320.00
50130.00
49900.00
49960.00
49880.00
50040.00
50430.00
50780.00
51160.00
51260.00
51200.00
51040.00
50920.00
50520.00
50340.00
50040.00
49710.00
49650.00
49650.00
49610.00
49640.00
49630.00
49210.00
48660.00
48270.00
48070.00
48010.00
48110.00
48320.00
48480.00
48450.00
48590.00
48790.00
49070.00
49350.00
49770.00
49800.00
49640.00
49490.00
49600.00
49320.00
49350.00
49560.00
49560.00
49620.00
50100.00
50620.00
50650.00
50860.00
50720.00
50430.00
49920.00
49750.00
49620.00
49480.00
49390.00
49520.00
49750.00
