2680.00
2685.00
2710.00
2710.00
2818.00
2951.00
3081.00
3218.00
3396.00
3481.00
3532.00
3566.00
3590.00
3592.00
3556.00
3556.00
3527.00
3486.00
3416.00
3359.00
3291.00
3260.00
3310.00
3383.00
3430.00
3452.00
3460.00
3443.00
3401.00
3348.00
3290.00
3270.00
3190.00
3141.00
3074.00
3042.00
2996.00
2974.00
2949.00
2963.00
2950.00
2956.00
2972.00
2997.00
3037.00
3089.00
3097.00
3105.00
3084.00
3038.00
3010.00
3003.00
2993.00
2971.00
2962.00
2953.00
2953.00
2968.00
3009.00
3043.00
3054.00
3052.00
3030.00
3027.00
3031.00
3034.00
3039.00
3037.00
3007.00
2986.00
2986.00
3010.00
3023.00
3033.00
3028.00
3023.00
2988.00
2978.00
2982.00
2994.00
2979.00
2934.00
2865.00
2798.00
2736.00
2715.00
2758.00
2813.00
2861.00
2888.00
2891.00
2834.00
2783.00
2744.00
2735.00
2710.00
2704.00
2695.00
2678.00
2662.00
2659.00
2675.00
2701.00
2748.00
2769.00
2798.00
2814.00
2831.00
2823.00
2847.00
2873.00
2894.00
2881.00
2859.00
2816.00
2762.00
2719.00
