3212.00
3471.00
3562.00
3596.00
3609.00
3632.00
3609.00
3629.00
3697.00
3796.00
3871.00
3948.00
4003.00
4079.00
4086.00
4041.00
4015.00
3980.00
3927.00
3916.00
3960.00
3953.00
3933.00
3869.00
3689.00
3515.00
3360.00
3210.00
3047.00
2978.00
2926.00
2867.00
2832.00
2834.00
2767.00
2654.00
2582.00
2490.00
2360.00
2336.00
2330.00
2312.00
2299.00
2333.00
2313.00
2322.00
2330.00
2338.00
2299.00
2298.00
2276.00
2242.00
2206.00
2186.00
2227.00
2271.00
2312.00
2368.00
2423.00
2443.00
2445.00
2455.00
2460.00
2485.00
2465.00
2449.00
2419.00
2377.00
2316.00
2282.00
2258.00
2247.00
2241.00
2233.00
2228.00
2207.00
2180.00
2160.00
2148.00
2128.00
2125.00
2111.00
2086.00
2060.00
2035.00
2008.00
1997.00
2066.00
2179.00
2292.00
2397.00
2470.00
2501.00
2463.00
2427.00
2397.00
2399.00
2383.00
2391.00
2414.00
2443.00
2484.00
2516.00
2565.00
2589.00
2609.00
2649.00
2658.00
2634.00
2653.00
2665.00
2630.00
2661.00
2694.00
2690.00
2687.00
2686.00
