401.80
405.20
411.20
411.40
410.40
411.20
412.00
411.00
409.60
409.80
410.20
410.40
413.40
417.60
421.40
422.40
424.20
424.60
424.00
422.40
422.20
419.60
416.60
417.20
432.60
459.20
489.20
517.00
540.40
551.00
546.40
539.80
531.80
525.00
513.80
509.00
502.20
509.40
513.20
517.60
525.00
533.60
528.80
526.20
523.20
516.80
515.00
516.80
516.60
521.40
521.60
518.40
513.80
511.00
506.80
506.00
504.60
506.20
511.00
523.60
532.00
538.80
543.00
544.20
539.80
538.60
537.80
539.60
539.00
536.40
535.40
536.20
535.80
541.00
544.40
549.80
559.40
565.20
568.40
568.40
564.40
550.80
542.00
533.20
528.20
527.20
527.40
523.00
519.20
515.40
508.80
501.00
493.00
484.00
476.00
463.60
453.80
448.00
442.40
435.80
435.20
440.00
444.80
451.20
458.80
464.40
466.20
468.00
468.80
469.60
473.60
478.40
481.40
484.20
484.60
479.20
472.60
