37570.00
37640.00
37710.00
37780.00
37830.00
37890.00
37990.00
38250.00
38550.00
38790.00
39080.00
39310.00
39440.00
39510.00
39610.00
39660.00
39680.00
39620.00
39600.00
39610.00
39580.00
39630.00
39660.00
39710.00
39670.00
39690.00
39690.00
39710.00
39670.00
39760.00
39800.00
40070.00
40380.00
40720.00
40820.00
40880.00
40730.00
40530.00
40320.00
40300.00
40360.00
40500.00
40790.00
41060.00
41380.00
41790.00
42060.00
42230.00
42420.00
42560.00
42470.00
42450.00
42180.00
41550.00
40950.00
40480.00
40000.00
39730.00
39790.00
39810.00
39590.00
39350.00
39150.00
38900.00
38660.00
38590.00
38560.00
38480.00
38400.00
38350.00
38340.00
38380.00
38410.00
38560.00
38610.00
38730.00
38760.00
38820.00
38790.00
38760.00
38780.00
38790.00
38760.00
38670.00
38640.00
38500.00
38370.00
38210.00
38140.00
38090.00
38020.00
37980.00
37970.00
37850.00
37720.00
37630.00
37570.00
37400.00
37270.00
37170.00
37070.00
37070.00
37130.00
37310.00
37460.00
37520.00
37450.00
37450.00
37450.00
37450.00
37530.00
37600.00
37680.00
37660.00
37630.00
37650.00
37670.00
