510.40
509.60
509.20
513.00
516.80
522.20
530.00
535.40
539.20
542.60
546.20
548.20
550.60
550.20
548.40
544.60
539.60
535.40
533.60
533.00
534.80
538.40
542.80
545.60
548.40
549.40
549.80
551.80
554.00
556.40
564.40
568.20
567.80
571.00
567.40
562.80
562.80
566.40
568.20
584.00
594.80
605.00
611.60
618.60
614.60
614.20
610.60
608.20
602.40
603.80
602.20
602.00
604.20
606.20
604.40
605.00
608.60
623.60
644.80
672.60
705.60
735.80
752.40
772.80
795.20
816.20
841.40
866.00
883.60
902.40
934.20
958.00
974.40
989.20
985.20
963.20
941.20
931.00
921.40
918.20
923.20
923.20
918.60
904.40
897.60
897.80
901.60
908.80
918.60
924.40
916.00
914.20
907.80
915.20
939.40
956.20
973.00
987.00
978.20
950.20
931.40
909.60
896.00
905.60
912.60
924.40
937.20
943.80
939.40
948.00
950.40
954.60
962.80
970.20
970.80
979.80
975.40
