5542.00
5566.00
5588.00
5646.00
5768.00
5962.00
6204.00
6414.00
6530.00
6528.00
6438.00
6246.00
6106.00
6002.00
5918.00
5828.00
5778.00
5714.00
5688.00
5704.00
5750.00
5806.00
5858.00
5906.00
5900.00
5886.00
5890.00
5902.00
5908.00
5912.00
5914.00
5930.00
5936.00
5934.00
5896.00
5878.00
5822.00
5804.00
5756.00
5726.00
5694.00
5678.00
5632.00
5668.00
5724.00
5770.00
5824.00
5856.00
5840.00
5824.00
5778.00
5740.00
5738.00
5724.00
5742.00
5798.00
5818.00
5818.00
5822.00
5830.00
5810.00
5796.00
5808.00
5868.00
5952.00
6036.00
6130.00
6194.00
6196.00
6160.00
6160.00
6164.00
6156.00
6130.00
6076.00
6016.00
5942.00
5892.00
5882.00
5884.00
5874.00
5854.00
5822.00
5774.00
5768.00
5780.00
5788.00
5796.00
5788.00
5772.00
5752.00
5764.00
5748.00
5764.00
5798.00
5798.00
5800.00
5882.00
5970.00
6040.00
6086.00
6202.00
6244.00
6256.00
6282.00
6338.00
6282.00
6232.00
6196.00
6112.00
6038.00
6004.00
5994.00
5986.00
5990.00
5980.00
5952.00
