30900.00
30910.00
31120.00
31210.00
31200.00
31420.00
31760.00
32050.00
32520.00
32950.00
33170.00
33170.00
33480.00
33590.00
33640.00
33590.00
33690.00
33480.00
33460.00
33650.00
33770.00
33720.00
33760.00
33650.00
33560.00
33520.00
33670.00
33640.00
33770.00
33820.00
34080.00
34250.00
34720.00
35040.00
35130.00
35150.00
34940.00
34580.00
34240.00
33950.00
33700.00
33670.00
33590.00
33590.00
33800.00
34030.00
34190.00
34320.00
34360.00
34290.00
34030.00
33770.00
33470.00
33100.00
32980.00
33120.00
33430.00
33960.00
34630.00
35240.00
35700.00
36040.00
36300.00
36510.00
36700.00
36950.00
37160.00
37310.00
37310.00
37170.00
37020.00
36790.00
36500.00
36350.00
36220.00
36150.00
36020.00
36030.00
35970.00
35740.00
35450.00
35110.00
34740.00
34370.00
34250.00
34140.00
34210.00
34210.00
34330.00
34430.00
34430.00
34520.00
34600.00
34650.00
34650.00
34620.00
34660.00
34800.00
34950.00
35130.00
35320.00
35330.00
35300.00
35240.00
35200.00
35230.00
35350.00
35470.00
35670.00
36020.00
36410.00
36850.00
37440.00
37930.00
38300.00
38690.00
38950.00
