18730.00
18760.00
18860.00
18840.00
18840.00
18790.00
18660.00
18530.00
18500.00
18530.00
18590.00
18680.00
18820.00
18950.00
18980.00
19000.00
18980.00
19030.00
19060.00
19070.00
19110.00
19240.00
19190.00
19150.00
19170.00
19100.00
19010.00
18950.00
18930.00
18910.00
18900.00
18810.00
18750.00
18690.00
18630.00
18710.00
18890.00
19060.00
19130.00
19100.00
18970.00
18930.00
18960.00
19070.00
19350.00
19530.00
19520.00
19400.00
19270.00
19070.00
18880.00
18740.00
18680.00
18550.00
18370.00
18300.00
18230.00
18190.00
18220.00
18300.00
18360.00
18460.00
18480.00
18610.00
18750.00
18900.00
18950.00
19100.00
19060.00
19040.00
19000.00
18970.00
18880.00
18880.00
18760.00
18820.00
18930.00
19050.00
19080.00
19260.00
19200.00
19090.00
19060.00
19050.00
19030.00
19160.00
19350.00
19380.00
19380.00
19310.00
19130.00
18930.00
18760.00
18630.00
18540.00
18420.00
18300.00
18240.00
18240.00
18240.00
18260.00
18290.00
18330.00
18390.00
18450.00
18560.00
18650.00
18690.00
18780.00
18710.00
18610.00
18370.00
18190.00
17890.00
17820.00
17680.00
17700.00
