56100.00
56780.00
58420.00
60260.00
61260.00
61860.00
62420.00
62540.00
62560.00
62580.00
62700.00
62680.00
63540.00
64300.00
65220.00
66080.00
66780.00
66980.00
67120.00
67120.00
66880.00
66740.00
66500.00
66800.00
66700.00
66860.00
66820.00
67160.00
67980.00
69020.00
69880.00
72020.00
73760.00
74860.00
75200.00
76020.00
75600.00
75260.00
74520.00
74920.00
75340.00
75920.00
76900.00
78500.00
80160.00
81860.00
83700.00
85260.00
86060.00
86340.00
85480.00
84880.00
84340.00
84400.00
84760.00
86180.00
86920.00
86800.00
86760.00
86620.00
86680.00
86880.00
87360.00
86840.00
86760.00
87340.00
87760.00
88600.00
89460.00
89560.00
88460.00
87120.00
85960.00
84900.00
84160.00
83860.00
83620.00
83200.00
83020.00
83280.00
82880.00
82460.00
81760.00
81020.00
80820.00
81420.00
82300.00
82560.00
84160.00
84020.00
83140.00
82200.00
82080.00
80560.00
80120.00
79640.00
79220.00
78880.00
78880.00
78680.00
78900.00
79240.00
79920.00
81220.00
82140.00
82740.00
83380.00
83420.00
82960.00
82800.00
82780.00
82500.00
82260.00
82080.00
82000.00
81760.00
81880.00
