2129.00
2142.00
2164.00
2186.00
2209.00
2248.00
2277.00
2290.00
2313.00
2318.00
2310.00
2305.00
2312.00
2313.00
2315.00
2315.00
2317.00
2324.00
2326.00
2330.00
2338.00
2341.00
2334.00
2327.00
2324.00
2338.00
2370.00
2394.00
2417.00
2429.00
2417.00
2387.00
2368.00
2361.00
2348.00
2341.00
2323.00
2307.00
2331.00
2375.00
2454.00
2538.00
2624.00
2660.00
2663.00
2640.00
2621.00
2603.00
2567.00
2543.00
2485.00
2446.00
2400.00
2362.00
2344.00
2356.00
2352.00
2356.00
2369.00
2371.00
2367.00
2361.00
2343.00
2326.00
2315.00
2310.00
2311.00
2320.00
2322.00
2322.00
2314.00
2298.00
2278.00
2262.00
2246.00
2237.00
2233.00
2240.00
2253.00
2265.00
2270.00
2252.00
2230.00
2201.00
2170.00
2145.00
2143.00
2134.00
2128.00
2125.00
2116.00
2100.00
2083.00
2070.00
2075.00
2071.00
2071.00
2080.00
2076.00
2060.00
2066.00
2077.00
2080.00
2102.00
2133.00
2183.00
2224.00
2256.00
2278.00
2286.00
2274.00
2270.00
2271.00
2300.00
2326.00
2273.00
2197.00
