30410.00
30490.00
30590.00
30600.00
30570.00
30580.00
30540.00
30550.00
30570.00
30580.00
30590.00
30610.00
30580.00
30570.00
30540.00
30520.00
30480.00
30460.00
30500.00
30540.00
30640.00
30750.00
30860.00
30910.00
30990.00
31020.00
31030.00
31060.00
31060.00
31060.00
31030.00
31030.00
31020.00
31030.00
31010.00
31030.00
31300.00
31500.00
31660.00
31910.00
32140.00
32160.00
32240.00
32420.00
32550.00
32760.00
32750.00
32650.00
32440.00
32190.00
31640.00
31280.00
31060.00
30950.00
30900.00
31070.00
31250.00
31480.00
32240.00
33010.00
33770.00
34490.00
35040.00
34920.00
34870.00
34800.00
34730.00
34740.00
34910.00
35250.00
35630.00
36080.00
36500.00
36800.00
36530.00
36410.00
36350.00
36550.00
36740.00
37140.00
37370.00
37290.00
36870.00
36310.00
36010.00
35740.00
35580.00
35390.00
35350.00
35090.00
34680.00
34250.00
34070.00
33830.00
33600.00
33510.00
33460.00
33110.00
32930.00
32720.00
32540.00
32590.00
32870.00
33030.00
33190.00
33400.00
33250.00
32970.00
32740.00
32530.00
32150.00
31970.00
31880.00
31800.00
31730.00
31740.00
31820.00
