2741.00
2824.00
2863.00
2928.00
2982.00
3022.00
3041.00
3060.00
3063.00
3054.00
3053.00
3053.00
3067.00
3072.00
3083.00
3063.00
3054.00
3041.00
3056.00
3108.00
3188.00
3239.00
3287.00
3308.00
3291.00
3261.00
3256.00
3259.00
3244.00
3215.00
3198.00
3160.00
3131.00
3120.00
3041.00
2940.00
2858.00
2753.00
2632.00
2599.00
2575.00
2548.00
2525.00
2526.00
2502.00
2504.00
2502.00
2502.00
2488.00
2498.00
2489.00
2477.00
2469.00
2463.00
2474.00
2492.00
2508.00
2532.00
2556.00
2577.00
2588.00
2600.00
2607.00
2622.00
2613.00
2606.00
2600.00
2590.00
2575.00
2574.00
2576.00
2573.00
2567.00
2551.00
2531.00
2500.00
2481.00
2477.00
2484.00
2479.00
2483.00
2465.00
2426.00
2382.00
2349.00
2326.00
2324.00
2350.00
2380.00
2407.00
2428.00
2451.00
2448.00
2440.00
2444.00
2437.00
2413.00
2404.00
2398.00
2392.00
2404.00
2428.00
2451.00
2485.00
2514.00
2537.00
2558.00
2568.00
2569.00
2581.00
2587.00
2584.00
2602.00
2603.00
2594.00
2578.00
2563.00
