5144.00
5174.00
5230.00
5266.00
5272.00
5308.00
5314.00
5332.00
5370.00
5438.00
5484.00
5514.00
5554.00
5576.00
5596.00
5592.00
5594.00
5608.00
5610.00
5586.00
5590.00
5628.00
5630.00
5644.00
5682.00
5680.00
5664.00
5660.00
5654.00
5628.00
5624.00
5606.00
5574.00
5554.00
5542.00
5622.00
5716.00
5794.00
5830.00
5850.00
5770.00
5700.00
5662.00
5676.00
5684.00
5708.00
5712.00
5694.00
5646.00
5620.00
5554.00
5502.00
5498.00
5472.00
5432.00
5444.00
5440.00
5402.00
5412.00
5442.00
5454.00
5478.00
5524.00
5574.00
5598.00
5624.00
5660.00
5664.00
5626.00
5614.00
5618.00
5598.00
5598.00
5620.00
5616.00
5620.00
5652.00
5716.00
5856.00
6032.00
6130.00
6228.00
6224.00
6098.00
6008.00
5960.00
5862.00
5794.00
5712.00
5578.00
5470.00
5360.00
5248.00
5188.00
5148.00
5082.00
5048.00
5046.00
5064.00
5074.00
5100.00
5136.00
5172.00
5204.00
5222.00
5246.00
5262.00
5276.00
5284.00
5296.00
5314.00
5316.00
5330.00
5340.00
5354.00
5356.00
5332.00
