85040.00
84780.00
84460.00
84620.00
84480.00
84520.00
84600.00
84560.00
84480.00
84420.00
84200.00
84220.00
84360.00
84180.00
84180.00
84220.00
84040.00
83840.00
83780.00
83720.00
83660.00
83600.00
83380.00
83280.00
83320.00
83360.00
83400.00
83540.00
83620.00
83560.00
83440.00
83340.00
83380.00
83640.00
83560.00
83400.00
83620.00
84200.00
84180.00
84640.00
85320.00
85580.00
85520.00
85680.00
85480.00
85240.00
84980.00
84460.00
83980.00
83720.00
83500.00
83440.00
83580.00
83800.00
83960.00
84000.00
83800.00
83740.00
83420.00
83140.00
82940.00
82860.00
82560.00
82540.00
82500.00
82500.00
82600.00
82660.00
82560.00
82520.00
82620.00
82640.00
82720.00
82900.00
82940.00
82640.00
82440.00
82440.00
82420.00
82460.00
82860.00
83320.00
83700.00
83580.00
84360.00
84840.00
85160.00
85360.00
85840.00
85440.00
85000.00
84700.00
84440.00
84020.00
83640.00
82760.00
81220.00
79480.00
78300.00
77340.00
77080.00
77320.00
77860.00
78180.00
78440.00
78340.00
78240.00
78040.00
78080.00
77860.00
78020.00
78140.00
78060.00
77760.00
77500.00
77280.00
77100.00
