276000.00
275400.00
274500.00
271300.00
269400.00
267900.00
267500.00
267000.00
268200.00
267500.00
266600.00
266900.00
267400.00
267300.00
269100.00
269800.00
267700.00
265100.00
263300.00
260700.00
259400.00
259900.00
260200.00
260100.00
260200.00
259000.00
258700.00
258800.00
258900.00
258700.00
259900.00
260000.00
259900.00
260500.00
260800.00
260800.00
261000.00
260700.00
258900.00
257200.00
254800.00
252200.00
249700.00
248200.00
248500.00
249100.00
250100.00
251200.00
251800.00
251500.00
251700.00
251200.00
251600.00
252000.00
251900.00
252200.00
252300.00
250300.00
249100.00
248100.00
246300.00
244900.00
245600.00
245500.00
245200.00
245300.00
246000.00
246200.00
246100.00
245800.00
245500.00
244700.00
244400.00
245100.00
245700.00
246300.00
247100.00
248200.00
249800.00
251800.00
254800.00
258000.00
260200.00
260900.00
261500.00
260600.00
259500.00
258500.00
258700.00
258400.00
257400.00
256000.00
255100.00
254300.00
253400.00
253200.00
253000.00
252500.00
251200.00
251300.00
252400.00
253400.00
254000.00
254700.00
255300.00
255700.00
256500.00
258100.00
260200.00
261400.00
261600.00
262200.00
261900.00
260900.00
260100.00
259500.00
258900.00
