108600.00
110300.00
110700.00
111500.00
113500.00
115200.00
116600.00
117800.00
117900.00
116500.00
114900.00
113900.00
113300.00
113500.00
113900.00
113300.00
112800.00
112500.00
113000.00
114600.00
117200.00
118900.00
120500.00
120700.00
119800.00
119800.00
120200.00
121500.00
122100.00
121900.00
121500.00
119600.00
117500.00
116400.00
111960.00
106000.00
101600.00
95860.00
89120.00
86520.00
84920.00
83640.00
83120.00
83280.00
82480.00
82540.00
82260.00
81780.00
81120.00
81660.00
81680.00
81480.00
81400.00
81420.00
83100.00
84640.00
86900.00
89520.00
91960.00
93280.00
93740.00
93640.00
93320.00
93500.00
92480.00
92320.00
92140.00
91580.00
90380.00
89660.00
88940.00
88480.00
88040.00
87640.00
87780.00
87340.00
86680.00
86400.00
86260.00
85180.00
84660.00
83640.00
82280.00
80880.00
79860.00
79020.00
78760.00
79500.00
79980.00
80520.00
80900.00
80840.00
79860.00
79440.00
79460.00
79180.00
79220.00
79640.00
79820.00
80040.00
80340.00
81180.00
82740.00
84540.00
86160.00
88040.00
89460.00
89860.00
90040.00
90800.00
91020.00
91000.00
91880.00
92240.00
92060.00
91880.00
91880.00
