54220.00
54020.00
54080.00
54140.00
54180.00
54340.00
54640.00
55120.00
55960.00
57040.00
58040.00
59040.00
59880.00
60360.00
60480.00
60420.00
60360.00
60420.00
60400.00
60160.00
59960.00
59980.00
59880.00
59700.00
59740.00
59620.00
59220.00
58880.00
58640.00
58520.00
58500.00
58480.00
58420.00
58480.00
58380.00
58340.00
58340.00
58360.00
58320.00
58380.00
58520.00
59220.00
61880.00
63920.00
65680.00
67260.00
68420.00
67220.00
66380.00
66200.00
65900.00
65480.00
65480.00
65440.00
65020.00
64780.00
64580.00
64560.00
64640.00
64500.00
64500.00
64420.00
64300.00
64480.00
64700.00
64800.00
64940.00
64860.00
64480.00
64580.00
64680.00
64540.00
64420.00
64500.00
64140.00
63980.00
64020.00
63980.00
63620.00
63420.00
63020.00
62780.00
62340.00
62020.00
61560.00
61280.00
60620.00
60080.00
59640.00
59180.00
58480.00
57840.00
57260.00
56660.00
56120.00
55940.00
55960.00
56360.00
56780.00
57380.00
57660.00
57720.00
57320.00
57140.00
56960.00
56800.00
57460.00
58360.00
58800.00
59120.00
59480.00
59200.00
58880.00
58640.00
58340.00
58160.00
58020.00
