6786.00
6770.00
6762.00
6764.00
6788.00
6900.00
6980.00
7036.00
7062.00
7132.00
7130.00
7116.00
7114.00
7150.00
7172.00
7304.00
7446.00
7570.00
7624.00
7684.00
7702.00
7686.00
7744.00
7890.00
7974.00
8022.00
8112.00
8122.00
8102.00
8120.00
8136.00
8168.00
8190.00
8194.00
8148.00
8096.00
8046.00
8088.00
8094.00
8164.00
8262.00
8356.00
8396.00
8524.00
8604.00
8686.00
8738.00
8768.00
8718.00
8668.00
8560.00
8488.00
8394.00
8262.00
8202.00
8176.00
8104.00
8070.00
8132.00
8168.00
8172.00
8192.00
8190.00
8150.00
8078.00
8032.00
7954.00
7932.00
7922.00
7912.00
7916.00
8028.00
8076.00
8122.00
8156.00
8208.00
8232.00
8308.00
8426.00
8554.00
8624.00
8636.00
8616.00
8536.00
8518.00
8526.00
8558.00
8574.00
8522.00
8404.00
8252.00
8132.00
7982.00
7906.00
7872.00
7854.00
7804.00
7830.00
7856.00
7880.00
7922.00
7936.00
8012.00
8124.00
8262.00
8446.00
8662.00
8726.00
8786.00
8778.00
8734.00
8766.00
8874.00
8948.00
9014.00
9064.00
9032.00
