204600.00
205100.00
205100.00
206900.00
209100.00
211500.00
213100.00
214900.00
215300.00
215300.00
215600.00
216100.00
216000.00
216400.00
217300.00
218700.00
219100.00
221100.00
222100.00
222500.00
222700.00
223000.00
222300.00
222700.00
223900.00
224700.00
225800.00
227100.00
229300.00
229900.00
230400.00
230900.00
232000.00
231400.00
231200.00
230500.00
230700.00
230700.00
229600.00
228000.00
226800.00
225700.00
224600.00
224900.00
225800.00
227900.00
229500.00
230700.00
231600.00
232700.00
232000.00
231500.00
231200.00
231800.00
232300.00
233300.00
233300.00
233500.00
233300.00
232800.00
232900.00
233200.00
233800.00
233800.00
234100.00
234100.00
234100.00
234100.00
233500.00
231500.00
229400.00
227000.00
223800.00
221600.00
220800.00
219800.00
219000.00
219500.00
219100.00
217400.00
216300.00
213200.00
210000.00
206600.00
205100.00
204000.00
204700.00
204200.00
204000.00
203900.00
203900.00
204000.00
204000.00
204500.00
204600.00
204100.00
205000.00
205800.00
207600.00
208800.00
209200.00
208600.00
209500.00
210800.00
212400.00
214200.00
215400.00
215900.00
215300.00
215200.00
215400.00
216100.00
216100.00
215900.00
215500.00
215400.00
215100.00
