69742.56
70396.04
71465.34
72495.04
73287.12
74158.40
74673.24
75049.48
76039.58
76851.46
77920.78
79188.10
80455.44
80693.06
80970.30
80990.10
80673.28
80673.28
80950.52
80673.28
80356.44
80752.48
80455.44
80158.40
80237.62
80415.84
80356.44
80495.06
80871.30
81504.96
81742.58
81762.38
81841.58
81762.38
81108.92
81227.74
81247.54
81623.78
82079.22
82891.10
83287.14
84336.64
86356.44
87940.60
89702.96
90990.08
91683.14
91267.30
90891.06
90891.06
91089.08
91188.10
91445.52
91386.12
90990.08
90633.66
90376.24
89881.20
90000.00
89901.00
90158.42
90534.66
90910.90
91306.94
91564.36
91643.56
91603.94
91425.72
90752.46
90237.62
89901.00
89168.34
88613.88
88039.62
87326.74
86336.64
85801.98
85089.12
84772.30
84435.66
84594.06
84514.86
84356.44
84000.00
84039.62
83683.20
83188.14
82633.68
82099.02
81148.52
80099.00
79069.30
78059.40
77326.72
76712.86
76693.06
77207.92
77782.18
78237.64
78752.48
78673.28
78217.82
78019.80
78099.00
78158.42
78396.04
78732.68
78831.68
78693.06
78415.82
78178.20
77881.18
77762.38
77544.56
77425.76
77603.98
77623.78
