2385.00
2403.00
2429.00
2446.00
2444.00
2456.00
2452.00
2460.00
2513.00
2587.00
2643.00
2709.00
2741.00
2731.00
2695.00
2672.00
2677.00
2691.00
2711.00
2733.00
2757.00
2748.00
2748.00
2751.00
2753.00
2743.00
2712.00
2692.00
2670.00
2665.00
2689.00
2743.00
2790.00
2838.00
2854.00
2897.00
2917.00
2937.00
2939.00
2904.00
2795.00
2699.00
2579.00
2480.00
2424.00
2408.00
2390.00
2401.00
2409.00
2416.00
2412.00
2408.00
2413.00
2409.00
2407.00
2409.00
2417.00
2413.00
2415.00
2446.00
2494.00
2540.00
2578.00
2616.00
2647.00
2679.00
2704.00
2728.00
2757.00
2789.00
2793.00
2795.00
2788.00
2771.00
2741.00
2725.00
2714.00
2710.00
2694.00
2679.00
2656.00
2626.00
2602.00
2590.00
2571.00
2572.00
2598.00
2722.00
2872.00
3025.00
3176.00
3286.00
3288.00
3256.00
3269.00
3262.00
3258.00
3240.00
3305.00
3368.00
3450.00
3552.00
3790.00
3947.00
4081.00
4163.00
4229.00
4182.00
4113.00
4057.00
4000.00
3938.00
3855.00
3812.00
3720.00
3669.00
3641.00
