6776.00
6960.00
7148.00
7172.00
7094.00
7080.00
7030.00
6956.00
6972.00
6974.00
6990.00
7044.00
7160.00
7188.00
7260.00
7266.00
7244.00
7230.00
7226.00
7252.00
7342.00
7526.00
7686.00
7904.00
8036.00
8110.00
8176.00
8210.00
8174.00
8146.00
8154.00
8092.00
8050.00
8076.00
8052.00
8158.00
8246.00
8308.00
8306.00
8368.00
8288.00
8230.00
8258.00
8300.00
8272.00
8216.00
8146.00
8044.00
7928.00
7862.00
7802.00
7766.00
7662.00
7536.00
7450.00
7468.00
7442.00
7490.00
7582.00
7666.00
7668.00
7704.00
7784.00
7850.00
7886.00
7906.00
7940.00
7902.00
7832.00
7808.00
7840.00
7836.00
7806.00
7846.00
7800.00
7722.00
7762.00
7820.00
7864.00
7936.00
7978.00
7884.00
7764.00
7574.00
7404.00
7286.00
7198.00
7114.00
7052.00
7004.00
6946.00
6886.00
6834.00
6820.00
6852.00
6830.00
6832.00
6866.00
6902.00
6894.00
6916.00
6954.00
6992.00
7066.00
7110.00
7174.00
7216.00
7216.00
7184.00
7164.00
7154.00
7126.00
7126.00
7100.00
7082.00
7012.00
6934.00
