3736.00
3793.00
3825.00
3856.00
3866.00
3853.00
3853.00
3863.00
3873.00
3869.00
3870.00
3839.00
3807.00
3776.00
3741.00
3716.00
3714.00
3714.00
3695.00
3708.00
3719.00
3715.00
3715.00
3742.00
3763.00
3779.00
3805.00
3831.00
3842.00
3846.00
3841.00
3843.00
3839.00
3833.00
3827.00
3826.00
3823.00
3819.00
3820.00
3824.00
3832.00
3830.00
3831.00
3815.00
3772.00
3738.00
3717.00
3693.00
3706.00
3741.00
3727.00
3710.00
3691.00
3651.00
3607.00
3621.00
3636.00
3661.00
3695.00
3737.00
3756.00
3760.00
3749.00
3738.00
3740.00
3733.00
3746.00
3767.00
3787.00
3792.00
3806.00
3805.00
3811.00
3818.00
3828.00
3867.00
3928.00
4000.00
4065.00
4098.00
4098.00
4049.00
3987.00
3942.00
4009.00
4073.00
4143.00
4265.00
4413.00
4475.00
4546.00
4606.00
4550.00
4482.00
4389.00
4324.00
4302.00
4347.00
4364.00
4412.00
4403.00
4386.00
4344.00
4293.00
4234.00
4194.00
4159.00
4144.00
4166.00
4163.00
4192.00
4196.00
4189.00
4117.00
4110.00
4048.00
4007.00
