6574.00
6538.00
6494.00
6466.00
6442.00
6418.00
6394.00
6382.00
6382.00
6386.00
6386.00
6392.00
6374.00
6374.00
6390.00
6404.00
6422.00
6484.00
6522.00
6524.00
6526.00
6542.00
6522.00
6502.00
6520.00
6534.00
6522.00
6538.00
6550.00
6546.00
6554.00
6578.00
6588.00
6598.00
6608.00
6618.00
6628.00
6624.00
6624.00
6612.00
6614.00
6604.00
6628.00
6666.00
6732.00
6766.00
6776.00
6732.00
6660.00
6558.00
6438.00
6340.00
6278.00
6232.00
6196.00
6194.00
6190.00
6194.00
6196.00
6202.00
6206.00
6206.00
6210.00
6220.00
6248.00
6278.00
6306.00
6312.00
6308.00
6290.00
6268.00
6256.00
6246.00
6238.00
6220.00
6206.00
6190.00
6184.00
6182.00
6182.00
6184.00
6178.00
6160.00
6132.00
6098.00
6082.00
6080.00
6078.00
6082.00
6096.00
6094.00
6084.00
6100.00
6114.00
6142.00
6134.00
6124.00
6096.00
6068.00
6022.00
6012.00
6016.00
6026.00
6056.00
6110.00
6266.00
6348.00
6404.00
6420.00
6416.00
6332.00
6292.00
6310.00
6354.00
6400.00
6402.00
6404.00
