36060.00
36620.00
37530.00
38280.00
38650.00
38330.00
37830.00
37320.00
36990.00
36900.00
36820.00
36890.00
36840.00
37010.00
37020.00
37050.00
37010.00
37080.00
36940.00
36880.00
36880.00
36970.00
36680.00
36700.00
36730.00
36780.00
36750.00
36900.00
36760.00
36530.00
36300.00
35970.00
35850.00
35690.00
35840.00
36310.00
36840.00
37370.00
37930.00
38370.00
38420.00
38680.00
38910.00
39220.00
39950.00
40960.00
41720.00
42290.00
42650.00
42300.00
42070.00
42390.00
42970.00
43510.00
44250.00
44610.00
44250.00
43860.00
43760.00
43580.00
43650.00
43940.00
44270.00
44370.00
44870.00
45700.00
46060.00
45720.00
45540.00
44920.00
43770.00
43210.00
43030.00
42790.00
42360.00
42390.00
42270.00
42310.00
42050.00
42330.00
42070.00
41810.00
42160.00
43030.00
43330.00
43720.00
44180.00
43970.00
43740.00
43660.00
43740.00
43590.00
43550.00
43460.00
43440.00
43040.00
42530.00
42120.00
41560.00
41020.00
40660.00
40610.00
40500.00
40440.00
40390.00
40530.00
40510.00
40240.00
39990.00
39740.00
39480.00
39340.00
39390.00
39240.00
38880.00
38290.00
37800.00
