2324.00
2349.00
2378.00
2398.00
2416.00
2422.00
2432.00
2441.00
2450.00
2457.00
2466.00
2472.00
2484.00
2494.00
2507.00
2515.00
2523.00
2527.00
2530.00
2530.00
2527.00
2516.00
2526.00
2543.00
2558.00
2588.00
2660.00
2728.00
2784.00
2850.00
2898.00
2899.00
2913.00
2920.00
2895.00
2881.00
2870.00
2832.00
2800.00
2780.00
2745.00
2715.00
2684.00
2671.00
2670.00
2686.00
2713.00
2766.00
2795.00
2834.00
2855.00
2875.00
2850.00
2820.00
2781.00
2757.00
2729.00
2721.00
2734.00
2748.00
2756.00
2758.00
2753.00
2750.00
2747.00
2740.00
2742.00
2748.00
2758.00
2766.00
2783.00
2819.00
2857.00
2877.00
2899.00
2930.00
2923.00
2921.00
2909.00
2877.00
2833.00
2786.00
2732.00
2691.00
2671.00
2664.00
2679.00
2670.00
2671.00
2690.00
2706.00
2712.00
2732.00
2768.00
2794.00
2800.00
2793.00
2788.00
2794.00
2786.00
2788.00
2821.00
2868.00
2877.00
2888.00
2900.00
2872.00
2858.00
2861.00
2924.00
3012.00
3091.00
3164.00
3200.00
3188.00
3132.00
3125.00
