3231.00
3247.00
3272.00
3321.00
3357.00
3398.00
3426.00
3442.00
3458.00
3537.00
3577.00
3616.00
3667.00
3713.00
3697.00
3696.00
3681.00
3710.00
3780.00
3866.00
3946.00
3986.00
3973.00
3931.00
3909.00
3943.00
4005.00
4081.00
4119.00
4122.00
4104.00
4096.00
4076.00
4079.00
4049.00
4009.00
3962.00
3914.00
3855.00
3837.00
3804.00
3819.00
3830.00
3866.00
3895.00
3936.00
3921.00
3904.00
3860.00
3811.00
3729.00
3672.00
3600.00
3513.00
3466.00
3470.00
3479.00
3521.00
3598.00
3647.00
3675.00
3693.00
3701.00
3695.00
3741.00
3793.00
3845.00
3892.00
4041.00
4227.00
4408.00
4585.00
4855.00
4920.00
4912.00
4989.00
5090.00
5176.00
5376.00
5566.00
5652.00
5686.00
5632.00
5560.00
5486.00
5454.00
5330.00
5147.00
4955.00
4781.00
4583.00
4501.00
4450.00
4404.00
4345.00
4261.00
4201.00
4202.00
4205.00
4205.00
4280.00
4422.00
4540.00
4649.00
4770.00
4821.00
4768.00
4719.00
4781.00
4905.00
5111.00
5276.00
5404.00
5420.00
5370.00
5266.00
5286.00
