2823.00
2818.00
2820.00
2821.00
2824.00
2828.00
2841.00
2850.00
2876.00
2917.00
2951.00
2974.00
2993.00
3006.00
3000.00
3002.00
3005.00
3008.00
3002.00
3000.00
2992.00
2982.00
2990.00
3001.00
3019.00
3031.00
3037.00
3027.00
3017.00
3007.00
3011.00
3029.00
3052.00
3076.00
3093.00
3095.00
3095.00
3090.00
3083.00
3080.00
3073.00
3059.00
3047.00
3032.00
3017.00
3020.00
3023.00
3027.00
3035.00
3044.00
3037.00
3034.00
3029.00
3022.00
3016.00
3019.00
3021.00
3019.00
3020.00
3022.00
3022.00
3013.00
3010.00
3005.00
2998.00
2992.00
2995.00
2998.00
3002.00
3017.00
3032.00
3045.00
3054.00
3056.00
3046.00
3036.00
3021.00
3011.00
3011.00
3006.00
3004.00
3005.00
3003.00
2997.00
3001.00
3004.00
3011.00
3022.00
3032.00
3041.00
3042.00
3042.00
3035.00
3030.00
3028.00
3028.00
3026.00
3025.00
3021.00
3014.00
3014.00
3016.00
3022.00
3034.00
3044.00
3051.00
3059.00
3068.00
3071.00
3074.00
3078.00
3075.00
3066.00
3060.00
3052.00
3041.00
3030.00
