5790.00
5798.00
5798.00
5800.00
5794.00
5770.00
5746.00
5714.00
5690.00
5658.00
5646.00
5642.00
5644.00
5642.00
5630.00
5622.00
5588.00
5620.00
5658.00
5700.00
5754.00
5840.00
5890.00
5932.00
6020.00
6094.00
6164.00
6196.00
6228.00
6236.00
6240.00
6236.00
6256.00
6292.00
6360.00
6434.00
6502.00
6552.00
6582.00
6580.00
6550.00
6544.00
6550.00
6556.00
6562.00
6582.00
6568.00
6554.00
6534.00
6514.00
6488.00
6464.00
6460.00
6464.00
6474.00
6510.00
6574.00
6626.00
6678.00
6726.00
6758.00
6768.00
6776.00
6782.00
6770.00
6752.00
6736.00
6732.00
6712.00
6710.00
6712.00
6702.00
6666.00
6654.00
6650.00
6650.00
6662.00
6692.00
6722.00
6760.00
6804.00
6846.00
6874.00
6908.00
6924.00
6926.00
6894.00
6862.00
6818.00
6786.00
6760.00
6764.00
6748.00
6740.00
6740.00
6734.00
6740.00
6770.00
6792.00
6792.00
6798.00
6758.00
6728.00
6696.00
6638.00
6594.00
6590.00
6558.00
6538.00
6554.00
6540.00
6530.00
6532.00
6518.00
6486.00
6464.00
6430.00
