202000.00
202100.00
202900.00
203700.00
204300.00
205400.00
204800.00
202500.00
200400.00
198100.00
195600.00
194400.00
194200.00
194300.00
194300.00
194500.00
194700.00
195200.00
195000.00
194800.00
194700.00
193900.00
193400.00
193100.00
193000.00
192100.00
191800.00
191100.00
190800.00
190600.00
190800.00
191000.00
191300.00
191300.00
191000.00
191000.00
191000.00
190500.00
190000.00
189600.00
189100.00
188600.00
188100.00
188000.00
188500.00
189600.00
190800.00
192100.00
192700.00
192000.00
190200.00
188000.00
185500.00
182900.00
180900.00
179600.00
179000.00
179000.00
179300.00
179600.00
179600.00
179400.00
179200.00
178900.00
178700.00
179600.00
180200.00
180800.00
181000.00
181400.00
181000.00
180800.00
180300.00
180100.00
179500.00
179100.00
178500.00
178400.00
178500.00
177900.00
177000.00
175400.00
173000.00
170300.00
168800.00
167100.00
166300.00
165100.00
164600.00
163600.00
162800.00
161600.00
160700.00
160300.00
159900.00
159300.00
158900.00
159500.00
159300.00
159500.00
159900.00
160100.00
160300.00
161200.00
161700.00
162000.00
162400.00
162400.00
161500.00
161200.00
161200.00
161200.00
160900.00
161100.00
160700.00
160300.00
160200.00
