19040.00
19110.00
19230.00
19230.00
19210.00
19240.00
19290.00
19370.00
19520.00
19580.00
19600.00
19550.00
19910.00
20140.00
20410.00
20620.00
20830.00
20770.00
20780.00
20820.00
20910.00
21100.00
21230.00
21420.00
21550.00
21680.00
21700.00
21730.00
21750.00
21940.00
22090.00
22290.00
22410.00
22550.00
22430.00
22460.00
22320.00
22220.00
22060.00
22040.00
21940.00
21910.00
21870.00
21840.00
21990.00
22090.00
22210.00
22320.00
22550.00
22520.00
22320.00
22110.00
21900.00
21500.00
21230.00
21280.00
21360.00
21560.00
22100.00
22590.00
22970.00
23300.00
23440.00
23300.00
23240.00
23160.00
23130.00
23200.00
23130.00
23020.00
22930.00
22820.00
22600.00
22640.00
22490.00
22420.00
22330.00
22300.00
22160.00
22130.00
22080.00
22010.00
21910.00
21710.00
21500.00
21340.00
21390.00
21550.00
22000.00
22520.00
22890.00
23420.00
23810.00
23180.00
22540.00
21940.00
21010.00
20240.00
20510.00
20760.00
20950.00
21160.00
21270.00
21200.00
21120.00
21020.00
20980.00
21060.00
21270.00
21420.00
21590.00
21750.00
21710.00
21590.00
21560.00
21540.00
21540.00
