6936.00
6904.00
6888.00
6844.00
6798.00
6778.00
6844.00
6920.00
7156.00
7826.00
8298.00
8764.00
9190.00
9542.00
9422.00
9538.00
9500.00
9376.00
9220.00
9068.00
8880.00
8752.00
8652.00
8530.00
8382.00
8234.00
8090.00
8072.00
8012.00
7958.00
7872.00
7876.00
7808.00
7832.00
7788.00
7758.00
7716.00
7728.00
7626.00
7630.00
7634.00
7600.00
7436.00
7378.00
7258.00
7208.00
7158.00
7208.00
7188.00
7208.00
7154.00
7096.00
7006.00
6952.00
6928.00
6992.00
7066.00
7202.00
7328.00
7442.00
7470.00
7482.00
7484.00
7532.00
7580.00
7634.00
7644.00
7670.00
7686.00
7676.00
7690.00
7730.00
7696.00
7560.00
7420.00
7282.00
7180.00
7152.00
7162.00
7136.00
7080.00
6912.00
6750.00
6556.00
6448.00
6396.00
6416.00
6418.00
6410.00
6378.00
6320.00
6260.00
6144.00
6110.00
6116.00
6082.00
6072.00
6114.00
6142.00
6142.00
6168.00
6268.00
6358.00
6456.00
6510.00
6574.00
6524.00
6552.00
6544.00
6564.00
6594.00
6644.00
6610.00
6622.00
6634.00
6650.00
6634.00
