3062.00
3094.00
3133.00
3177.00
3218.00
3251.00
3293.00
3310.00
3329.00
3382.00
3424.00
3446.00
3480.00
3508.00
3501.00
3473.00
3470.00
3477.00
3482.00
3480.00
3504.00
3519.00
3608.00
3905.00
4149.00
4343.00
4514.00
4616.00
4493.00
4414.00
4392.00
4372.00
4346.00
4354.00
4350.00
4333.00
4327.00
4312.00
4287.00
4293.00
4276.00
4294.00
4325.00
4358.00
4412.00
4529.00
4597.00
4657.00
4702.00
4720.00
4745.00
4819.00
4905.00
5006.00
5114.00
5184.00
5208.00
5204.00
5198.00
5198.00
5198.00
5216.00
5260.00
5328.00
5438.00
5552.00
5552.00
5544.00
5490.00
5392.00
5278.00
5304.00
5324.00
5338.00
5320.00
5314.00
5276.00
5266.00
5268.00
5300.00
5304.00
5246.00
5170.00
5104.00
5027.00
4972.00
4821.00
4621.00
4401.00
4176.00
3966.00
3913.00
3919.00
3962.00
4007.00
4026.00
4058.00
4063.00
4052.00
4037.00
4039.00
4017.00
4014.00
4008.00
4028.00
4040.00
4077.00
4117.00
4160.00
4174.00
4193.00
4200.00
4178.00
4157.00
4171.00
4174.00
4138.00
