10920.00
10930.00
10890.00
10890.00
10890.00
10910.00
10920.00
10960.00
11010.00
11010.00
11000.00
10980.00
10990.00
10980.00
10990.00
10990.00
11000.00
10970.00
10940.00
10940.00
10930.00
10920.00
10920.00
10930.00
10950.00
10970.00
10980.00
10980.00
10970.00
10950.00
10940.00
10910.00
10910.00
10900.00
10880.00
10830.00
10820.00
10830.00
10840.00
10920.00
11020.00
11140.00
11220.00
11330.00
11360.00
11360.00
11410.00
11410.00
11360.00
11340.00
11330.00
11300.00
11250.00
11190.00
11140.00
11120.00
11050.00
11050.00
11080.00
11080.00
11140.00
11140.00
11160.00
11170.00
11200.00
11170.00
11220.00
11280.00
11360.00
11460.00
11600.00
11700.00
11760.00
11790.00
11810.00
11780.00
11750.00
11700.00
11690.00
11680.00
11750.00
11740.00
11740.00
11730.00
11700.00
11620.00
11700.00
11820.00
11930.00
12050.00
12210.00
12330.00
12360.00
12410.00
12400.00
12290.00
12160.00
12210.00
12190.00
12240.00
12340.00
12400.00
12370.00
12380.00
12380.00
12390.00
12440.00
12490.00
12550.00
12600.00
12630.00
12660.00
12660.00
12650.00
12590.00
12530.00
12470.00
