2717.00
2697.00
2686.00
2692.00
2678.00
2663.00
2670.00
2679.00
2687.00
2698.00
2724.00
2744.00
2778.00
2810.00
2836.00
2848.00
2870.00
2881.00
2897.00
2914.00
2936.00
2949.00
2954.00
2955.00
2965.00
2968.00
2972.00
2981.00
2989.00
2987.00
2991.00
2991.00
2977.00
2958.00
2944.00
2932.00
2921.00
2919.00
2922.00
2921.00
2904.00
2892.00
2871.00
2837.00
2793.00
2757.00
2721.00
2699.00
2688.00
2689.00
2693.00
2691.00
2693.00
2701.00
2693.00
2687.00
2681.00
2674.00
2666.00
2671.00
2676.00
2680.00
2682.00
2681.00
2690.00
2704.00
2720.00
2733.00
2746.00
2750.00
2753.00
2758.00
2765.00
2778.00
2788.00
2795.00
2796.00
2806.00
2812.00
2823.00
2838.00
2849.00
2831.00
2811.00
2790.00
2765.00
2748.00
2749.00
2742.00
2729.00
2715.00
2698.00
2691.00
2688.00
2696.00
2690.00
2673.00
2646.00
2623.00
2598.00
2591.00
2593.00
2601.00
2614.00
2624.00
2630.00
2641.00
2653.00
2670.00
2673.00
2682.00
2689.00
2692.00
2680.00
2675.00
2673.00
2673.00
