13460.00
13480.00
13460.00
13520.00
13540.00
13590.00
13640.00
13700.00
13720.00
13780.00
13760.00
13710.00
13710.00
13740.00
13770.00
13840.00
13940.00
14020.00
14110.00
14240.00
14260.00
14210.00
14140.00
14080.00
14000.00
13990.00
14060.00
14090.00
14090.00
14090.00
14090.00
14070.00
14060.00
14060.00
14030.00
14000.00
13970.00
13960.00
13940.00
13910.00
13930.00
13960.00
14010.00
14060.00
14220.00
14360.00
14470.00
14530.00
14560.00
14480.00
14380.00
14230.00
14150.00
14070.00
14040.00
14080.00
14200.00
14290.00
14430.00
14540.00
14570.00
14550.00
14550.00
14510.00
14530.00
14550.00
14590.00
14610.00
14610.00
14560.00
14530.00
14510.00
14420.00
14390.00
14320.00
14310.00
14230.00
14280.00
14260.00
14300.00
14270.00
14220.00
14130.00
14070.00
13990.00
13930.00
13950.00
13940.00
13920.00
13940.00
13940.00
13920.00
13910.00
13930.00
13880.00
13820.00
13840.00
13830.00
13830.00
13870.00
13910.00
13880.00
13900.00
13910.00
13920.00
13940.00
13960.00
13950.00
13970.00
13980.00
13980.00
13970.00
13980.00
13960.00
13960.00
13980.00
14010.00
