29240.00
29200.00
29280.00
29240.00
29250.00
29320.00
29300.00
29150.00
29070.00
28840.00
28620.00
28670.00
28920.00
29240.00
29670.00
30140.00
30440.00
30660.00
30890.00
31000.00
30870.00
30650.00
30460.00
30190.00
30540.00
31400.00
32580.00
33830.00
35230.00
36030.00
36590.00
37120.00
37480.00
37700.00
37660.00
37920.00
37800.00
37790.00
37760.00
38100.00
37970.00
37960.00
38110.00
38370.00
38440.00
38870.00
39380.00
39500.00
39230.00
38910.00
38210.00
37720.00
37390.00
37350.00
37650.00
37900.00
37730.00
37490.00
37350.00
36880.00
36560.00
36560.00
36660.00
36660.00
37160.00
37780.00
38030.00
38380.00
38560.00
38590.00
38460.00
38400.00
38090.00
37840.00
37400.00
36880.00
36550.00
36440.00
36380.00
36260.00
36230.00
35860.00
35350.00
34630.00
33950.00
33570.00
33560.00
33420.00
33270.00
33080.00
32670.00
32000.00
31360.00
30860.00
30910.00
30680.00
30530.00
30650.00
30740.00
30290.00
30090.00
30080.00
29900.00
30020.00
30160.00
30290.00
30310.00
30190.00
29820.00
29540.00
29270.00
28900.00
28690.00
28640.00
28500.00
28290.00
28270.00
