53060.00
52980.00
52400.00
51620.00
50900.00
50120.00
49590.00
49400.00
49480.00
49800.00
50360.00
50870.00
51720.00
52100.00
52120.00
51920.00
52200.00
52120.00
52660.00
53420.00
54120.00
54440.00
55040.00
55300.00
55380.00
55760.00
56160.00
55940.00
55780.00
55840.00
55760.00
55800.00
56280.00
56880.00
57280.00
57700.00
57780.00
57620.00
57160.00
56820.00
56600.00
56620.00
56980.00
57560.00
58000.00
58200.00
58060.00
57560.00
56780.00
56100.00
55240.00
54900.00
54700.00
54620.00
54560.00
54960.00
55920.00
56820.00
58040.00
58940.00
59720.00
59700.00
59700.00
59360.00
59420.00
59160.00
58900.00
58620.00
58200.00
57760.00
57480.00
57180.00
56940.00
56720.00
56360.00
56160.00
56140.00
56320.00
56580.00
56940.00
57260.00
57280.00
57220.00
57160.00
57260.00
57380.00
57120.00
56520.00
55500.00
54580.00
53760.00
53540.00
53680.00
54320.00
54760.00
54940.00
54980.00
55040.00
55200.00
55160.00
55500.00
56060.00
56180.00
56220.00
56520.00
56640.00
56520.00
56640.00
56600.00
56620.00
56480.00
56600.00
56760.00
57140.00
57580.00
58180.00
58460.00
