39560.00
39420.00
39290.00
39040.00
38680.00
38210.00
37660.00
37360.00
37550.00
37780.00
37990.00
38430.00
38620.00
39070.00
39690.00
40170.00
40630.00
41380.00
41560.00
41600.00
41760.00
42240.00
43210.00
44560.00
46310.00
48030.00
49250.00
49920.00
50250.00
50130.00
50220.00
51040.00
52500.00
54080.00
55280.00
56320.00
56680.00
56840.00
56840.00
56920.00
57320.00
58000.00
58200.00
58600.00
60140.00
61440.00
62080.00
63380.00
63620.00
63080.00
62420.00
62180.00
61440.00
61280.00
61300.00
61300.00
61220.00
61020.00
61420.00
61320.00
61200.00
61760.00
62200.00
62920.00
64080.00
65120.00
65180.00
65300.00
65220.00
64820.00
64400.00
63600.00
62900.00
61720.00
60400.00
59780.00
59420.00
59120.00
58560.00
58100.00
57660.00
57240.00
56820.00
56800.00
56980.00
57540.00
59040.00
60760.00
61900.00
63420.00
64520.00
64780.00
65080.00
65380.00
65520.00
65160.00
65120.00
64580.00
64620.00
64360.00
64320.00
64080.00
64440.00
64760.00
65600.00
66280.00
67540.00
68060.00
68320.00
68220.00
68120.00
67540.00
67440.00
67240.00
67040.00
67200.00
67280.00
