10430.00
10410.00
10410.00
10460.00
10470.00
10560.00
10680.00
10730.00
10770.00
10760.00
10730.00
10760.00
10870.00
10980.00
11140.00
11190.00
11120.00
11070.00
11040.00
10920.00
10830.00
10700.00
10580.00
10390.00
10350.00
10390.00
10480.00
10560.00
10820.00
11090.00
11250.00
11510.00
11720.00
11800.00
11680.00
11710.00
11560.00
11480.00
11380.00
11430.00
11220.00
11100.00
10980.00
10850.00
10750.00
10900.00
10990.00
11040.00
11040.00
10950.00
10750.00
10580.00
10400.00
10280.00
10190.00
10170.00
10150.00
10200.00
10280.00
10330.00
10390.00
10450.00
10440.00
10450.00
10520.00
10600.00
10690.00
10780.00
10770.00
10790.00
10720.00
10650.00
10560.00
10520.00
10410.00
10320.00
9872.00
9428.00
9002.00
8502.00
8008.00
7812.00
7646.00
7392.00
7258.00
7154.00
7050.00
6960.00
6916.00
6840.00
6752.00
6672.00
6576.00
6504.00
6482.00
6402.00
6364.00
6364.00
6362.00
6304.00
6304.00
6342.00
6354.00
6384.00
6468.00
6556.00
6610.00
6646.00
6686.00
6708.00
6728.00
6764.00
6794.00
6826.00
6794.00
6730.00
6612.00
