1366.00
1385.00
1398.00
1421.00
1447.00
1472.00
1509.00
1536.00
1560.00
1570.00
1572.00
1563.00
1574.00
1578.00
1585.00
1585.00
1591.00
1588.00
1599.00
1610.00
1631.00
1634.00
1642.00
1638.00
1628.00
1615.00
1611.00
1605.00
1590.00
1580.00
1585.00
1585.00
1583.00
1590.00
1569.00
1535.00
1507.00
1480.00
1446.00
1435.00
1426.00
1421.00
1411.00
1415.00
1416.00
1417.00
1420.00
1423.00
1416.00
1418.00
1413.00
1413.00
1411.00
1412.00
1418.00
1428.00
1433.00
1444.00
1455.00
1463.00
1468.00
1465.00
1468.00
1474.00
1474.00
1478.00
1491.00
1495.00
1492.00
1495.00
1496.00
1491.00
1485.00
1483.00
1478.00
1473.00
1469.00
1472.00
1482.00
1488.00
1496.00
1493.00
1484.00
1462.00
1446.00
1437.00
1433.00
1432.00
1432.00
1427.00
1413.00
1400.00
1375.00
1353.00
1341.00
1325.00
1311.00
1312.00
1313.00
1311.00
1316.00
1328.00
1340.00
1360.00
1376.00
1392.00
1401.00
1411.00
1410.00
1413.00
1413.00
1417.00
1420.00
1424.00
1422.00
1422.00
1418.00
