1615.00
1627.00
1666.00
1752.00
1890.00
2008.00
2130.00
2216.00
2246.00
2200.00
2172.00
2168.00
2177.00
2218.00
2263.00
2288.00
2301.00
2308.00
2293.00
2291.00
2306.00
2304.00
2301.00
2303.00
2305.00
2299.00
2293.00
2282.00
2279.00
2271.00
2268.00
2263.00
2246.00
2230.00
2189.00
2134.00
2135.00
2109.00
2064.00
2036.00
2008.00
1952.00
1921.00
1912.00
1908.00
1915.00
1903.00
1905.00
1889.00
1878.00
1853.00
1831.00
1811.00
1799.00
1805.00
1814.00
1830.00
1862.00
1902.00
1923.00
1951.00
1946.00
1942.00
1940.00
1944.00
1953.00
1973.00
1981.00
1969.00
1962.00
1954.00
1953.00
1950.00
1953.00
1940.00
1937.00
1935.00
1934.00
1933.00
1939.00
1932.00
1915.00
1894.00
1866.00
1840.00
1830.00
1828.00
1831.00
1839.00
1846.00
1843.00
1842.00
1838.00
1838.00
1838.00
1842.00
1864.00
1874.00
1862.00
1846.00
1826.00
1794.00
1776.00
1786.00
1802.00
1819.00
1841.00
1881.00
1908.00
1931.00
1954.00
1959.00
1945.00
1944.00
1941.00
1933.00
1930.00
