1865.00
1883.00
1896.00
1926.00
1953.00
1969.00
1989.00
2006.00
2008.00
2009.00
2014.00
2013.00
2012.00
2011.00
2011.00
2044.00
2063.00
2085.00
2105.00
2135.00
2131.00
2137.00
2156.00
2178.00
2164.00
2157.00
2149.00
2138.00
2125.00
2117.00
2102.00
2095.00
2081.00
2066.00
2041.00
2030.00
2013.00
1997.00
1978.00
1987.00
1972.00
1959.00
1953.00
1953.00
1946.00
1947.00
1946.00
1938.00
1925.00
1908.00
1894.00
1884.00
1873.00
1855.00
1848.00
1849.00
1848.00
1852.00
1870.00
1883.00
1885.00
1881.00
1875.00
1867.00
1860.00
1862.00
1866.00
1870.00
1868.00
1875.00
1879.00
1885.00
1887.00
1888.00
1990.00
2043.00
2097.00
2134.00
2168.00
2092.00
2047.00
2045.00
2085.00
2081.00
2096.00
2122.00
2112.00
2090.00
2104.00
2118.00
2177.00
2184.00
2163.00
2161.00
2134.00
2062.00
2059.00
2083.00
2101.00
2123.00
2149.00
2163.00
2166.00
2184.00
2185.00
2196.00
2184.00
2182.00
2175.00
2181.00
2181.00
2186.00
2188.00
2176.00
2159.00
2140.00
2126.00
