5630.00
5692.00
5838.00
5908.00
6018.00
6046.00
6072.00
6006.00
5972.00
5938.00
5888.00
5902.00
5960.00
6164.00
6358.00
6546.00
6646.00
6708.00
6596.00
6524.00
6506.00
6474.00
6466.00
6478.00
6448.00
6384.00
6404.00
6442.00
6504.00
6636.00
6754.00
6818.00
6806.00
6778.00
6616.00
6582.00
6536.00
6590.00
6588.00
6612.00
6572.00
6690.00
6856.00
7082.00
7288.00
7560.00
7728.00
7862.00
7914.00
8014.00
7930.00
7928.00
7822.00
7804.00
7798.00
7854.00
7878.00
7978.00
8048.00
8072.00
8168.00
8170.00
8076.00
7992.00
7948.00
7884.00
7774.00
7656.00
7488.00
7310.00
7108.00
6860.00
6662.00
6482.00
6294.00
6120.00
6062.00
6066.00
6124.00
6158.00
6132.00
6062.00
5980.00
5866.00
5792.00
5808.00
5816.00
5792.00
5732.00
5716.00
5660.00
5636.00
5660.00
5698.00
5684.00
5624.00
5578.00
5540.00
5528.00
5518.00
5618.00
5766.00
5834.00
5918.00
5976.00
5960.00
5870.00
5828.00
5746.00
5698.00
5666.00
5660.00
5632.00
5610.00
5570.00
5474.00
5376.00
