770.00
774.60
781.00
789.60
796.40
802.00
805.40
810.00
814.60
813.60
813.80
817.20
820.60
820.60
820.60
817.80
815.20
813.60
814.00
817.00
822.40
825.00
827.80
829.80
830.40
828.80
832.80
835.00
837.00
835.60
834.00
827.80
821.60
815.40
805.40
801.00
794.40
789.40
781.80
780.80
775.40
775.60
776.80
783.80
789.40
798.80
805.60
809.40
808.60
811.60
807.60
804.40
801.80
799.40
795.20
798.80
801.80
805.80
810.60
816.00
818.80
820.80
830.80
841.20
850.20
861.60
872.40
873.40
926.00
988.20
1063.00
1140.20
1232.00
1256.00
1264.00
1259.00
1236.00
1202.00
1190.00
1200.00
1194.00
1199.00
1196.00
1172.00
1146.00
1133.00
1119.00
1118.00
1130.00
1131.00
1129.00
1127.00
1118.00
1110.00
1099.00
1090.00
1083.00
1112.00
1146.00
1180.00
1211.00
1248.00
1244.00
1237.00
1244.00
1254.00
1259.00
1250.00
1235.00
1209.00
1184.00
1162.00
1151.00
1147.00
1137.00
1134.00
1129.00
