1368.00
1372.00
1378.00
1378.00
1377.00
1379.00
1380.00
1384.00
1388.00
1394.00
1400.00
1406.00
1409.00
1412.00
1413.00
1427.00
1441.00
1458.00
1471.00
1483.00
1480.00
1475.00
1466.00
1483.00
1492.00
1506.00
1527.00
1541.00
1529.00
1527.00
1523.00
1518.00
1521.00
1524.00
1529.00
1538.00
1542.00
1548.00
1552.00
1554.00
1550.00
1550.00
1548.00
1550.00
1552.00
1553.00
1551.00
1552.00
1554.00
1556.00
1557.00
1557.00
1554.00
1551.00
1544.00
1534.00
1526.00
1516.00
1510.00
1506.00
1504.00
1498.00
1493.00
1487.00
1483.00
1486.00
1486.00
1487.00
1486.00
1489.00
1488.00
1498.00
1513.00
1528.00
1539.00
1549.00
1556.00
1559.00
1562.00
1564.00
1569.00
1566.00
1553.00
1540.00
1529.00
1517.00
1509.00
1507.00
1500.00
1487.00
1474.00
1462.00
1447.00
1425.00
1412.00
1394.00
1371.00
1361.00
1364.00
1362.00
1369.00
1377.00
1377.00
1381.00
1386.00
1391.00
1409.00
1426.00
1435.00
1444.00
1449.00
1444.00
1442.00
1446.00
1449.00
1449.00
1451.00
