17590.00
17690.00
17740.00
17760.00
17700.00
17790.00
17770.00
17700.00
17550.00
17370.00
17150.00
16900.00
16780.00
16780.00
16860.00
16820.00
16860.00
16860.00
16600.00
16260.00
16080.00
15940.00
15740.00
15770.00
15810.00
15800.00
15720.00
15730.00
15710.00
15640.00
15620.00
15620.00
15720.00
15810.00
15880.00
15880.00
15910.00
15740.00
15650.00
15620.00
15570.00
15480.00
15460.00
15490.00
15580.00
15700.00
15840.00
16020.00
16080.00
16100.00
16050.00
16080.00
15990.00
15970.00
15970.00
16110.00
16140.00
16310.00
16440.00
16610.00
16700.00
16770.00
16780.00
16770.00
16660.00
16580.00
16560.00
16530.00
16430.00
16360.00
16260.00
16250.00
16200.00
16270.00
16330.00
16460.00
16550.00
16810.00
17040.00
17190.00
17310.00
17210.00
16980.00
16710.00
16560.00
16430.00
16410.00
16460.00
16530.00
16620.00
16680.00
16780.00
16810.00
16850.00
16830.00
16780.00
16760.00
16730.00
16380.00
16170.00
16050.00
15850.00
15710.00
15960.00
16140.00
16270.00
16480.00
16640.00
16780.00
16900.00
17000.00
17050.00
17090.00
17130.00
17150.00
17140.00
17140.00
