17490.00
17850.00
18190.00
18680.00
18790.00
18940.00
19200.00
19350.00
19430.00
19360.00
19290.00
19290.00
19360.00
19400.00
19860.00
20170.00
20770.00
21120.00
21580.00
21630.00
21790.00
21280.00
20950.00
20510.00
20040.00
19630.00
19390.00
19200.00
19020.00
18920.00
18900.00
18780.00
18850.00
18900.00
18600.00
18020.00
17630.00
17040.00
16440.00
16310.00
16330.00
16300.00
16240.00
16340.00
16330.00
16500.00
16640.00
16800.00
16760.00
16810.00
16650.00
16500.00
16500.00
16540.00
16710.00
16970.00
17210.00
17360.00
17500.00
17560.00
17570.00
17670.00
17850.00
18010.00
18140.00
18190.00
18140.00
17980.00
17880.00
17790.00
17740.00
17640.00
17630.00
17630.00
17630.00
17660.00
17840.00
17930.00
17940.00
17830.00
17790.00
17560.00
17400.00
17230.00
17130.00
17000.00
17380.00
17730.00
18260.00
18750.00
19490.00
19810.00
20050.00
20060.00
20760.00
21040.00
20990.00
21080.00
21030.00
20390.00
20120.00
20200.00
20200.00
20620.00
20840.00
21150.00
21960.00
23280.00
24030.00
24520.00
24760.00
24370.00
23530.00
22940.00
23190.00
23510.00
23900.00
