106100.00
107100.00
107900.00
108300.00
108600.00
109300.00
109700.00
110300.00
111800.00
112900.00
114100.00
115400.00
116600.00
116800.00
117400.00
118000.00
118400.00
118900.00
118900.00
118800.00
118000.00
117400.00
116800.00
116800.00
116800.00
116900.00
116900.00
116700.00
116700.00
116400.00
116300.00
116100.00
116200.00
116000.00
115900.00
115400.00
114800.00
113600.00
112300.00
111100.00
110200.00
109700.00
109200.00
108800.00
109000.00
109300.00
109300.00
109700.00
109900.00
109300.00
108500.00
107700.00
107300.00
106800.00
106700.00
107100.00
107700.00
108600.00
109600.00
110400.00
110900.00
111400.00
111100.00
111100.00
111200.00
111300.00
111600.00
112000.00
111900.00
111900.00
112000.00
111900.00
111400.00
110200.00
108500.00
106900.00
104900.00
103400.00
102700.00
102300.00
101700.00
100700.00
99880.00
99440.00
99020.00
98900.00
99000.00
98700.00
98160.00
97560.00
96720.00
96020.00
95240.00
94620.00
94160.00
93320.00
92700.00
92460.00
92320.00
92120.00
92420.00
92700.00
92860.00
93040.00
93280.00
93160.00
93160.00
92920.00
92620.00
92660.00
93460.00
93980.00
94780.00
95560.00
95940.00
95940.00
96000.00
