46450.00
46540.00
46650.00
46960.00
47170.00
47490.00
47590.00
47640.00
47690.00
47770.00
47780.00
47890.00
48050.00
48110.00
48110.00
48000.00
47990.00
47960.00
48060.00
48070.00
48100.00
48290.00
48440.00
48550.00
48790.00
49170.00
49400.00
49520.00
49700.00
49630.00
49560.00
49370.00
49360.00
49230.00
49150.00
49050.00
48920.00
48840.00
48620.00
48510.00
48460.00
48520.00
48600.00
48810.00
48960.00
49020.00
48980.00
48830.00
48680.00
48660.00
48380.00
48180.00
48040.00
47760.00
47300.00
47320.00
47300.00
47270.00
47390.00
47520.00
47590.00
47790.00
48000.00
48220.00
48400.00
48610.00
48830.00
49120.00
49330.00
49700.00
49960.00
50050.00
49880.00
49720.00
49520.00
49310.00
49360.00
49650.00
50090.00
50530.00
51040.00
51280.00
51200.00
50960.00
50720.00
50350.00
49950.00
49650.00
49250.00
48850.00
48440.00
48060.00
47700.00
47440.00
46940.00
46480.00
46350.00
46200.00
46230.00
46480.00
46600.00
46600.00
46810.00
46950.00
47170.00
47890.00
48380.00
48500.00
48340.00
48130.00
47730.00
47490.00
47540.00
47770.00
47940.00
47970.00
47800.00
