22240.00
22270.00
22380.00
22230.00
22110.00
22120.00
22180.00
22100.00
22310.00
22470.00
22540.00
22530.00
22690.00
22700.00
22770.00
22810.00
22770.00
22840.00
23020.00
23300.00
23720.00
24220.00
24450.00
24670.00
24920.00
25080.00
25210.00
25370.00
25570.00
25580.00
25560.00
25480.00
25400.00
25260.00
25180.00
24880.00
24660.00
24470.00
24210.00
23860.00
23740.00
23680.00
23550.00
23370.00
23510.00
23620.00
23660.00
23760.00
23960.00
23990.00
23960.00
23940.00
23860.00
23920.00
23930.00
24090.00
24330.00
24470.00
24660.00
24780.00
24840.00
24810.00
24970.00
24960.00
25090.00
25160.00
25240.00
25240.00
25280.00
25140.00
25020.00
24920.00
24860.00
24730.00
24860.00
24960.00
25070.00
25290.00
25560.00
25660.00
25840.00
25870.00
25870.00
25740.00
25710.00
25660.00
25720.00
25680.00
25780.00
25920.00
25950.00
26120.00
26310.00
26470.00
26530.00
26650.00
26560.00
26520.00
26520.00
26560.00
26640.00
26870.00
27190.00
27430.00
27720.00
27980.00
28200.00
28220.00
28400.00
28510.00
28630.00
28720.00
28810.00
28840.00
28870.00
28850.00
28930.00
