2984.00
3020.00
3065.00
3092.00
3091.00
3106.00
3122.00
3131.00
3155.00
3180.00
3179.00
3162.00
3176.00
3200.00
3208.00
3216.00
3223.00
3233.00
3231.00
3249.00
3260.00
3275.00
3275.00
3281.00
3279.00
3287.00
3296.00
3295.00
3287.00
3273.00
3258.00
3247.00
3233.00
3218.00
3195.00
3188.00
3155.00
3136.00
3103.00
3080.00
3038.00
3044.00
3028.00
3044.00
3064.00
3099.00
3110.00
3122.00
3110.00
3092.00
3053.00
3012.00
2978.00
2940.00
2929.00
2950.00
2974.00
3010.00
3045.00
3078.00
3105.00
3130.00
3147.00
3174.00
3181.00
3203.00
3213.00
3230.00
3223.00
3221.00
3196.00
3177.00
3141.00
3145.00
3135.00
3141.00
3145.00
3165.00
3162.00
3160.00
3136.00
3096.00
3049.00
2994.00
2950.00
2919.00
2901.00
2887.00
2884.00
2880.00
2874.00
2869.00
2859.00
2850.00
2862.00
2854.00
2854.00
2857.00
2860.00
2855.00
2878.00
2901.00
2927.00
2958.00
2978.00
3000.00
3012.00
3013.00
3009.00
3012.00
3006.00
3017.00
3043.00
3064.00
3107.00
3146.00
3154.00
