30430.00
30290.00
30070.00
29810.00
29560.00
29380.00
29290.00
29250.00
29250.00
29210.00
29170.00
29200.00
29200.00
29190.00
29250.00
29250.00
29150.00
29030.00
28900.00
28770.00
28700.00
28660.00
28630.00
28590.00
28570.00
28530.00
28490.00
28480.00
28470.00
28420.00
28400.00
28380.00
28360.00
28420.00
28450.00
28420.00
28370.00
28310.00
28160.00
28020.00
27890.00
27800.00
27730.00
27690.00
27730.00
27840.00
27950.00
28050.00
28100.00
28100.00
28030.00
27900.00
27810.00
27780.00
27670.00
27550.00
27490.00
27370.00
27290.00
27330.00
27370.00
27350.00
27470.00
27470.00
27440.00
27450.00
27470.00
27390.00
27380.00
27410.00
27410.00
27460.00
27510.00
27540.00
27510.00
27510.00
27470.00
27460.00
27490.00
27580.00
27770.00
27900.00
28030.00
28130.00
28150.00
28020.00
28010.00
27950.00
27810.00
27680.00
27570.00
27400.00
27310.00
27290.00
27430.00
27560.00
27810.00
27920.00
27970.00
28000.00
28090.00
28060.00
28080.00
28160.00
28140.00
28100.00
28110.00
28220.00
28330.00
28410.00
28460.00
28450.00
28400.00
28350.00
28290.00
28230.00
28260.00
