8840.00
8864.00
8910.00
8938.00
8926.00
8982.00
9028.00
9052.00
9106.00
9152.00
9136.00
9104.00
9170.00
9228.00
9330.00
9442.00
9554.00
9632.00
9704.00
9740.00
9738.00
9704.00
9638.00
9578.00
9526.00
9514.00
9518.00
9492.00
9484.00
9480.00
9494.00
9530.00
9646.00
9704.00
9724.00
9786.00
9802.00
9892.00
9880.00
9848.00
9730.00
9666.00
9480.00
9480.00
9522.00
9624.00
9670.00
9710.00
9700.00
9674.00
9580.00
9520.00
9470.00
9402.00
9376.00
9416.00
9462.00
9526.00
9616.00
9714.00
9778.00
9842.00
9914.00
9992.00
10052.00
10134.00
10200.00
10240.00
10210.00
10190.00
10140.00
10100.00
10050.00
10070.00
10080.00
10140.00
10210.00
10290.00
10370.00
10460.00
10530.00
10570.00
10630.00
10650.00
10660.00
10670.00
10710.00
10740.00
10820.00
10900.00
10920.00
10960.00
10980.00
10970.00
10930.00
10910.00
10840.00
10770.00
10710.00
10700.00
10730.00
10720.00
10740.00
10770.00
10760.00
10710.00
10730.00
10710.00
10660.00
10630.00
10660.00
10770.00
10910.00
11010.00
11030.00
11070.00
11020.00
