8814.00
8822.00
8858.00
8928.00
8998.00
9070.00
9140.00
9206.00
9242.00
9270.00
9270.00
9234.00
9256.00
9266.00
9268.00
9306.00
9332.00
9318.00
9328.00
9348.00
9350.00
9360.00
9358.00
9384.00
9412.00
9410.00
9454.00
9498.00
9488.00
9516.00
9546.00
9538.00
9522.00
9518.00
9380.00
9260.00
9152.00
9062.00
8952.00
8916.00
8866.00
8816.00
8762.00
8754.00
8768.00
8800.00
8846.00
8880.00
8878.00
8872.00
8810.00
8730.00
8654.00
8558.00
8466.00
8464.00
8458.00
8474.00
8516.00
8562.00
8586.00
8628.00
8680.00
8744.00
8826.00
8888.00
8936.00
8996.00
9088.00
9172.00
9264.00
9392.00
9614.00
9642.00
9602.00
9584.00
9526.00
9324.00
9268.00
9296.00
9296.00
9270.00
9232.00
9152.00
9034.00
8934.00
8830.00
8736.00
8656.00
8586.00
8554.00
8544.00
8526.00
8530.00
8538.00
8466.00
8416.00
8470.00
8538.00
8638.00
8768.00
8884.00
8908.00
8942.00
8960.00
9014.00
9036.00
9034.00
9000.00
8972.00
8914.00
8882.00
8884.00
8868.00
8806.00
8720.00
8644.00
