176900.00
176100.00
175500.00
174200.00
175200.00
177400.00
179100.00
179100.00
178700.00
177900.00
179200.00
184300.00
191000.00
197800.00
203400.00
206600.00
206100.00
208100.00
209600.00
210700.00
211200.00
212100.00
209500.00
207800.00
205900.00
205200.00
204900.00
208200.00
210700.00
214700.00
216700.00
220700.00
222900.00
224800.00
225900.00
228400.00
231000.00
234600.00
243200.00
250300.00
260000.00
266700.00
272300.00
274600.00
280400.00
284500.00
290100.00
298000.00
301400.00
303500.00
302100.00
301600.00
299400.00
300000.00
299500.00
301200.00
301500.00
299800.00
297300.00
296900.00
298900.00
300100.00
306300.00
313700.00
320200.00
323500.00
327300.00
325200.00
322000.00
318300.00
315200.00
312300.00
311800.00
311600.00
309000.00
307800.00
308000.00
306000.00
304400.00
304900.00
304100.00
299800.00
300100.00
297300.00
296200.00
295100.00
295200.00
292500.00
295400.00
296600.00
297000.00
294900.00
291600.00
287100.00
282900.00
280100.00
277800.00
276000.00
273500.00
268400.00
261300.00
256700.00
251900.00
247000.00
244200.00
240500.00
233700.00
227600.00
221800.00
217200.00
214500.00
214000.00
213200.00
210800.00
206600.00
205100.00
205500.00
