14840.00
14990.00
15230.00
15430.00
15520.00
15500.00
15370.00
15340.00
15250.00
15140.00
15120.00
15190.00
15310.00
15500.00
15640.00
15630.00
15530.00
15280.00
15050.00
14850.00
14710.00
14730.00
14730.00
14660.00
14610.00
14530.00
14400.00
14470.00
14610.00
14790.00
14970.00
15110.00
15050.00
14970.00
14710.00
14460.00
14140.00
13880.00
13570.00
13360.00
13180.00
13050.00
13210.00
13330.00
13410.00
13560.00
13760.00
13610.00
13570.00
13560.00
13430.00
13290.00
13190.00
12950.00
12790.00
12710.00
12570.00
12460.00
12480.00
12500.00
12660.00
12850.00
13120.00
13380.00
13710.00
13910.00
14150.00
14270.00
14320.00
14210.00
14050.00
13870.00
13700.00
13600.00
13520.00
13470.00
13440.00
13480.00
13530.00
13560.00
13540.00
13500.00
13350.00
13210.00
13060.00
12880.00
12720.00
12630.00
12500.00
12400.00
12330.00
12260.00
12190.00
12140.00
12200.00
12190.00
12180.00
12190.00
12160.00
12070.00
12050.00
12170.00
12220.00
12450.00
12590.00
12880.00
13020.00
13140.00
13080.00
13060.00
13010.00
13010.00
13030.00
13060.00
13060.00
13000.00
12930.00
