7856.00
7990.00
8098.00
8230.00
8314.00
8454.00
8980.00
9570.00
10088.00
10640.00
11060.00
11080.00
11000.00
11040.00
11050.00
11130.00
11290.00
11400.00
11550.00
11690.00
11730.00
11640.00
11660.00
11590.00
11480.00
11400.00
11420.00
11370.00
11270.00
11140.00
11070.00
10950.00
10900.00
10840.00
10690.00
10516.00
10366.00
10146.00
9926.00
9916.00
9856.00
9774.00
9724.00
9778.00
9688.00
9678.00
9656.00
9642.00
9530.00
9490.00
9358.00
9252.00
9152.00
9070.00
9088.00
9182.00
9264.00
9380.00
9480.00
9530.00
9562.00
9580.00
9566.00
9614.00
9634.00
9660.00
9670.00
9676.00
9604.00
9538.00
9470.00
9378.00
9290.00
9194.00
9090.00
9014.00
8944.00
8888.00
8880.00
8822.00
8726.00
8596.00
8454.00
8376.00
8330.00
8318.00
8352.00
8402.00
8320.00
8262.00
8210.00
8148.00
8022.00
7966.00
7944.00
7864.00
7812.00
7838.00
7878.00
7918.00
8004.00
8088.00
8180.00
8278.00
8366.00
8422.00
8462.00
8492.00
8498.00
8516.00
8544.00
8578.00
8592.00
8602.00
8560.00
8530.00
8462.00
