81120.00
81500.00
81600.00
81820.00
81920.00
82280.00
82420.00
83280.00
83880.00
84520.00
85560.00
87140.00
88360.00
89740.00
91280.00
92220.00
92700.00
92060.00
91200.00
90280.00
89420.00
88400.00
88500.00
88800.00
89260.00
89520.00
89960.00
90240.00
90500.00
90620.00
90560.00
90300.00
90060.00
89760.00
89220.00
88880.00
88620.00
88160.00
87640.00
86960.00
86400.00
86040.00
85780.00
85540.00
86100.00
86620.00
87040.00
87500.00
87740.00
87540.00
86900.00
86140.00
85400.00
84760.00
84160.00
84000.00
84060.00
84160.00
84320.00
84460.00
84560.00
84520.00
84720.00
84800.00
84840.00
85060.00
85380.00
85440.00
85460.00
85340.00
85020.00
84740.00
84440.00
84320.00
84240.00
84460.00
84540.00
84560.00
84440.00
84220.00
83680.00
82640.00
81960.00
81340.00
80860.00
80580.00
80600.00
80500.00
80560.00
80680.00
80640.00
80980.00
81200.00
81400.00
81440.00
81260.00
81080.00
80920.00
81120.00
81420.00
81800.00
81960.00
82340.00
82260.00
82340.00
82640.00
82980.00
83020.00
83120.00
83220.00
83160.00
83140.00
83340.00
83580.00
83560.00
83760.00
83880.00
