11800.00
11920.00
11930.00
12040.00
12270.00
12510.00
12750.00
13010.00
13250.00
13460.00
13510.00
13500.00
13530.00
13570.00
13450.00
13480.00
13510.00
13470.00
13450.00
13550.00
13600.00
13600.00
13700.00
13810.00
13900.00
13900.00
14090.00
14200.00
14190.00
14040.00
14030.00
14040.00
14040.00
14130.00
14100.00
14000.00
13710.00
13460.00
13150.00
13000.00
12880.00
12870.00
12900.00
13050.00
13250.00
13540.00
13730.00
13880.00
13910.00
13950.00
13790.00
13810.00
13830.00
13880.00
13930.00
14160.00
14160.00
14200.00
14320.00
14370.00
14290.00
14320.00
14340.00
14300.00
14320.00
14470.00
14490.00
14500.00
14400.00
14290.00
14060.00
13900.00
13690.00
13550.00
13320.00
13240.00
13140.00
13080.00
13080.00
13090.00
12990.00
12810.00
12640.00
12380.00
12200.00
12080.00
11990.00
11880.00
11770.00
11780.00
11770.00
11880.00
12020.00
12140.00
12220.00
12240.00
12220.00
12170.00
12200.00
12200.00
12220.00
12280.00
12400.00
12600.00
12720.00
12700.00
12740.00
12670.00
12550.00
12430.00
12450.00
12410.00
12380.00
12260.00
12160.00
12050.00
11950.00
