22680.00
22650.00
22830.00
22820.00
22720.00
22790.00
22790.00
22750.00
22760.00
22890.00
22840.00
22860.00
22880.00
22950.00
23080.00
23300.00
23390.00
23470.00
23590.00
23570.00
23600.00
23820.00
24060.00
24250.00
24460.00
24490.00
24520.00
24550.00
24570.00
24400.00
24360.00
24370.00
24330.00
24310.00
24680.00
25220.00
25850.00
26340.00
26700.00
26890.00
26890.00
26660.00
26690.00
26900.00
26960.00
26990.00
26930.00
26720.00
26450.00
26280.00
25950.00
25870.00
25830.00
25770.00
25640.00
25680.00
25540.00
25600.00
25630.00
25740.00
25870.00
26130.00
26390.00
26680.00
26950.00
27220.00
27500.00
27530.00
27400.00
27210.00
26940.00
26520.00
26140.00
25940.00
25810.00
25820.00
25880.00
25920.00
25840.00
25810.00
25630.00
25370.00
25120.00
24830.00
24570.00
24480.00
24320.00
24120.00
23970.00
23800.00
23490.00
23370.00
23250.00
23250.00
23200.00
23130.00
23020.00
23130.00
23150.00
23180.00
23350.00
23510.00
23550.00
23710.00
23820.00
23910.00
23950.00
23910.00
23730.00
23640.00
23590.00
23550.00
23560.00
23610.00
23550.00
23390.00
23200.00
