99580.00
100460.00
101000.00
101400.00
101800.00
101700.00
101400.00
101400.00
101300.00
101100.00
101300.00
101700.00
102000.00
101800.00
101520.00
101140.00
100600.00
99820.00
99400.00
99180.00
98980.00
98700.00
98460.00
98500.00
98700.00
98840.00
99100.00
99300.00
99380.00
99680.00
100220.00
100780.00
101200.00
102100.00
103000.00
103900.00
104600.00
105800.00
106500.00
106800.00
107400.00
107300.00
107200.00
106800.00
106800.00
106700.00
107200.00
107400.00
107400.00
107200.00
106400.00
106300.00
106100.00
106200.00
105700.00
105700.00
105200.00
104800.00
104300.00
104400.00
104100.00
103500.00
103100.00
102600.00
102000.00
101500.00
101900.00
101900.00
102100.00
102200.00
102400.00
101900.00
101800.00
101800.00
101900.00
102000.00
102100.00
101800.00
101500.00
101100.00
100700.00
99960.00
100060.00
99960.00
99820.00
99720.00
99960.00
99760.00
100360.00
101200.00
101400.00
101900.00
102200.00
101600.00
100780.00
100280.00
99860.00
99760.00
99860.00
99920.00
100320.00
100540.00
100540.00
100540.00
100700.00
100800.00
100700.00
100600.00
100600.00
100600.00
100380.00
100160.00
99940.00
99700.00
99440.00
99240.00
99060.00
