8519.32
8624.93
8709.42
8804.47
8927.68
9038.57
9100.18
9223.40
9329.01
9417.02
9496.22
9628.24
9672.24
9725.05
9769.05
9821.86
9848.26
9909.87
9918.67
9980.28
9980.28
9945.07
9874.66
9751.45
9367.73
9038.58
8683.02
8380.27
8149.68
8103.92
7913.81
7774.76
7621.62
7498.41
7343.51
7334.71
7303.03
7251.98
7178.06
7105.89
7017.88
6979.15
6931.63
6919.31
6961.55
7003.79
7031.96
7074.20
7068.92
7026.68
7009.07
7042.52
6989.33
6919.26
6871.99
6892.40
6866.00
6950.00
7072.00
7208.00
7250.00
7286.00
7280.00
7302.00
7298.00
7318.00
7338.00
7334.00
7244.00
7162.00
7078.00
7010.00
6954.00
6950.00
6968.00
6956.00
6942.00
7050.00
7078.00
7020.00
6994.00
6912.00
6720.00
6546.00
6450.00
6374.00
6320.00
6290.00
6296.00
6262.00
6186.00
6126.00
6062.00
6052.00
6082.00
6072.00
6122.00
6170.00
6188.00
6220.00
6284.00
6294.00
6308.00
6368.00
6404.00
6472.00
6536.00
6592.00
6600.00
6624.00
6644.00
6676.00
6670.00
6660.00
6620.00
6592.00
6474.00
