22630.00
22970.00
22980.00
22720.00
22490.00
22400.00
22290.00
22280.00
22350.00
22320.00
22120.00
22000.00
21860.00
21780.00
21720.00
22040.00
22240.00
22460.00
22620.00
22870.00
22780.00
22810.00
22900.00
23050.00
23220.00
23430.00
23630.00
23740.00
23790.00
23610.00
24030.00
24650.00
25150.00
25550.00
26010.00
25920.00
25470.00
25230.00
25170.00
25400.00
25460.00
25610.00
25500.00
25380.00
25030.00
24720.00
24630.00
24680.00
24620.00
24740.00
24900.00
24870.00
24990.00
25520.00
25760.00
25870.00
26070.00
26180.00
25910.00
26010.00
26520.00
26880.00
27190.00
27510.00
27860.00
27960.00
28060.00
28100.00
28030.00
27480.00
26980.00
26520.00
25990.00
25370.00
25020.00
24770.00
24730.00
24730.00
24810.00
24870.00
24830.00
24500.00
24250.00
24100.00
23890.00
23770.00
23490.00
23210.00
22740.00
22460.00
21870.00
21680.00
21750.00
21870.00
21930.00
21930.00
21710.00
21210.00
20830.00
20460.00
20480.00
20880.00
21310.00
21770.00
22070.00
22150.00
22280.00
22390.00
22430.00
22480.00
22540.00
22200.00
21910.00
21560.00
21320.00
21070.00
20800.00
