17680.00
17700.00
17830.00
17860.00
17770.00
17730.00
17640.00
17550.00
17640.00
17700.00
17730.00
17770.00
17830.00
17790.00
17830.00
17870.00
17940.00
17960.00
17920.00
17860.00
17910.00
17930.00
18030.00
18170.00
18260.00
18310.00
18370.00
18430.00
18530.00
18610.00
18700.00
18750.00
18730.00
18670.00
18550.00
18520.00
18530.00
18610.00
18700.00
18940.00
19000.00
19090.00
19210.00
19380.00
19480.00
19630.00
19740.00
19760.00
19650.00
19690.00
19590.00
19650.00
19640.00
19780.00
19810.00
19910.00
19870.00
19900.00
19870.00
19840.00
19980.00
20310.00
20730.00
21190.00
21640.00
21810.00
21960.00
22140.00
22190.00
22310.00
22570.00
22540.00
22440.00
22370.00
22260.00
22240.00
22280.00
22290.00
22310.00
22240.00
22130.00
22100.00
22190.00
22180.00
22290.00
22370.00
22270.00
22190.00
22290.00
22340.00
22260.00
22310.00
22260.00
21990.00
21680.00
21450.00
21140.00
20990.00
20960.00
20960.00
20980.00
21190.00
21180.00
21360.00
21560.00
21750.00
21800.00
21920.00
21870.00
21820.00
21900.00
22090.00
22300.00
22420.00
22540.00
22540.00
22550.00
