250300.00
250900.00
253200.00
254600.00
254600.00
255700.00
257600.00
259600.00
261900.00
264000.00
264400.00
263600.00
262500.00
262600.00
262700.00
262800.00
263900.00
264300.00
262500.00
263100.00
263400.00
262800.00
265000.00
267500.00
269800.00
273100.00
276400.00
276400.00
277500.00
276300.00
274500.00
273000.00
272400.00
271600.00
271800.00
271100.00
270700.00
271300.00
271100.00
269700.00
269500.00
269100.00
266700.00
266200.00
267700.00
269400.00
271000.00
274600.00
276500.00
277100.00
276300.00
274600.00
272000.00
269400.00
268300.00
268200.00
269100.00
269500.00
271000.00
272000.00
273100.00
273900.00
274500.00
273300.00
271500.00
270100.00
268400.00
267700.00
267900.00
267900.00
267300.00
267200.00
266100.00
264700.00
262600.00
261200.00
259100.00
258000.00
257200.00
257300.00
256400.00
254400.00
252500.00
250900.00
249700.00
249000.00
248600.00
247300.00
245900.00
244100.00
241600.00
240200.00
239400.00
238100.00
237600.00
235700.00
235100.00
233800.00
234600.00
234600.00
236200.00
236900.00
238400.00
238400.00
237900.00
238400.00
237600.00
236400.00
235500.00
236000.00
236100.00
237000.00
237600.00
238000.00
237200.00
236000.00
234700.00
