6524.00
6606.00
6690.00
6690.00
6688.00
6726.00
6754.00
6720.00
6700.00
6670.00
6612.00
6526.00
6544.00
6538.00
6512.00
6500.00
6514.00
6500.00
6506.00
6524.00
6538.00
6608.00
6684.00
6776.00
6838.00
6908.00
7050.00
7190.00
7316.00
7446.00
7580.00
7588.00
7548.00
7462.00
7364.00
7256.00
7212.00
7206.00
7204.00
7212.00
7282.00
7282.00
7290.00
7338.00
7356.00
7332.00
7298.00
7218.00
7118.00
7074.00
7038.00
7014.00
7016.00
7034.00
7040.00
7064.00
7082.00
7106.00
7140.00
7238.00
7390.00
7558.00
7724.00
7924.00
8068.00
8040.00
8040.00
8022.00
7948.00
7870.00
7854.00
7904.00
8020.00
8176.00
8368.00
8660.00
8828.00
8970.00
9144.00
9226.00
9186.00
9136.00
9052.00
8942.00
9054.00
9248.00
9480.00
9816.00
10172.00
10422.00
10568.00
10700.00
10720.00
10660.00
10550.00
10430.00
10298.00
10228.00
10168.00
10098.00
10118.00
10106.00
10116.00
10196.00
10186.00
10176.00
10190.00
10140.00
10038.00
9990.00
9960.00
9970.00
9936.00
9878.00
9822.00
9682.00
9536.00
