110900.00
112700.00
114900.00
116500.00
118100.00
119800.00
121400.00
123900.00
127000.00
127900.00
127300.00
127100.00
126000.00
125200.00
124700.00
124900.00
125500.00
125400.00
124600.00
124700.00
124100.00
124000.00
124900.00
127000.00
130600.00
135000.00
137700.00
141200.00
143100.00
143100.00
142700.00
143000.00
142700.00
142200.00
142000.00
143400.00
143600.00
144100.00
146600.00
148700.00
150300.00
153600.00
156200.00
157100.00
157500.00
158800.00
158900.00
158100.00
156900.00
157100.00
154000.00
152000.00
151700.00
153300.00
154000.00
155600.00
155900.00
154300.00
151200.00
148900.00
148400.00
148500.00
149300.00
151300.00
152100.00
151800.00
151600.00
150800.00
148900.00
147700.00
146600.00
146000.00
145700.00
145700.00
144200.00
142900.00
141500.00
141000.00
140800.00
142400.00
143000.00
143200.00
142700.00
140900.00
138500.00
137400.00
135300.00
133000.00
132200.00
131300.00
130000.00
128900.00
128400.00
126700.00
125700.00
123800.00
123300.00
122200.00
121900.00
121100.00
121700.00
121700.00
122400.00
123800.00
125400.00
126900.00
127400.00
127800.00
127500.00
127300.00
126800.00
126500.00
125500.00
124000.00
122800.00
121400.00
120800.00
