102180.00
102180.00
101880.00
101580.00
100980.00
100980.00
100580.00
100080.00
99600.00
99360.00
99780.00
100280.00
100980.00
101560.00
102200.00
102200.00
101680.00
101140.00
100560.00
99960.00
99200.00
98340.00
97680.00
97380.00
97680.00
98340.00
99620.00
100420.00
100740.00
100420.00
99980.00
99240.00
99940.00
101000.00
101920.00
103760.00
105400.00
105800.00
105700.00
106500.00
106000.00
105400.00
105100.00
105500.00
105500.00
105800.00
105600.00
105200.00
104400.00
103700.00
102600.00
102900.00
103000.00
103000.00
102900.00
103100.00
103000.00
103000.00
103000.00
102800.00
102600.00
102000.00
102000.00
102000.00
102000.00
103700.00
107100.00
110100.00
112900.00
115800.00
117300.00
117100.00
117200.00
117100.00
116700.00
117000.00
117700.00
118700.00
121100.00
123600.00
125400.00
126700.00
128100.00
128200.00
129500.00
130200.00
131600.00
130500.00
130100.00
128300.00
127000.00
125100.00
125000.00
124100.00
123700.00
122900.00
123000.00
123100.00
123200.00
122500.00
122300.00
121400.00
121300.00
121700.00
122600.00
123800.00
124800.00
124300.00
123600.00
123200.00
122300.00
122600.00
123500.00
125400.00
126900.00
128800.00
129800.00
