47980.00
48560.00
49090.00
49910.00
50460.00
51210.00
52080.00
52820.00
53120.00
53400.00
53680.00
53660.00
53480.00
53220.00
53100.00
53020.00
53180.00
53440.00
53700.00
53860.00
54020.00
53940.00
53780.00
53840.00
54020.00
54080.00
54060.00
54180.00
54180.00
54080.00
53880.00
53700.00
53440.00
53120.00
52300.00
51700.00
51340.00
51020.00
50520.00
50540.00
50420.00
50120.00
49940.00
50080.00
50120.00
50260.00
50380.00
50180.00
49690.00
49090.00
48230.00
47500.00
46840.00
46160.00
45700.00
45910.00
45950.00
46580.00
47190.00
47720.00
47950.00
48010.00
47510.00
47200.00
46870.00
46410.00
46250.00
46140.00
46010.00
46230.00
46400.00
46840.00
47130.00
47190.00
47050.00
46950.00
46490.00
45610.00
44780.00
43890.00
42990.00
41920.00
41550.00
41130.00
41020.00
41000.00
41160.00
41200.00
41590.00
41690.00
41760.00
41700.00
41620.00
41480.00
41120.00
40820.00
40750.00
40830.00
40860.00
41080.00
41110.00
41200.00
41270.00
41520.00
41750.00
42020.00
42180.00
42200.00
42100.00
42010.00
42040.00
41840.00
41890.00
41800.00
41820.00
41860.00
42060.00
