12560.00
12310.00
12180.00
12170.00
12090.00
12040.00
12040.00
11970.00
11920.00
12010.00
12170.00
12340.00
12530.00
12730.00
12850.00
12900.00
12930.00
12960.00
12970.00
13010.00
13050.00
13010.00
12980.00
12960.00
12940.00
12930.00
12980.00
13000.00
13010.00
12980.00
12890.00
12850.00
12810.00
12800.00
12800.00
12860.00
12890.00
12900.00
12940.00
13060.00
13190.00
13270.00
13390.00
13410.00
13370.00
13330.00
13350.00
13440.00
13550.00
13620.00
13610.00
13570.00
13420.00
13300.00
13190.00
13170.00
13150.00
13120.00
13100.00
13120.00
13100.00
13070.00
13050.00
13020.00
13000.00
13000.00
13030.00
13080.00
13150.00
13190.00
13180.00
13170.00
13120.00
13030.00
12950.00
12960.00
12980.00
13020.00
13080.00
13270.00
13490.00
13610.00
13640.00
13670.00
13610.00
13400.00
13200.00
13230.00
13160.00
13040.00
12880.00
12750.00
12490.00
12320.00
12190.00
12190.00
12240.00
12350.00
12460.00
12560.00
12690.00
12950.00
13220.00
13450.00
13680.00
13860.00
13860.00
13780.00
13710.00
13640.00
13690.00
13750.00
13840.00
13980.00
14100.00
14090.00
14160.00
