2053.00
2078.00
2081.00
2079.00
2083.00
2089.00
2087.00
2089.00
2088.00
2072.00
2060.00
2045.00
2034.00
2029.00
2030.00
2029.00
2027.00
2032.00
2030.00
2039.00
2048.00
2062.00
2062.00
2075.00
2085.00
2096.00
2100.00
2109.00
2114.00
2126.00
2137.00
2152.00
2162.00
2164.00
2133.00
2107.00
2079.00
2076.00
2067.00
2082.00
2082.00
2079.00
2064.00
2049.00
2016.00
1996.00
1979.00
1958.00
1931.00
1926.00
1911.00
1911.00
1913.00
1926.00
1934.00
1945.00
1946.00
1947.00
1952.00
1955.00
1964.00
1964.00
1965.00
1970.00
1972.00
1972.00
1980.00
1982.00
1978.00
1975.00
1975.00
1969.00
1966.00
1955.00
1941.00
1925.00
1915.00
1905.00
1903.00
1900.00
1895.00
1878.00
1853.00
1826.00
1798.00
1775.00
1761.00
1747.00
1740.00
1735.00
1723.00
1691.00
1665.00
1583.00
1509.00
1437.00
1392.00
1350.00
1364.00
1378.00
1397.00
1423.00
1449.00
1481.00
1496.00
1511.00
1495.00
1469.00
1423.00
1400.00
1379.00
1374.00
1370.00
1376.00
1374.00
1371.00
1368.00
