178000.00
178200.00
178400.00
178800.00
182000.00
185600.00
188700.00
192600.00
196600.00
197200.00
197700.00
199200.00
199800.00
200400.00
200800.00
201200.00
200800.00
200300.00
200700.00
201500.00
202000.00
202800.00
204000.00
204100.00
204300.00
204800.00
204800.00
204700.00
205300.00
205400.00
204900.00
204500.00
203900.00
202100.00
200800.00
200000.00
199800.00
199600.00
199500.00
199100.00
198000.00
196800.00
196000.00
195700.00
195700.00
196300.00
196400.00
196000.00
194900.00
193500.00
192200.00
191100.00
189800.00
189300.00
188300.00
187700.00
186700.00
185800.00
184800.00
184900.00
185100.00
186400.00
188000.00
189700.00
191200.00
192600.00
193400.00
193900.00
193900.00
194000.00
194500.00
195500.00
196200.00
196700.00
197400.00
197000.00
196500.00
196200.00
196600.00
196500.00
196300.00
195200.00
194400.00
192600.00
191100.00
190800.00
191000.00
191100.00
192300.00
192800.00
192100.00
192100.00
191700.00
189900.00
188700.00
186900.00
184500.00
182500.00
181200.00
179800.00
179600.00
180000.00
180600.00
181500.00
182200.00
182600.00
183800.00
185000.00
185300.00
185700.00
186600.00
185900.00
185000.00
184900.00
184900.00
184300.00
183900.00
