75260.00
75940.00
76980.00
77540.00
77100.00
77780.00
78900.00
79440.00
80660.00
82100.00
82180.00
81820.00
83100.00
84160.00
85500.00
86740.00
88060.00
87840.00
87380.00
87200.00
86720.00
85780.00
85160.00
84320.00
83140.00
82500.00
82140.00
81680.00
81280.00
81000.00
80940.00
80840.00
81460.00
82220.00
82200.00
82320.00
82320.00
81920.00
81180.00
80620.00
80140.00
79680.00
79240.00
79620.00
80640.00
81800.00
82860.00
83960.00
84720.00
85300.00
85120.00
84940.00
84420.00
83200.00
82180.00
82640.00
83680.00
85980.00
88620.00
91020.00
92240.00
92680.00
91940.00
91100.00
90300.00
90160.00
89880.00
89780.00
88980.00
88040.00
86560.00
85400.00
84020.00
83560.00
83040.00
83060.00
82760.00
82580.00
82320.00
81960.00
81440.00
80900.00
80720.00
80400.00
80320.00
80180.00
80520.00
80460.00
80380.00
80660.00
80840.00
81240.00
81780.00
82240.00
82100.00
81680.00
80780.00
79840.00
79420.00
79560.00
79820.00
80380.00
81140.00
81680.00
81720.00
81860.00
81780.00
81760.00
82060.00
82640.00
83400.00
84300.00
84660.00
83940.00
83520.00
82860.00
82060.00
