9322.00
9328.00
9358.00
9448.00
9492.00
9592.00
9676.00
9764.00
9828.00
9888.00
9886.00
9890.00
9936.00
9980.00
10000.00
10020.00
10082.00
10082.00
10132.00
10252.00
10390.00
10450.00
10540.00
10580.00
10620.00
10620.00
10710.00
10790.00
10870.00
10890.00
10970.00
11030.00
11090.00
11110.00
11060.00
10960.00
10850.00
10740.00
10650.00
10620.00
10600.00
10570.00
10530.00
10520.00
10530.00
10560.00
10580.00
10580.00
10540.00
10500.00
10390.00
10280.00
10210.00
10130.00
10070.00
10090.00
10100.00
10110.00
10160.00
10240.00
10290.00
10340.00
10380.00
10400.00
10360.00
10470.00
10610.00
10840.00
11090.00
11320.00
11400.00
11380.00
11300.00
11170.00
11070.00
11060.00
11140.00
11190.00
11280.00
11360.00
11320.00
11170.00
11010.00
10820.00
10660.00
10560.00
10510.00
10460.00
10368.00
10298.00
10238.00
10158.00
10076.00
10056.00
10014.00
9918.00
9864.00
9842.00
9812.00
9794.00
9816.00
9846.00
9878.00
9940.00
9990.00
10044.00
10108.00
10150.00
10210.00
10270.00
10310.00
10350.00
10390.00
10400.00
10400.00
10400.00
10400.00
