4058.00
4061.00
4083.00
4099.00
4115.00
4147.00
4171.00
4178.00
4217.00
4269.00
4315.00
4352.00
4382.00
4385.00
4369.00
4341.00
4336.00
4327.00
4317.00
4321.00
4333.00
4320.00
4319.00
4327.00
4328.00
4330.00
4338.00
4329.00
4322.00
4323.00
4348.00
4391.00
4435.00
4474.00
4470.00
4457.00
4414.00
4383.00
4346.00
4338.00
4294.00
4267.00
4259.00
4264.00
4258.00
4283.00
4305.00
4303.00
4282.00
4279.00
4256.00
4237.00
4220.00
4201.00
4181.00
4174.00
4189.00
4206.00
4246.00
4296.00
4348.00
4369.00
4398.00
4423.00
4437.00
4454.00
4472.00
4482.00
4486.00
4498.00
4524.00
4556.00
4582.00
4582.00
4563.00
4548.00
4522.00
4506.00
4493.00
4482.00
4444.00
4400.00
4350.00
4307.00
4265.00
4239.00
4217.00
4179.00
4143.00
4116.00
4065.00
4021.00
3978.00
3939.00
3906.00
3902.00
3911.00
3923.00
3928.00
3933.00
3927.00
3924.00
3951.00
4007.00
4054.00
4092.00
4137.00
4163.00
4165.00
4176.00
4185.00
4174.00
4164.00
4156.00
4137.00
4116.00
4095.00
