7512.00
7682.00
7846.00
7978.00
8048.00
8172.00
8232.00
8262.00
8334.00
8414.00
8434.00
8430.00
8482.00
8508.00
8556.00
8560.00
8602.00
8620.00
8628.00
8656.00
8686.00
8658.00
8600.00
8444.00
8166.00
7938.00
7746.00
7632.00
7602.00
7652.00
7722.00
7794.00
7802.00
7820.00
7798.00
7778.00
7730.00
7732.00
7748.00
7754.00
7726.00
7714.00
7666.00
7604.00
7632.00
7678.00
7696.00
7710.00
7714.00
7674.00
7600.00
7530.00
7410.00
7270.00
7164.00
7146.00
7158.00
7242.00
7370.00
7484.00
7526.00
7548.00
7556.00
7552.00
7536.00
7562.00
7572.00
7578.00
7530.00
7486.00
7420.00
7394.00
7346.00
7326.00
7288.00
7270.00
7232.00
7220.00
7218.00
7210.00
7176.00
7088.00
6982.00
6860.00
6764.00
6708.00
6684.00
6666.00
6654.00
6624.00
6566.00
6500.00
6446.00
6414.00
6422.00
6406.00
6422.00
6456.00
6476.00
6482.00
6496.00
6504.00
6482.00
6496.00
6516.00
6560.00
6594.00
6624.00
6640.00
6652.00
6650.00
6636.00
6634.00
6616.00
6574.00
6566.00
6490.00
