7166.00
7124.00
7210.00
7302.00
7316.00
7316.00
7316.00
7268.00
7248.00
7296.00
7308.00
7308.00
7326.00
7352.00
7382.00
7404.00
7476.00
7622.00
7778.00
7878.00
7992.00
8026.00
8132.00
8264.00
8424.00
8564.00
8750.00
8752.00
8720.00
8676.00
8648.00
8662.00
8702.00
8700.00
8616.00
8532.00
8384.00
8262.00
8152.00
8072.00
8034.00
8036.00
8028.00
8172.00
8258.00
8320.00
8332.00
8352.00
8276.00
8318.00
8294.00
8284.00
8288.00
8198.00
8096.00
8124.00
8150.00
8150.00
8228.00
8306.00
8328.00
8360.00
8436.00
8472.00
8488.00
8504.00
8486.00
8548.00
8558.00
8588.00
8594.00
8762.00
8786.00
8918.00
9032.00
9206.00
9228.00
9310.00
9312.00
9258.00
9104.00
8892.00
8640.00
8368.00
8160.00
8058.00
7986.00
7866.00
7758.00
7626.00
7432.00
7282.00
7172.00
7106.00
7112.00
7078.00
7076.00
7086.00
7060.00
7008.00
7038.00
7078.00
7148.00
7244.00
7326.00
7392.00
7396.00
7340.00
7284.00
7298.00
7328.00
7386.00
7478.00
7548.00
7556.00
7550.00
7544.00
