6276.00
6276.00
6306.00
6336.00
6346.00
6352.00
6332.00
6304.00
6276.00
6248.00
6222.00
6194.00
6232.00
6308.00
6408.00
6504.00
6572.00
6608.00
6588.00
6590.00
6622.00
6684.00
6726.00
6766.00
6786.00
6780.00
6788.00
6790.00
6824.00
6852.00
6888.00
6916.00
6930.00
6918.00
6898.00
6912.00
6928.00
6964.00
7016.00
7072.00
7074.00
7104.00
7176.00
7230.00
7260.00
7312.00
7332.00
7300.00
7278.00
7272.00
7242.00
7206.00
7178.00
7158.00
7146.00
7164.00
7174.00
7190.00
7194.00
7192.00
7170.00
7152.00
7118.00
7098.00
7088.00
7068.00
7050.00
7074.00
7096.00
7116.00
7162.00
7232.00
7260.00
7276.00
7268.00
7272.00
7248.00
7230.00
7218.00
7218.00
7200.00
7164.00
7118.00
7050.00
6998.00
6960.00
6946.00
6940.00
6976.00
6990.00
6978.00
6942.00
6888.00
6824.00
6774.00
6712.00
6664.00
6642.00
6620.00
6628.00
6668.00
6746.00
6836.00
6914.00
6982.00
7068.00
7116.00
7154.00
7196.00
7224.00
7232.00
7238.00
7244.00
7240.00
7216.00
7196.00
7188.00
