5440.00
5486.00
5534.00
5572.00
5592.00
5636.00
5628.00
5620.00
5636.00
5646.00
5640.00
5716.00
5812.00
5898.00
5944.00
5940.00
5786.00
5606.00
5420.00
5288.00
5204.00
5190.00
5180.00
5182.00
5158.00
5144.00
5142.00
5158.00
5160.00
5158.00
5168.00
5170.00
5164.00
5156.00
5142.00
5110.00
5066.00
5022.00
4979.00
4940.00
4893.00
4868.00
4827.00
4836.00
4875.00
4926.00
4969.00
5026.00
5029.00
5021.00
5008.00
4999.00
4995.00
5008.00
5022.00
5061.00
5086.00
5110.00
5114.00
5112.00
5098.00
5086.00
5074.00
5074.00
5080.00
5082.00
5086.00
5092.00
5084.00
5100.00
5100.00
5120.00
5122.00
5130.00
5110.00
5108.00
5080.00
5080.00
5078.00
5060.00
5040.00
4996.00
4941.00
4896.00
4869.00
4847.00
4857.00
4869.00
4872.00
4870.00
4861.00
4871.00
4860.00
4865.00
4880.00
4876.00
4854.00
4845.00
4837.00
4825.00
4842.00
4863.00
4892.00
4925.00
4957.00
4985.00
5008.00
5015.00
5003.00
4993.00
4974.00
4970.00
4983.00
4994.00
4997.00
5006.00
4992.00
