33110.00
33310.00
33450.00
33440.00
33580.00
33800.00
34050.00
34120.00
34240.00
34420.00
34360.00
34320.00
34310.00
34340.00
34200.00
34120.00
34000.00
33970.00
33820.00
33890.00
33930.00
33930.00
33740.00
33680.00
33900.00
34190.00
34620.00
35120.00
35520.00
35680.00
35810.00
35790.00
36020.00
36480.00
36640.00
37050.00
37410.00
37510.00
37450.00
37420.00
37160.00
36850.00
36620.00
36340.00
36420.00
36480.00
36630.00
36730.00
36640.00
36570.00
36350.00
36140.00
35950.00
35810.00
35540.00
35560.00
35600.00
35790.00
36170.00
36450.00
36600.00
36660.00
36650.00
36730.00
36730.00
36650.00
36580.00
36630.00
36460.00
36330.00
36140.00
36020.00
35600.00
35300.00
35020.00
34980.00
34880.00
35000.00
34620.00
34130.00
33470.00
32630.00
31760.00
31310.00
30980.00
30930.00
31020.00
31060.00
31130.00
31180.00
31180.00
31400.00
31660.00
31980.00
32320.00
32560.00
32610.00
32740.00
32880.00
33010.00
33200.00
33570.00
33890.00
34240.00
34640.00
35030.00
35370.00
35530.00
35770.00
35980.00
36090.00
36160.00
36210.00
36200.00
36150.00
36080.00
35970.00
