289100.00
291300.00
293000.00
290800.00
289800.00
288600.00
287700.00
285400.00
283900.00
280700.00
277500.00
274700.00
273500.00
272500.00
272300.00
271600.00
271400.00
271000.00
270700.00
269000.00
270400.00
272900.00
274000.00
275700.00
278400.00
278800.00
277700.00
277600.00
276400.00
275500.00
274300.00
272600.00
271700.00
271500.00
271300.00
271400.00
271400.00
272200.00
271600.00
270700.00
270300.00
271500.00
271400.00
271600.00
272200.00
273400.00
273000.00
272600.00
271500.00
270000.00
266600.00
264400.00
261600.00
258200.00
256700.00
255500.00
253300.00
252700.00
253800.00
253500.00
253200.00
253100.00
253100.00
253400.00
254800.00
256300.00
257100.00
256300.00
254600.00
252000.00
250100.00
249500.00
248800.00
248200.00
247500.00
246700.00
245800.00
245500.00
247400.00
250500.00
253000.00
255300.00
257300.00
257300.00
255800.00
255600.00
255800.00
255600.00
255500.00
255600.00
255600.00
255400.00
255400.00
255100.00
256400.00
256600.00
257200.00
259800.00
266100.00
270100.00
273700.00
277600.00
281400.00
281700.00
282100.00
286700.00
289100.00
290600.00
294600.00
297600.00
296600.00
297100.00
296400.00
294200.00
292500.00
290700.00
287800.00
