5346.00
5286.00
5256.00
5244.00
5280.00
5296.00
5298.00
5258.00
5230.00
5152.00
5106.00
5074.00
5084.00
5106.00
5118.00
5476.00
5818.00
6152.00
6460.00
6728.00
6636.00
6640.00
6636.00
6778.00
6916.00
7018.00
6966.00
6960.00
6744.00
6524.00
6378.00
6258.00
6124.00
6082.00
5996.00
5914.00
5882.00
5914.00
5874.00
5900.00
5862.00
5832.00
5694.00
5676.00
5740.00
5858.00
5960.00
6060.00
6066.00
5976.00
5868.00
5780.00
5750.00
5660.00
5580.00
5562.00
5624.00
5684.00
5722.00
5732.00
5684.00
5558.00
5388.00
5334.00
5336.00
5366.00
5372.00
5408.00
5426.00
5428.00
5432.00
5452.00
5464.00
5450.00
5444.00
5458.00
5444.00
5408.00
5400.00
5368.00
5314.00
5250.00
5212.00
5174.00
5158.00
5164.00
5250.00
5288.00
5354.00
5400.00
5390.00
5306.00
5248.00
5172.00
5106.00
5045.00
4973.00
4913.00
4837.00
4751.00
4722.00
4740.00
4767.00
4815.00
4869.00
4887.00
4914.00
4933.00
4929.00
4985.00
5039.00
5042.00
5024.00
5019.00
4963.00
4897.00
4841.00
