6842.00
6776.00
6674.00
6666.00
6720.00
6746.00
6738.00
6676.00
6530.00
6338.00
6330.00
6350.00
6488.00
6554.00
6544.00
6484.00
6554.00
6496.00
6422.00
6374.00
6262.00
6050.00
5982.00
6004.00
6064.00
6068.00
6002.00
5852.00
5614.00
5306.00
5048.00
4820.00
4644.00
4529.00
4453.00
4455.00
4505.00
4563.00
4565.00
4615.00
4598.00
4585.00
4562.00
4591.00
4573.00
4608.00
4592.00
4599.00
4547.00
4533.00
4423.00
4392.00
4329.00
4319.00
4275.00
4326.00
4337.00
4392.00
4395.00
4444.00
4453.00
4454.00
4434.00
4469.00
4483.00
4492.00
4490.00
4536.00
4545.00
4578.00
4613.00
4650.00
4654.00
4654.00
4609.00
4547.00
4484.00
4442.00
4405.00
4410.00
4418.00
4387.00
4289.00
4209.00
4118.00
4055.00
4108.00
4215.00
4335.00
4442.00
4517.00
4516.00
4489.00
4441.00
4505.00
4533.00
4575.00
4723.00
4829.00
4835.00
4907.00
4960.00
4900.00
4870.00
4826.00
4772.00
4758.00
4736.00
4769.00
4851.00
5017.00
5085.00
5165.00
5266.00
5306.00
5260.00
5348.00
