337600.00
340600.00
344400.00
348100.00
349600.00
350900.00
353700.00
356300.00
360200.00
364100.00
366100.00
366700.00
368200.00
369200.00
370100.00
372500.00
374500.00
374600.00
373500.00
372500.00
370900.00
369500.00
370200.00
372200.00
374300.00
376300.00
380100.00
383800.00
387100.00
388600.00
389300.00
388200.00
387400.00
386900.00
387500.00
388200.00
385800.00
383200.00
378000.00
372800.00
367600.00
366000.00
364000.00
364800.00
366000.00
367000.00
367800.00
367800.00
370200.00
372000.00
372200.00
371600.00
371500.00
367300.00
364600.00
365300.00
366400.00
369200.00
372300.00
374600.00
377200.00
380200.00
382700.00
385100.00
385600.00
383700.00
381000.00
377400.00
373500.00
370800.00
370100.00
369600.00
367700.00
366900.00
365300.00
364200.00
362200.00
361700.00
361600.00
361500.00
359700.00
356100.00
353100.00
346800.00
341500.00
338400.00
336900.00
334900.00
334300.00
333900.00
332200.00
330500.00
328800.00
328000.00
327300.00
325500.00
325600.00
327100.00
329300.00
331600.00
333300.00
333900.00
334700.00
335500.00
335400.00
338900.00
341700.00
344000.00
344900.00
347200.00
347800.00
348500.00
348500.00
349800.00
349600.00
349100.00
350400.00
