20800.00
20840.00
20850.00
20870.00
21400.00
21880.00
22340.00
22770.00
23180.00
23070.00
23140.00
23270.00
23550.00
23920.00
24060.00
24070.00
24360.00
24740.00
25010.00
25640.00
26160.00
26250.00
26160.00
25960.00
25710.00
25630.00
25750.00
25870.00
26150.00
26370.00
26780.00
26930.00
27030.00
27280.00
27230.00
27150.00
27530.00
27970.00
28120.00
28370.00
28240.00
27890.00
27350.00
26960.00
26720.00
26440.00
26110.00
25910.00
25700.00
25390.00
25100.00
24870.00
24630.00
24290.00
24050.00
24040.00
23990.00
24040.00
24290.00
24430.00
24500.00
24490.00
24510.00
24410.00
24350.00
24200.00
24070.00
23970.00
23860.00
23710.00
23540.00
23460.00
23150.00
22740.00
22450.00
22500.00
22430.00
22650.00
22900.00
23090.00
23120.00
23180.00
23090.00
22930.00
22800.00
22460.00
22190.00
21920.00
21700.00
21520.00
21460.00
21320.00
21160.00
21110.00
21060.00
20880.00
20760.00
20860.00
20880.00
20930.00
21040.00
21180.00
21170.00
21260.00
21370.00
21630.00
21990.00
22260.00
22500.00
22680.00
22800.00
22680.00
22710.00
22360.00
21990.00
21550.00
21130.00
