11600.00
11600.00
11580.00
11540.00
11510.00
11500.00
11450.00
11430.00
11430.00
11420.00
11410.00
11470.00
11470.00
11430.00
11430.00
11410.00
11320.00
11300.00
11310.00
11290.00
11330.00
11390.00
11460.00
11530.00
11600.00
11580.00
11550.00
11510.00
11460.00
11450.00
11500.00
11530.00
11540.00
11610.00
11660.00
11780.00
11930.00
12070.00
12150.00
12190.00
12180.00
12160.00
12200.00
12300.00
12380.00
12350.00
12310.00
12250.00
12090.00
12000.00
11920.00
11870.00
11780.00
11760.00
11720.00
11790.00
11850.00
11890.00
11890.00
11890.00
11880.00
11870.00
11890.00
11980.00
12020.00
12040.00
12070.00
12080.00
11990.00
11910.00
11830.00
11750.00
11690.00
11710.00
11730.00
11750.00
11770.00
11800.00
11790.00
11840.00
11850.00
11860.00
11840.00
11810.00
11790.00
11780.00
11760.00
11730.00
11680.00
11580.00
11470.00
11310.00
11170.00
11060.00
10900.00
10740.00
10630.00
10520.00
10420.00
10370.00
10370.00
10420.00
10490.00
10600.00
10710.00
10830.00
10840.00
10780.00
10720.00
10700.00
10660.00
10660.00
10720.00
10730.00
10710.00
10690.00
10660.00
