38950.00
38940.00
38790.00
38680.00
38600.00
38840.00
39130.00
39730.00
40190.00
40640.00
40820.00
40780.00
40900.00
41190.00
41540.00
41870.00
42270.00
42520.00
42780.00
43050.00
43370.00
43510.00
43360.00
43330.00
43440.00
43410.00
43470.00
43550.00
43500.00
43310.00
43310.00
43340.00
43370.00
43400.00
43470.00
43290.00
43090.00
43010.00
42890.00
42560.00
42580.00
42630.00
42740.00
42970.00
43410.00
43650.00
43840.00
44030.00
43930.00
43740.00
43510.00
43270.00
43000.00
42750.00
42500.00
42660.00
43070.00
43580.00
44260.00
44980.00
45350.00
45490.00
45580.00
45640.00
45680.00
45690.00
45730.00
45690.00
45570.00
45340.00
45150.00
45020.00
44720.00
44580.00
44390.00
44360.00
44170.00
44390.00
44540.00
44900.00
45050.00
45120.00
45070.00
45070.00
44910.00
44840.00
44890.00
44900.00
44940.00
45120.00
45340.00
45660.00
46040.00
46330.00
46810.00
46740.00
46520.00
46040.00
45700.00
45180.00
45020.00
44960.00
45170.00
45260.00
45350.00
45410.00
45470.00
45420.00
45420.00
45450.00
45410.00
45350.00
45270.00
45140.00
44860.00
44890.00
44890.00
