99280.00
99300.00
99520.00
99600.00
99720.00
99780.00
99780.00
99980.00
100360.00
100460.00
100480.00
100980.00
101180.00
101580.00
102180.00
102800.00
103200.00
103400.00
103500.00
103700.00
103500.00
102900.00
102900.00
103000.00
103400.00
104000.00
104700.00
104900.00
104700.00
104100.00
103800.00
103900.00
104200.00
104900.00
106100.00
107200.00
108100.00
109100.00
110300.00
110300.00
111200.00
111600.00
111800.00
112500.00
114200.00
114800.00
115300.00
115800.00
114800.00
113600.00
112300.00
111500.00
110400.00
109500.00
109000.00
108600.00
107700.00
107400.00
107300.00
106800.00
106400.00
106200.00
106000.00
105700.00
105300.00
105200.00
105400.00
105300.00
104900.00
104600.00
104000.00
103500.00
102700.00
102300.00
101700.00
101500.00
100800.00
100500.00
100040.00
99740.00
99360.00
98780.00
98260.00
97880.00
97440.00
96840.00
96380.00
95720.00
95200.00
94960.00
94380.00
94060.00
93920.00
93840.00
93640.00
93380.00
93140.00
92740.00
92280.00
91760.00
91620.00
91460.00
91500.00
91820.00
92640.00
93840.00
95420.00
97200.00
98780.00
100360.00
101220.00
102300.00
102800.00
102900.00
102800.00
103500.00
103800.00
