20030.00
19990.00
20020.00
20120.00
20120.00
20150.00
20130.00
20070.00
19970.00
20060.00
20100.00
20080.00
20130.00
20180.00
20210.00
20240.00
20310.00
20430.00
20510.00
20620.00
20680.00
20700.00
20660.00
20640.00
20550.00
20510.00
20490.00
20520.00
20630.00
20710.00
20820.00
20910.00
20980.00
21000.00
21010.00
21270.00
21420.00
21590.00
21710.00
21840.00
21650.00
21580.00
21470.00
21400.00
21330.00
21220.00
21070.00
20950.00
20780.00
20600.00
20410.00
20240.00
20030.00
19820.00
19670.00
19660.00
19690.00
19740.00
19840.00
19890.00
19920.00
19940.00
19970.00
20060.00
20180.00
20340.00
20480.00
20580.00
20540.00
20560.00
20530.00
20470.00
20310.00
20230.00
20050.00
19930.00
19740.00
19660.00
19590.00
19520.00
19340.00
19190.00
19040.00
18780.00
18670.00
18590.00
18590.00
18600.00
18750.00
18700.00
18600.00
18550.00
18470.00
18350.00
18450.00
18630.00
18770.00
18940.00
19190.00
19230.00
19260.00
19320.00
19390.00
19300.00
19300.00
19250.00
19170.00
19090.00
19030.00
19010.00
19030.00
18970.00
18880.00
18860.00
18800.00
18780.00
18810.00
