93680.00
93240.00
93100.00
93420.00
93640.00
93900.00
94040.00
94140.00
94360.00
94740.00
95060.00
95420.00
95800.00
96320.00
96420.00
96500.00
96600.00
96620.00
96500.00
96720.00
96660.00
96620.00
96500.00
96420.00
96080.00
96120.00
96060.00
95840.00
95360.00
95080.00
95380.00
95580.00
96040.00
96240.00
96380.00
96040.00
95780.00
95500.00
95560.00
95720.00
95640.00
95480.00
95340.00
95120.00
94900.00
94740.00
94680.00
94780.00
94980.00
95040.00
94860.00
94760.00
94540.00
94180.00
94020.00
94080.00
94220.00
94360.00
94900.00
95680.00
96940.00
98120.00
99000.00
99460.00
99540.00
99180.00
98980.00
98820.00
98580.00
98560.00
98480.00
98180.00
98120.00
98120.00
97600.00
97320.00
97060.00
96480.00
96080.00
95740.00
95560.00
95360.00
95180.00
94700.00
94800.00
94320.00
93960.00
93880.00
94080.00
93820.00
93680.00
93460.00
93060.00
92600.00
92280.00
91820.00
91400.00
91040.00
90580.00
90200.00
90220.00
90280.00
90420.00
90740.00
91400.00
91720.00
91920.00
92340.00
92600.00
92460.00
92560.00
92720.00
92700.00
92680.00
92700.00
92660.00
92680.00
