7904.00
7966.00
8050.00
8200.00
8292.00
8376.00
8542.00
8688.00
8876.00
9006.00
9082.00
9106.00
9078.00
8948.00
8918.00
8896.00
8930.00
9138.00
9356.00
9482.00
9624.00
9656.00
9576.00
9466.00
9462.00
9572.00
9680.00
9732.00
9768.00
9634.00
9424.00
9206.00
9072.00
8968.00
8770.00
8526.00
8326.00
8052.00
7696.00
7562.00
7462.00
7378.00
7308.00
7382.00
7366.00
7400.00
7432.00
7464.00
7416.00
7416.00
7384.00
7318.00
7288.00
7258.00
7318.00
7388.00
7462.00
7560.00
7664.00
7718.00
7750.00
7786.00
7778.00
7794.00
7752.00
7720.00
7682.00
7662.00
7610.00
7596.00
7576.00
7540.00
7478.00
7418.00
7354.00
7288.00
7242.00
7238.00
7238.00
7222.00
7212.00
7156.00
7080.00
7010.00
6968.00
6956.00
6912.00
6872.00
6852.00
6814.00
6746.00
6720.00
6678.00
6602.00
6556.00
6484.00
6430.00
6424.00
6426.00
6448.00
6508.00
6586.00
6628.00
6718.00
6766.00
6808.00
6872.00
6928.00
6922.00
6946.00
6968.00
6952.00
6954.00
6990.00
6998.00
6970.00
6944.00
