2437.00
2449.00
2475.00
2495.00
2559.00
2631.00
2749.00
2837.00
2938.00
2993.00
3010.00
2953.00
2912.00
2882.00
2844.00
2844.00
2862.00
2861.00
2867.00
2883.00
2896.00
2908.00
2950.00
2977.00
2977.00
2954.00
2929.00
2898.00
2862.00
2836.00
2820.00
2816.00
2813.00
2810.00
2777.00
2774.00
2768.00
2758.00
2738.00
2749.00
2735.00
2723.00
2703.00
2711.00
2718.00
2738.00
2752.00
2774.00
2766.00
2762.00
2736.00
2705.00
2671.00
2640.00
2617.00
2604.00
2603.00
2610.00
2625.00
2632.00
2637.00
2649.00
2652.00
2663.00
2680.00
2702.00
2704.00
2713.00
2710.00
2700.00
2684.00
2674.00
2662.00
2646.00
2624.00
2606.00
2592.00
2582.00
2582.00
2580.00
2571.00
2546.00
2519.00
2496.00
2483.00
2482.00
2502.00
2521.00
2524.00
2530.00
2527.00
2505.00
2472.00
2448.00
2425.00
2399.00
2383.00
2376.00
2370.00
2360.00
2361.00
2369.00
2387.00
2409.00
2427.00
2443.00
2448.00
2448.00
2447.00
2451.00
2452.00
2456.00
2457.00
2455.00
2451.00
2445.00
2440.00
