19828.56
19914.28
20047.60
20199.98
20228.56
20276.18
20352.38
20333.34
20323.82
20380.96
20476.20
20580.96
20723.82
20847.62
20885.72
20857.16
20800.02
20771.44
20733.34
20714.28
20666.66
20628.56
20647.62
20742.86
20866.68
21085.72
21409.52
21609.52
21771.42
21923.80
22028.56
22019.04
21923.80
21742.86
21561.90
21476.18
21457.14
21609.52
21761.90
21895.24
21914.30
21885.72
21885.72
21933.34
21942.86
21961.90
21990.48
22085.72
22095.24
22209.54
22219.06
22257.16
22095.24
21980.96
21752.38
21609.54
21457.16
21342.88
21247.64
21266.68
21371.44
21457.14
21666.66
22057.14
22419.06
22733.34
22990.48
23171.44
23095.24
23019.04
23019.04
23019.04
22942.84
22942.84
22990.46
22971.42
23038.10
23476.20
23914.30
24323.82
24714.28
25057.14
25038.10
25000.00
24933.34
24923.82
24990.48
24971.42
24857.14
24676.18
24457.14
24123.80
23847.62
23752.38
23723.82
23561.92
23476.22
23428.60
23361.94
23304.80
23361.94
23552.40
23828.58
24733.34
25790.48
27409.52
28800.00
30104.78
30895.24
31457.14
31209.52
30695.24
30161.90
29457.14
28752.38
28057.14
27619.04
