3303.00
3289.00
3285.00
3306.00
3324.00
3350.00
3360.00
3373.00
3395.00
3419.00
3442.00
3475.00
3537.00
3574.00
3594.00
3633.00
3684.00
3717.00
3745.00
3795.00
3814.00
3835.00
3865.00
3930.00
3990.00
4021.00
4015.00
3979.00
3945.00
3899.00
3911.00
3937.00
3972.00
3971.00
3978.00
3973.00
3969.00
3967.00
3963.00
3963.00
3952.00
3936.00
3939.00
3937.00
3930.00
3924.00
3947.00
3954.00
3996.00
4041.00
4071.00
4068.00
4064.00
4024.00
3981.00
3946.00
3911.00
3865.00
3838.00
3826.00
3819.00
3818.00
3822.00
3843.00
3851.00
3867.00
3880.00
3909.00
3924.00
3947.00
3957.00
3963.00
3960.00
3939.00
3911.00
3889.00
3875.00
3857.00
3847.00
3833.00
3815.00
3791.00
3767.00
3735.00
3727.00
3742.00
3764.00
3789.00
3822.00
3828.00
3815.00
3787.00
3756.00
3720.00
3692.00
3677.00
3671.00
3672.00
3689.00
3704.00
3717.00
3747.00
3780.00
3814.00
3851.00
3881.00
3878.00
3888.00
3880.00
3872.00
3869.00
3894.00
3893.00
3886.00
3870.00
3852.00
3851.00
