185300.00
187100.00
190100.00
191100.00
192400.00
192000.00
190800.00
188500.00
188300.00
187300.00
186400.00
185300.00
185600.00
184400.00
184400.00
183600.00
184000.00
185700.00
187500.00
191300.00
196300.00
200700.00
203200.00
205500.00
205400.00
204700.00
203900.00
203300.00
202400.00
201400.00
200000.00
198800.00
196900.00
196300.00
195400.00
194000.00
192100.00
191400.00
189100.00
187200.00
185600.00
184900.00
185000.00
186000.00
186800.00
188500.00
189300.00
190000.00
189000.00
188500.00
187100.00
186500.00
184500.00
184000.00
183600.00
184300.00
185400.00
186900.00
188300.00
188900.00
188900.00
188200.00
188600.00
189500.00
191900.00
195500.00
199300.00
201600.00
203100.00
204100.00
204100.00
203800.00
203400.00
203100.00
202400.00
202700.00
202400.00
202500.00
203000.00
203100.00
201700.00
199800.00
196900.00
191100.00
186300.00
182000.00
177200.00
172100.00
168500.00
165700.00
162900.00
160800.00
160000.00
160000.00
158600.00
155800.00
153600.00
152300.00
152100.00
151700.00
152500.00
154300.00
155500.00
156000.00
156400.00
157500.00
157000.00
156000.00
155000.00
154300.00
153800.00
153800.00
154700.00
154600.00
154700.00
154000.00
153100.00
