7688.00
7678.00
7654.00
7640.00
7610.00
7588.00
7568.00
7578.00
7574.00
7626.00
7696.00
7776.00
7840.00
7924.00
7964.00
7972.00
7970.00
8032.00
8026.00
8006.00
7988.00
7980.00
7888.00
7880.00
7908.00
7928.00
7948.00
7990.00
7990.00
7958.00
7948.00
7938.00
7900.00
7854.00
7794.00
7738.00
7664.00
7604.00
7552.00
7498.00
7406.00
7352.00
7300.00
7262.00
7230.00
7240.00
7232.00
7230.00
7250.00
7232.00
7180.00
7114.00
7056.00
6924.00
6858.00
6826.00
6810.00
6794.00
6836.00
6876.00
6934.00
7006.00
7094.00
7172.00
7228.00
7266.00
7264.00
7232.00
7190.00
7168.00
7130.00
7120.00
7122.00
7122.00
7096.00
7084.00
7068.00
7036.00
7038.00
7030.00
6988.00
6904.00
6852.00
6752.00
6680.00
6634.00
6552.00
6416.00
6278.00
6090.00
5916.00
5788.00
5734.00
5698.00
5694.00
5648.00
5672.00
5704.00
5708.00
5714.00
5764.00
5760.00
5700.00
5696.00
5676.00
5700.00
5690.00
5684.00
5670.00
5690.00
5652.00
5676.00
5702.00
5692.00
5652.00
5612.00
5538.00
