87780.00
87920.00
88140.00
88480.00
88880.00
89680.00
89880.00
90340.00
90720.00
91160.00
91500.00
92280.00
92800.00
93160.00
93780.00
94240.00
94400.00
94820.00
95200.00
95240.00
94580.00
93980.00
93340.00
92800.00
92660.00
93120.00
93900.00
94520.00
95240.00
95460.00
96160.00
96660.00
96900.00
97040.00
97140.00
97280.00
97380.00
97640.00
97900.00
97900.00
97720.00
98120.00
98820.00
99140.00
100480.00
101900.00
102700.00
103600.00
104500.00
104700.00
104000.00
103600.00
102400.00
101260.00
100560.00
100660.00
100560.00
100860.00
101100.00
100840.00
100440.00
100060.00
99740.00
99320.00
99240.00
99320.00
99400.00
99220.00
99240.00
98960.00
98300.00
98180.00
98240.00
98360.00
98460.00
99140.00
99560.00
100200.00
100440.00
100380.00
100000.00
98720.00
97200.00
95480.00
93840.00
92100.00
90420.00
88740.00
87720.00
86940.00
86300.00
86060.00
85860.00
85720.00
85540.00
85280.00
85100.00
84920.00
84660.00
84540.00
84380.00
84340.00
84260.00
84440.00
84440.00
84520.00
84340.00
84200.00
84020.00
84140.00
84200.00
84320.00
84360.00
84300.00
83800.00
83520.00
83240.00
