5984.00
6040.00
6092.00
6162.00
6234.00
6322.00
6444.00
6552.00
6716.00
6870.00
6962.00
7044.00
7136.00
7144.00
7122.00
7088.00
7068.00
7482.00
8456.00
9482.00
10364.00
11180.00
11490.00
11320.00
11040.00
10980.00
11070.00
11240.00
11220.00
11340.00
11500.00
11350.00
11170.00
11070.00
10386.00
9618.00
9060.00
8442.00
7830.00
7712.00
7580.00
7438.00
7390.00
7398.00
7316.00
7306.00
7292.00
7274.00
7202.00
7252.00
7236.00
7248.00
7230.00
7204.00
7328.00
7460.00
7534.00
7636.00
7748.00
7754.00
7760.00
7780.00
7806.00
7894.00
7860.00
7818.00
7778.00
7692.00
7530.00
7450.00
7384.00
7326.00
7288.00
7282.00
7290.00
7252.00
7206.00
7212.00
7236.00
7210.00
7224.00
7236.00
7186.00
7056.00
6954.00
6866.00
6780.00
6776.00
6832.00
6880.00
6920.00
6894.00
6762.00
6638.00
6558.00
6436.00
6374.00
6382.00
6392.00
6388.00
6428.00
6512.00
6608.00
6774.00
6916.00
7068.00
7198.00
7286.00
7302.00
7394.00
7476.00
7558.00
7724.00
7872.00
7974.00
7994.00
7998.00
