58080.00
58860.00
59320.00
59820.00
59400.00
60000.00
60560.00
61440.00
62360.00
63400.00
63420.00
63120.00
63400.00
63560.00
63500.00
63680.00
64060.00
63940.00
63800.00
64320.00
64040.00
63580.00
63180.00
62780.00
62140.00
61920.00
61980.00
61900.00
62160.00
62220.00
62520.00
62840.00
63400.00
63720.00
64040.00
64200.00
63880.00
63460.00
62780.00
62120.00
61620.00
61360.00
61040.00
61120.00
61840.00
63000.00
64000.00
64960.00
65640.00
65620.00
64860.00
64220.00
63480.00
62520.00
62000.00
62220.00
62560.00
63620.00
65080.00
66620.00
68020.00
69200.00
69960.00
70800.00
71260.00
71580.00
71840.00
72080.00
71720.00
71460.00
71260.00
71020.00
70380.00
70120.00
69720.00
69420.00
69060.00
68960.00
68620.00
68160.00
67640.00
66980.00
66480.00
66120.00
66080.00
66540.00
67520.00
68520.00
69600.00
70540.00
70800.00
70840.00
70780.00
70820.00
70860.00
70900.00
71320.00
71620.00
72040.00
72620.00
73260.00
73700.00
74140.00
74440.00
74560.00
74900.00
75000.00
75000.00
74940.00
75620.00
76280.00
77340.00
78920.00
80340.00
80860.00
81380.00
81460.00
