55580.00
55520.00
55400.00
55480.00
55400.00
55540.00
55760.00
56120.00
56520.00
56860.00
56820.00
56620.00
56500.00
56440.00
56460.00
56600.00
56700.00
56920.00
57000.00
57080.00
57280.00
57500.00
57400.00
57340.00
57360.00
57340.00
57520.00
57980.00
58580.00
59020.00
59220.00
59520.00
59620.00
59500.00
59500.00
59620.00
59460.00
59440.00
59580.00
59740.00
60460.00
61200.00
61900.00
62680.00
63200.00
63120.00
62740.00
62160.00
61660.00
61440.00
60900.00
60700.00
61080.00
61240.00
61040.00
61320.00
61340.00
60680.00
59900.00
59140.00
58480.00
58040.00
57880.00
57880.00
58080.00
57960.00
57880.00
57680.00
57320.00
56960.00
57040.00
57260.00
57480.00
57640.00
57940.00
58020.00
57840.00
57700.00
57540.00
57280.00
57200.00
57080.00
56940.00
56520.00
55940.00
55500.00
55020.00
54380.00
54060.00
53780.00
53160.00
52780.00
52660.00
52560.00
52560.00
52460.00
52240.00
51980.00
52040.00
52360.00
52800.00
53340.00
53820.00
54180.00
54300.00
54060.00
54240.00
54000.00
53560.00
53180.00
53220.00
52700.00
52740.00
52780.00
52820.00
52780.00
52700.00
