45710.00
45850.00
46290.00
47450.00
48280.00
49100.00
49800.00
50470.00
50470.00
50740.00
50740.00
50480.00
50160.00
49840.00
49920.00
50240.00
50740.00
51020.00
51360.00
51200.00
51140.00
50860.00
50840.00
50230.00
49450.00
48630.00
48130.00
47880.00
48080.00
48540.00
49220.00
49700.00
49790.00
49800.00
49730.00
49650.00
49650.00
50290.00
50850.00
51280.00
52360.00
53320.00
53980.00
54560.00
55860.00
56120.00
56320.00
56320.00
56220.00
55420.00
54400.00
53600.00
52700.00
51900.00
51420.00
51340.00
51260.00
51180.00
51620.00
51740.00
51760.00
51520.00
51400.00
51000.00
50700.00
50520.00
50600.00
50520.00
50160.00
49860.00
49650.00
49370.00
48970.00
48810.00
48630.00
48150.00
47780.00
47720.00
47760.00
47680.00
47850.00
47900.00
47280.00
46540.00
45820.00
44900.00
43730.00
43230.00
43040.00
43110.00
43140.00
43390.00
43510.00
43380.00
43220.00
43040.00
43110.00
43090.00
43100.00
42990.00
43030.00
43020.00
43100.00
43510.00
43840.00
44230.00
44430.00
44790.00
44930.00
44960.00
44900.00
44950.00
44770.00
44420.00
44410.00
44430.00
44220.00
