1376.00
1414.00
1438.00
1466.00
1495.00
1524.00
1550.00
1569.00
1589.00
1593.00
1592.00
1577.00
1572.00
1557.00
1554.00
1540.00
1534.00
1526.00
1551.00
1595.00
1648.00
1693.00
1739.00
1813.00
1865.00
1905.00
1934.00
1968.00
1920.00
1871.00
1841.00
1824.00
1807.00
1819.00
1742.00
1651.00
1567.00
1492.00
1390.00
1384.00
1379.00
1368.00
1341.00
1338.00
1322.00
1322.00
1321.00
1321.00
1311.00
1313.00
1312.00
1305.00
1303.00
1303.00
1317.00
1327.00
1341.00
1437.00
1541.00
1621.00
1691.00
1747.00
1713.00
1685.00
1653.00
1627.00
1606.00
1596.00
1573.00
1570.00
1586.00
1607.00
1620.00
1619.00
1611.00
1572.00
1529.00
1493.00
1473.00
1443.00
1436.00
1426.00
1416.00
1400.00
1390.00
1385.00
1392.00
1404.00
1423.00
1441.00
1455.00
1454.00
1434.00
1415.00
1411.00
1409.00
1425.00
1443.00
1449.00
1443.00
1432.00
1423.00
1425.00
1449.00
1468.00
1486.00
1502.00
1515.00
1516.00
1534.00
1549.00
1551.00
1576.00
1634.00
1698.00
1715.00
1739.00
