4272.00
4241.00
4201.00
4126.00
4101.00
4098.00
4070.00
4040.00
3975.00
3933.00
3884.00
3863.00
3863.00
3893.00
3891.00
3891.00
3895.00
3895.00
3876.00
3877.00
3924.00
3996.00
4044.00
4193.00
4307.00
4369.00
4459.00
4537.00
4520.00
4542.00
4575.00
4519.00
4471.00
4428.00
4344.00
4275.00
4268.00
4278.00
4279.00
4303.00
4284.00
4247.00
4215.00
4184.00
4160.00
4191.00
4195.00
4191.00
4171.00
4149.00
4102.00
4066.00
4038.00
4027.00
4033.00
4047.00
4080.00
4117.00
4170.00
4233.00
4283.00
4345.00
4403.00
4444.00
4469.00
4497.00
4484.00
4490.00
4485.00
4511.00
4523.00
4514.00
4495.00
4472.00
4398.00
4374.00
4397.00
4425.00
4476.00
4564.00
4594.00
4583.00
4579.00
4575.00
4574.00
4615.00
4590.00
4522.00
4478.00
4430.00
4330.00
4336.00
4356.00
4379.00
4395.00
4426.00
4409.00
4405.00
4376.00
4373.00
4375.00
4434.00
4572.00
4672.00
4824.00
4952.00
5015.00
5031.00
5055.00
4961.00
4918.00
4917.00
4850.00
4780.00
4765.00
4698.00
4614.00
