72240.00
73240.00
74420.00
75300.00
76160.00
76960.00
77920.00
78720.00
79140.00
79040.00
79260.00
79280.00
79380.00
79300.00
79580.00
79560.00
79360.00
79520.00
79700.00
79720.00
79780.00
80200.00
80200.00
80340.00
80740.00
81300.00
81740.00
82220.00
82600.00
82960.00
83160.00
83340.00
83540.00
83880.00
83940.00
84180.00
84300.00
84640.00
84560.00
84180.00
84160.00
84160.00
84000.00
84300.00
85100.00
85380.00
85340.00
85100.00
84720.00
84500.00
84120.00
84120.00
84500.00
84860.00
85120.00
85600.00
85940.00
85820.00
85480.00
85040.00
84480.00
84120.00
83980.00
84040.00
84340.00
84720.00
84940.00
84960.00
84340.00
83520.00
82780.00
82180.00
82120.00
82960.00
83800.00
84480.00
85260.00
85740.00
85960.00
86220.00
86840.00
87240.00
87580.00
87860.00
87780.00
87580.00
87320.00
86700.00
86060.00
85580.00
84600.00
83860.00
83300.00
82800.00
81940.00
81540.00
80980.00
80480.00
79940.00
79920.00
80040.00
80720.00
81960.00
83460.00
85160.00
86640.00
87660.00
88240.00
88900.00
89300.00
89500.00
89580.00
89720.00
89260.00
88740.00
88620.00
88520.00
