5194.00
5182.00
5162.00
5132.00
5120.00
5134.00
5136.00
5146.00
5148.00
5148.00
5128.00
5128.00
5114.00
5110.00
5112.00
5110.00
5106.00
5108.00
5098.00
5086.00
5080.00
5064.00
5054.00
5056.00
5060.00
5052.00
5052.00
5058.00
5056.00
5052.00
5062.00
5068.00
5078.00
5104.00
5114.00
5134.00
5150.00
5150.00
5124.00
5112.00
5075.00
5043.00
5012.00
5000.00
4992.00
5003.00
5003.00
5003.00
4975.00
4931.00
4831.00
4735.00
4618.00
4525.00
4441.00
4410.00
4375.00
4406.00
4441.00
4489.00
4523.00
4565.00
4581.00
4608.00
4627.00
4720.00
4762.00
4782.00
4781.00
4785.00
4713.00
4696.00
4683.00
4658.00
4616.00
4611.00
4579.00
4591.00
4613.00
4621.00
4593.00
4560.00
4493.00
4420.00
4375.00
4359.00
4363.00
4366.00
4345.00
4295.00
4224.00
4155.00
4089.00
4056.00
4051.00
4020.00
3996.00
3952.00
3883.00
3822.00
3794.00
3780.00
3795.00
3845.00
3888.00
3922.00
3934.00
3941.00
3928.00
3910.00
3940.00
3974.00
4000.00
4025.00
4049.00
4034.00
4014.00
