5866.00
6048.00
6226.00
6326.00
6186.00
6148.00
6094.00
6030.00
5970.00
5922.00
5870.00
5770.00
5690.00
5684.00
5770.00
5808.00
5834.00
5852.00
5880.00
5870.00
6082.00
6376.00
6624.00
6814.00
6960.00
6910.00
6812.00
6760.00
6702.00
6648.00
6648.00
6650.00
6626.00
6638.00
6632.00
6652.00
6678.00
6806.00
6838.00
6856.00
6750.00
6630.00
6426.00
6322.00
6224.00
6184.00
6122.00
6036.00
5862.00
5764.00
5628.00
5522.00
5392.00
5278.00
5166.00
5087.00
5049.00
5087.00
5155.00
5203.00
5236.00
5212.00
5168.00
5154.00
5108.00
5075.00
5061.00
5044.00
5032.00
5032.00
5035.00
5023.00
5010.00
4968.00
4903.00
4806.00
4747.00
4695.00
4654.00
4616.00
4560.00
4422.00
4258.00
4048.00
3875.00
3802.00
3739.00
3696.00
3651.00
3804.00
4060.00
4464.00
4875.00
5389.00
5626.00
5748.00
5914.00
6092.00
6222.00
6436.00
6582.00
6720.00
6786.00
6844.00
6804.00
6734.00
6668.00
6684.00
7112.00
7756.00
8546.00
9162.00
9708.00
9798.00
9454.00
9110.00
8914.00
