5650.00
5612.00
5552.00
5482.00
5418.00
5390.00
5328.00
5290.00
5274.00
5262.00
5262.00
5238.00
5234.00
5228.00
5244.00
5230.00
5262.00
5284.00
5300.00
5290.00
5306.00
5304.00
5302.00
5300.00
5298.00
5308.00
5318.00
5322.00
5326.00
5324.00
5312.00
5304.00
5300.00
5294.00
5296.00
5304.00
5308.00
5314.00
5316.00
5316.00
5308.00
5306.00
5306.00
5306.00
5308.00
5322.00
5336.00
5382.00
5472.00
5522.00
5518.00
5520.00
5502.00
5448.00
5432.00
5452.00
5466.00
5468.00
5478.00
5528.00
5552.00
5592.00
5624.00
5658.00
5676.00
5774.00
5816.00
5886.00
5946.00
5996.00
5992.00
6026.00
6034.00
6030.00
5962.00
5918.00
5852.00
5802.00
5746.00
5726.00
5688.00
5668.00
5636.00
5576.00
5546.00
5518.00
5484.00
5410.00
5416.00
5410.00
5406.00
5414.00
5456.00
5446.00
5446.00
5442.00
5424.00
5396.00
5414.00
5408.00
5380.00
5378.00
5398.00
5396.00
5380.00
5408.00
5428.00
5438.00
5432.00
5454.00
5456.00
5444.00
5430.00
5432.00
5422.00
5404.00
5390.00
