3900.00
3895.00
3904.00
3911.00
3917.00
3946.00
3970.00
3972.00
3964.00
3987.00
4000.00
4016.00
4032.00
4050.00
4051.00
4053.00
4043.00
4116.00
4149.00
4208.00
4288.00
4368.00
4395.00
4443.00
4470.00
4491.00
4524.00
4506.00
4488.00
4460.00
4417.00
4404.00
4398.00
4426.00
4424.00
4410.00
4346.00
4298.00
4230.00
4162.00
4111.00
4089.00
4098.00
4126.00
4194.00
4262.00
4330.00
4356.00
4351.00
4312.00
4256.00
4217.00
4287.00
4405.00
4537.00
4720.00
4840.00
4869.00
4891.00
4929.00
4965.00
5018.00
5067.00
5086.00
5100.00
5082.00
5092.00
5116.00
5116.00
5138.00
5170.00
5180.00
5192.00
5220.00
5214.00
5236.00
5278.00
5290.00
5320.00
5332.00
5284.00
5193.00
5103.00
5014.00
4963.00
4945.00
4953.00
4983.00
4998.00
5009.00
5011.00
5022.00
5006.00
5007.00
4999.00
4971.00
4954.00
4954.00
4917.00
4850.00
4816.00
4782.00
4802.00
4848.00
4931.00
5003.00
5078.00
5072.00
5102.00
5092.00
5074.00
5072.00
5094.00
5082.00
5116.00
5146.00
5174.00
