6516.00
6612.00
6674.00
6718.00
6694.00
6732.00
6720.00
6678.00
6688.00
6720.00
6720.00
6726.00
6768.00
6774.00
6780.00
6770.00
6770.00
6774.00
6776.00
6832.00
6932.00
7008.00
7084.00
7216.00
7308.00
7368.00
7456.00
7520.00
7516.00
7474.00
7422.00
7418.00
7400.00
7410.00
7374.00
7380.00
7318.00
7288.00
7194.00
7140.00
7084.00
7074.00
7016.00
6958.00
6870.00
6784.00
6722.00
6652.00
6606.00
6592.00
6510.00
6360.00
6236.00
6102.00
5994.00
5976.00
6046.00
6128.00
6238.00
6324.00
6382.00
6358.00
6340.00
6364.00
6408.00
6452.00
6508.00
6562.00
6548.00
6514.00
6462.00
6402.00
6362.00
6432.00
6464.00
6582.00
6742.00
6878.00
6912.00
7006.00
7022.00
6986.00
6942.00
6906.00
6898.00
6922.00
6914.00
6912.00
6906.00
6890.00
6828.00
6788.00
6704.00
6624.00
6542.00
6466.00
6448.00
6472.00
6494.00
6502.00
6654.00
6778.00
6916.00
7098.00
7264.00
7300.00
7314.00
7338.00
7330.00
7362.00
7470.00
7568.00
7620.00
7660.00
7654.00
7550.00
7478.00
