6552.00
6522.00
6540.00
6566.00
6520.00
6606.00
6662.00
6700.00
6732.00
6806.00
6806.00
6866.00
6938.00
7034.00
7142.00
7208.00
7222.00
7242.00
7244.00
7226.00
7198.00
7186.00
7198.00
7260.00
7400.00
7544.00
7658.00
7724.00
7764.00
7706.00
7632.00
7564.00
7516.00
7436.00
7340.00
7276.00
7240.00
7208.00
7156.00
7146.00
7132.00
7112.00
7076.00
7078.00
7082.00
7090.00
7100.00
7118.00
7120.00
7128.00
7112.00
7102.00
7098.00
7102.00
7118.00
7174.00
7212.00
7264.00
7310.00
7346.00
7362.00
7380.00
7382.00
7368.00
7360.00
7342.00
7324.00
7308.00
7266.00
7224.00
7188.00
7156.00
7130.00
7134.00
7128.00
7138.00
7160.00
7196.00
7228.00
7234.00
7216.00
7176.00
7112.00
7054.00
7028.00
7022.00
7076.00
7116.00
7180.00
7228.00
7214.00
7166.00
7152.00
7104.00
7058.00
7082.00
7126.00
7160.00
7198.00
7224.00
7232.00
7234.00
7236.00
7286.00
7380.00
7488.00
7558.00
7642.00
7680.00
7676.00
7684.00
7692.00
7678.00
7634.00
7582.00
7538.00
7472.00
