10510.00
10590.00
10660.00
10720.00
10790.00
10890.00
10940.00
10950.00
10920.00
10900.00
10950.00
11040.00
11350.00
11680.00
11920.00
12010.00
12090.00
12040.00
11990.00
11950.00
11910.00
11830.00
11750.00
11680.00
11700.00
11830.00
11990.00
12240.00
12850.00
13540.00
14160.00
14780.00
15120.00
15130.00
14860.00
14760.00
14540.00
14450.00
14400.00
14600.00
14650.00
14730.00
14920.00
14940.00
15040.00
15170.00
15410.00
15570.00
15590.00
15260.00
14740.00
14250.00
13700.00
13250.00
12990.00
12810.00
12610.00
12520.00
12620.00
12600.00
12740.00
12910.00
13000.00
13000.00
13170.00
13410.00
13600.00
13750.00
13880.00
14030.00
13960.00
13850.00
13780.00
13690.00
13540.00
13420.00
13300.00
13340.00
13460.00
13410.00
13290.00
12950.00
12560.00
12050.00
11720.00
11520.00
11500.00
11380.00
11360.00
11340.00
11340.00
11070.00
10860.00
10630.00
10410.00
10110.00
10250.00
10440.00
10630.00
10770.00
11010.00
11230.00
11360.00
11540.00
11720.00
11850.00
11850.00
11900.00
11920.00
11920.00
11910.00
11880.00
11820.00
11740.00
11700.00
11630.00
11610.00
