40310.00
40490.00
40670.00
40940.00
40930.00
41030.00
40950.00
40780.00
40510.00
40380.00
40140.00
40120.00
40150.00
40720.00
41320.00
42020.00
42380.00
42790.00
42760.00
42630.00
42310.00
42160.00
41510.00
41160.00
40810.00
40520.00
40570.00
41820.00
42590.00
43390.00
44170.00
44630.00
44590.00
44630.00
44520.00
44880.00
45410.00
45650.00
45880.00
46270.00
46210.00
46210.00
46100.00
46070.00
46220.00
46730.00
46910.00
47180.00
47240.00
46990.00
46200.00
45470.00
44730.00
44020.00
43620.00
43690.00
43610.00
43780.00
44210.00
44460.00
44390.00
44480.00
44460.00
44420.00
44500.00
44530.00
44820.00
45020.00
44880.00
44640.00
44740.00
44640.00
44350.00
44180.00
43880.00
43410.00
42960.00
42760.00
42690.00
42570.00
42210.00
41630.00
41040.00
40320.00
39650.00
39230.00
38940.00
38530.00
38030.00
37450.00
36870.00
36150.00
35560.00
35430.00
35590.00
35520.00
35550.00
35610.00
35400.00
35130.00
35170.00
35370.00
35440.00
35670.00
35950.00
36180.00
36230.00
36540.00
36760.00
36930.00
37090.00
37240.00
37140.00
37150.00
37070.00
37020.00
37110.00
