19410.00
19400.00
19510.00
19620.00
19870.00
20140.00
20230.00
20300.00
20370.00
20240.00
20070.00
20000.00
20060.00
20060.00
20040.00
19910.00
19780.00
19660.00
19480.00
19420.00
19440.00
19460.00
19290.00
19260.00
19270.00
19300.00
19640.00
20240.00
20720.00
21170.00
21550.00
21620.00
21590.00
21570.00
21390.00
21440.00
21520.00
21470.00
21380.00
21490.00
21480.00
21460.00
21490.00
21530.00
21500.00
21500.00
21490.00
21480.00
21440.00
21310.00
20990.00
20780.00
20630.00
20510.00
20480.00
20680.00
20680.00
20740.00
20820.00
20910.00
20900.00
20980.00
21020.00
21170.00
21330.00
21710.00
22050.00
22320.00
22280.00
22210.00
21890.00
21610.00
21380.00
21390.00
21230.00
21140.00
21070.00
20860.00
20600.00
20540.00
20410.00
20110.00
19950.00
19710.00
19540.00
19460.00
19450.00
19360.00
19320.00
19130.00
19010.00
18950.00
18850.00
18810.00
18810.00
18610.00
18460.00
18370.00
18270.00
18200.00
18210.00
18210.00
18260.00
18390.00
18490.00
18730.00
18830.00
18840.00
18750.00
18690.00
18510.00
18390.00
18330.00
18250.00
18060.00
17870.00
17700.00
