39970.00
40580.00
40870.00
40870.00
40860.00
40570.00
40050.00
39190.00
38220.00
37500.00
36670.00
36080.00
35610.00
35360.00
35050.00
34640.00
34280.00
34140.00
34120.00
34220.00
34550.00
34840.00
35060.00
35330.00
35640.00
35950.00
36550.00
37250.00
37730.00
38120.00
38600.00
38550.00
38440.00
38900.00
39010.00
38960.00
39050.00
39270.00
38880.00
38650.00
38380.00
38070.00
37540.00
37100.00
37140.00
37040.00
36730.00
36770.00
36680.00
36810.00
37000.00
37880.00
38590.00
39300.00
39440.00
39750.00
39510.00
39090.00
38940.00
38760.00
38350.00
38110.00
37850.00
37480.00
37320.00
37220.00
37290.00
37430.00
37720.00
37900.00
38140.00
38220.00
38210.00
38030.00
37670.00
37290.00
37130.00
37110.00
36870.00
36970.00
37000.00
36410.00
35870.00
35260.00
34610.00
34090.00
34040.00
34000.00
34250.00
34220.00
34280.00
34280.00
34390.00
34440.00
34490.00
34340.00
34130.00
33810.00
33450.00
33200.00
33070.00
33090.00
33260.00
33620.00
33950.00
34290.00
34610.00
34550.00
34390.00
34230.00
34050.00
33830.00
33670.00
33350.00
33030.00
32720.00
32180.00
