7252.00
7212.00
7186.00
7176.00
7162.00
7176.00
7166.00
7176.00
7238.00
7334.00
7426.00
7510.00
7610.00
7686.00
7742.00
7768.00
7786.00
7786.00
7732.00
7680.00
7650.00
7632.00
7620.00
7686.00
7742.00
7790.00
7938.00
8112.00
8240.00
8264.00
8278.00
8168.00
8002.00
7840.00
7730.00
7652.00
7620.00
7606.00
7556.00
7546.00
7510.00
7506.00
7524.00
7584.00
7650.00
7782.00
7918.00
7982.00
8016.00
8082.00
8060.00
8036.00
8044.00
8060.00
8034.00
8060.00
8070.00
8090.00
8122.00
8154.00
8174.00
8146.00
8128.00
8128.00
8190.00
8218.00
8240.00
8282.00
8316.00
8302.00
8346.00
8444.00
8524.00
8588.00
8596.00
8534.00
8416.00
8296.00
8166.00
8054.00
7986.00
7900.00
7832.00
7772.00
7762.00
7712.00
7656.00
7570.00
7474.00
7368.00
7330.00
7302.00
7278.00
7264.00
7268.00
7220.00
7198.00
7148.00
7114.00
7066.00
7068.00
7086.00
7150.00
7242.00
7316.00
7386.00
7524.00
7650.00
7654.00
7678.00
7686.00
7608.00
7522.00
7514.00
7470.00
7436.00
7410.00
