28960.00
29010.00
28930.00
28940.00
28940.00
28860.00
28800.00
28880.00
28880.00
28870.00
28920.00
28950.00
28940.00
28930.00
28930.00
28890.00
28810.00
28750.00
28590.00
28430.00
28200.00
28090.00
28010.00
27970.00
27860.00
27840.00
27740.00
27670.00
27670.00
27740.00
27830.00
27870.00
27860.00
27840.00
27720.00
27490.00
27450.00
27400.00
27340.00
27480.00
27760.00
27870.00
27990.00
28040.00
28000.00
27940.00
27920.00
27870.00
27920.00
28000.00
27980.00
27990.00
27980.00
27990.00
27950.00
27910.00
27840.00
27850.00
27810.00
27740.00
27760.00
27720.00
27590.00
27500.00
27510.00
27510.00
27460.00
27330.00
27160.00
26920.00
26650.00
26570.00
26630.00
26530.00
26490.00
26500.00
26470.00
26330.00
26370.00
26390.00
26550.00
26510.00
26610.00
26650.00
26720.00
26670.00
26770.00
26790.00
26860.00
26880.00
26750.00
26650.00
26590.00
26580.00
26530.00
26560.00
26470.00
26410.00
26300.00
26260.00
26270.00
26350.00
26380.00
26380.00
26310.00
26240.00
26200.00
26160.00
26170.00
26170.00
26100.00
26040.00
26050.00
26110.00
26190.00
26200.00
26270.00
