7966.00
8052.00
8164.00
8238.00
8256.00
8336.00
8346.00
8332.00
8318.00
8320.00
8294.00
8284.00
8284.00
8282.00
8290.00
8276.00
8246.00
8212.00
8198.00
8150.00
8150.00
8132.00
8130.00
8128.00
8180.00
8190.00
8222.00
8240.00
8234.00
8228.00
8228.00
8238.00
8258.00
8312.00
8356.00
8406.00
8454.00
8502.00
8490.00
8460.00
8458.00
8422.00
8438.00
8506.00
8590.00
8656.00
8758.00
8790.00
8802.00
8802.00
8788.00
8780.00
8790.00
8768.00
8778.00
8784.00
8764.00
8716.00
8694.00
8658.00
8656.00
8672.00
8722.00
8760.00
8794.00
8796.00
8758.00
8704.00
8636.00
8566.00
8480.00
8430.00
8332.00
8306.00
8262.00
8232.00
8204.00
8216.00
8174.00
8132.00
8080.00
8032.00
7986.00
7930.00
7890.00
7882.00
7928.00
7982.00
8014.00
8040.00
8038.00
7970.00
7866.00
7816.00
7752.00
7674.00
7606.00
7552.00
7486.00
7452.00
7418.00
7394.00
7420.00
7476.00
7526.00
7614.00
7640.00
7620.00
7568.00
7492.00
7404.00
7376.00
7370.00
7342.00
7342.00
7334.00
7312.00
