2542.00
2536.00
2520.00
2491.00
2475.00
2472.00
2490.00
2495.00
2489.00
2464.00
2460.00
2436.00
2450.00
2473.00
2497.00
2510.00
2514.00
2518.00
2526.00
2536.00
2582.00
2619.00
2654.00
2676.00
2687.00
2653.00
2638.00
2588.00
2524.00
2463.00
2416.00
2372.00
2353.00
2362.00
2346.00
2343.00
2337.00
2319.00
2266.00
2244.00
2203.00
2170.00
2154.00
2190.00
2218.00
2254.00
2284.00
2298.00
2289.00
2275.00
2236.00
2207.00
2170.00
2138.00
2138.00
2166.00
2177.00
2208.00
2231.00
2239.00
2235.00
2247.00
2247.00
2258.00
2274.00
2291.00
2305.00
2321.00
2311.00
2303.00
2296.00
2287.00
2310.00
2332.00
2370.00
2414.00
2437.00
2429.00
2439.00
2425.00
2402.00
2373.00
2345.00
2308.00
2274.00
2274.00
2397.00
2531.00
2658.00
2786.00
2886.00
2915.00
2907.00
2877.00
2847.00
2825.00
2788.00
2773.00
2794.00
2817.00
2854.00
2867.00
2924.00
3040.00
3125.00
3209.00
3265.00
3297.00
3287.00
3310.00
3306.00
3358.00
3452.00
3500.00
3524.00
3508.00
3462.00
