1822.00
1811.00
1810.00
1803.00
1801.00
1808.00
1839.00
1856.00
1896.00
1968.00
1997.00
2012.00
2035.00
2037.00
2007.00
2052.00
2088.00
2109.00
2110.00
2111.00
2081.00
2055.00
2045.00
2050.00
2051.00
2071.00
2081.00
2102.00
2117.00
2121.00
2095.00
2079.00
2042.00
2012.00
1963.00
1946.00
1925.00
1914.00
1898.00
1913.00
1912.00
1905.00
1881.00
1873.00
1843.00
1823.00
1799.00
1794.00
1747.00
1725.00
1689.00
1667.00
1632.00
1629.00
1623.00
1633.00
1634.00
1653.00
1672.00
1686.00
1677.00
1672.00
1656.00
1661.00
1668.00
1677.00
1675.00
1682.00
1661.00
1651.00
1642.00
1638.00
1625.00
1611.00
1580.00
1568.00
1556.00
1555.00
1558.00
1560.00
1547.00
1518.00
1491.00
1462.00
1448.00
1444.00
1452.00
1445.00
1435.00
1423.00
1402.00
1384.00
1372.00
1367.00
1362.00
1353.00
1340.00
1332.00
1324.00
1314.00
1311.00
1331.00
1344.00
1362.00
1373.00
1382.00
1372.00
1391.00
1393.00
1399.00
1407.00
1421.00
1405.00
1405.00
1402.00
1398.00
1391.00
