4800.00
4793.00
4788.00
4792.00
4787.00
4778.00
4755.00
4716.00
4693.00
4681.00
4672.00
4669.00
4692.00
4703.00
4728.00
4756.00
4797.00
4821.00
4844.00
4862.00
4874.00
4874.00
4887.00
4899.00
4890.00
4852.00
4811.00
4770.00
4731.00
4701.00
4691.00
4688.00
4685.00
4677.00
4654.00
4651.00
4650.00
4645.00
4637.00
4647.00
4638.00
4625.00
4610.00
4599.00
4586.00
4584.00
4582.00
4589.00
4595.00
4550.00
4501.00
4451.00
4404.00
4360.00
4369.00
4392.00
4424.00
4445.00
4464.00
4476.00
4476.00
4464.00
4464.00
4469.00
4475.00
4484.00
4494.00
4519.00
4550.00
4579.00
4603.00
4624.00
4621.00
4613.00
4609.00
4605.00
4600.00
4599.00
4597.00
4591.00
4585.00
4557.00
4543.00
4509.00
4493.00
4473.00
4457.00
4411.00
4376.00
4301.00
4239.00
4196.00
4151.00
4099.00
4086.00
4051.00
4015.00
3986.00
3970.00
3952.00
3944.00
3940.00
3946.00
3976.00
3999.00
4034.00
4051.00
4080.00
4080.00
4071.00
4053.00
4050.00
4032.00
4018.00
4003.00
3995.00
3987.00
