4441.00
4518.00
4588.00
4651.00
4662.00
4687.00
4693.00
4709.00
4738.00
4787.00
4814.00
4831.00
4862.00
4870.00
4845.00
4840.00
4838.00
4828.00
4827.00
4845.00
4839.00
4829.00
4855.00
4879.00
4900.00
4920.00
4935.00
4907.00
4884.00
4863.00
4846.00
4841.00
4847.00
4847.00
4823.00
4818.00
4806.00
4783.00
4748.00
4714.00
4653.00
4625.00
4592.00
4580.00
4582.00
4611.00
4613.00
4624.00
4620.00
4616.00
4590.00
4567.00
4535.00
4486.00
4436.00
4418.00
4388.00
4373.00
4372.00
4388.00
4402.00
4421.00
4440.00
4480.00
4513.00
4536.00
4557.00
4626.00
4762.00
4893.00
5024.00
5206.00
5338.00
5404.00
5476.00
5548.00
5564.00
5568.00
5582.00
5558.00
5520.00
5486.00
5452.00
5356.00
5314.00
5312.00
5310.00
5308.00
5344.00
5358.00
5328.00
5290.00
5252.00
5216.00
5184.00
5162.00
5196.00
5244.00
5298.00
5350.00
5380.00
5340.00
5318.00
5294.00
5284.00
5274.00
5304.00
5356.00
5378.00
5424.00
5526.00
5662.00
5720.00
5756.00
5758.00
5744.00
5660.00
