32910.00
32940.00
33130.00
33620.00
33630.00
33590.00
33370.00
33260.00
32930.00
32600.00
32330.00
32220.00
32320.00
32490.00
32640.00
32690.00
32740.00
32670.00
32640.00
32720.00
32840.00
32870.00
32900.00
33120.00
33290.00
33420.00
33630.00
34170.00
34540.00
35110.00
35810.00
36490.00
37100.00
37650.00
37830.00
38270.00
38450.00
38120.00
38050.00
38100.00
37940.00
37920.00
37860.00
37780.00
37840.00
38040.00
38220.00
38920.00
39250.00
39650.00
39640.00
39630.00
39410.00
39210.00
39060.00
39200.00
39240.00
39230.00
39280.00
39090.00
38820.00
38720.00
38780.00
38870.00
39390.00
40110.00
40390.00
40600.00
40910.00
40950.00
40470.00
40300.00
40030.00
39730.00
39270.00
39270.00
39620.00
39950.00
40250.00
40490.00
40250.00
39500.00
38810.00
38210.00
37730.00
37460.00
37480.00
37290.00
36810.00
36120.00
35610.00
35040.00
34720.00
34540.00
34950.00
34940.00
34890.00
34740.00
34900.00
34960.00
35390.00
35930.00
36300.00
36380.00
36050.00
35580.00
34970.00
34570.00
34290.00
34120.00
34030.00
34050.00
34000.00
33750.00
33450.00
33250.00
33110.00
