2261.57
2276.49
2290.54
2291.42
2319.51
2334.43
2355.51
2380.09
2471.40
2567.09
2635.57
2685.61
2726.88
2707.56
2675.08
2664.54
2625.91
2575.87
2537.24
2483.69
2429.25
2404.67
2397.65
2374.82
2351.12
2329.17
2305.46
2281.76
2259.81
2247.52
2220.30
2209.77
2192.21
2186.06
2143.92
2136.90
2125.49
2118.46
2094.76
2097.39
2057.89
2020.13
1972.73
1942.00
1911.27
1909.52
1897.23
1905.13
1892.84
1885.81
1869.13
1856.84
1823.48
1798.02
1776.07
1771.68
1769.92
1803.28
1837.52
1872.64
1891.95
1905.12
1899.86
1902.49
1909.51
1915.66
1915.66
1912.15
1897.22
1886.69
1878.79
1877.91
1870.89
1862.11
1837.52
1816.45
1798.89
1789.23
1785.72
1786.60
1782.21
1764.65
1742.71
1713.73
1689.15
1677.74
1669.84
1663.69
1667.20
1671.59
1672.47
1688.27
1688.27
1673.35
1661.94
1638.23
1604.87
1591.70
1593.46
1590.83
1539.03
1491.62
1452.99
1416.99
1383.63
1402.94
1415.24
1431.92
1534.63
1605.75
1669.84
1718.12
1750.61
1694.42
1656.67
1653.13
1666.78
