1856.00
1843.00
1833.00
1816.00
1808.00
1804.00
1815.00
1846.00
1861.00
1871.00
1877.00
1857.00
1837.00
1827.00
1821.00
1811.00
1810.00
1803.00
1798.00
1793.00
1796.00
1808.00
1809.00
1812.00
1807.00
1800.00
1783.00
1784.00
1790.00
1797.00
1809.00
1815.00
1781.00
1743.00
1713.00
1691.00
1670.00
1673.00
1654.00
1631.00
1588.00
1565.00
1545.00
1541.00
1529.00
1521.00
1542.00
1542.00
1545.00
1571.00
1611.00
1613.00
1626.00
1628.00
1615.00
1612.00
1619.00
1656.00
1712.00
1764.00
1827.00
1970.00
2119.00
2269.00
2446.00
2638.00
2719.00
2748.00
2739.00
2754.00
2691.00
2628.00
2578.00
2508.00
2401.00
2310.00
2234.00
2198.00
2199.00
2178.00
2156.00
2129.00
2070.00
2031.00
2037.00
2078.00
2130.00
2196.00
2239.00
2231.00
2203.00
2217.00
2208.00
2216.00
2282.00
2356.00
2332.00
2300.00
2245.00
2154.00
2062.00
2025.00
2007.00
2009.00
2008.00
1997.00
1965.00
1934.00
1894.00
1852.00
1818.00
1800.00
1771.00
1742.00
1739.00
1732.00
1719.00
