7362.00
7386.00
7414.00
7458.00
7464.00
7464.00
7466.00
7480.00
7506.00
7526.00
7512.00
7492.00
7472.00
7440.00
7406.00
7386.00
7394.00
7412.00
7460.00
7486.00
7504.00
7474.00
7430.00
7358.00
7312.00
7308.00
7330.00
7368.00
7414.00
7610.00
7762.00
7958.00
8156.00
8354.00
8352.00
8500.00
8538.00
8490.00
8446.00
8502.00
8376.00
8328.00
8282.00
8266.00
8216.00
8224.00
8184.00
8194.00
8150.00
8080.00
7946.00
7890.00
7860.00
7796.00
7754.00
7794.00
7772.00
7740.00
7772.00
7794.00
7800.00
7810.00
7834.00
7848.00
7914.00
8020.00
8064.00
8076.00
8030.00
7944.00
7820.00
7740.00
7660.00
7650.00
7614.00
7618.00
7696.00
7848.00
7932.00
8076.00
8176.00
8134.00
8028.00
7916.00
7758.00
7586.00
7508.00
7420.00
7362.00
7312.00
7250.00
7170.00
7118.00
7082.00
7048.00
7012.00
6982.00
6964.00
6938.00
6918.00
6930.00
6968.00
6984.00
7000.00
7008.00
7014.00
6998.00
6956.00
6896.00
6836.00
6766.00
6708.00
6676.00
6656.00
6620.00
6600.00
6594.00
