5873.94
5900.46
5911.07
5978.26
6041.92
6110.88
6142.70
6167.46
6183.37
6262.94
6310.68
6416.78
6508.72
6611.28
6644.87
6685.54
6678.46
6673.16
6605.97
6568.84
6545.85
6514.02
6462.75
6443.30
6388.48
6344.28
6312.45
6317.75
6255.87
6192.21
6128.56
6094.96
6050.76
6040.15
6041.92
6063.14
6070.21
6064.90
6034.84
5987.10
5921.68
5831.50
5766.08
5741.32
5713.03
5658.22
5686.51
5707.73
5739.55
5783.76
5831.50
5836.80
5792.60
5659.99
5564.50
5486.70
5377.08
5329.33
5354.09
5366.47
5380.61
5419.51
5454.88
5506.15
5559.20
5599.87
5605.17
5629.93
5619.32
5608.71
5596.33
5598.10
5575.11
5571.58
5525.60
5518.53
5525.60
5569.81
5617.55
5667.06
5720.11
5709.50
5644.07
5578.65
5534.45
5461.95
5423.05
5331.10
5180.81
5035.81
4894.36
4738.76
4694.55
4671.57
4664.49
4655.65
4687.48
4652.12
4372.74
4015.57
3651.32
3286.19
2949.35
2897.19
2915.75
2944.93
2968.80
2981.17
2981.17
2972.33
2959.07
2940.50
2932.55
2913.10
2879.50
2844.14
2812.31
