3424.00
3458.00
3480.00
3500.00
3511.00
3524.00
3536.00
3547.00
3552.00
3557.00
3567.00
3580.00
3602.00
3637.00
3673.00
3701.00
3726.00
3744.00
3744.00
3739.00
3731.00
3722.00
3714.00
3727.00
3744.00
3765.00
3787.00
3822.00
3848.00
3878.00
3925.00
3967.00
3997.00
4025.00
4039.00
4038.00
4034.00
4032.00
4022.00
4017.00
4015.00
4018.00
4014.00
4017.00
4014.00
3994.00
3968.00
3927.00
3891.00
3863.00
3847.00
3834.00
3850.00
3844.00
3836.00
3828.00
3832.00
3823.00
3828.00
3836.00
3846.00
3845.00
3843.00
3848.00
3842.00
3857.00
3901.00
3953.00
4002.00
4055.00
4090.00
4087.00
4070.00
4051.00
4033.00
4015.00
4005.00
4005.00
3994.00
3996.00
3994.00
3991.00
3986.00
3993.00
3990.00
3986.00
3989.00
4000.00
4028.00
4047.00
4067.00
4068.00
4063.00
4046.00
4027.00
3998.00
3982.00
3974.00
3963.00
3962.00
3970.00
3981.00
3987.00
4002.00
4037.00
4076.00
4118.00
4143.00
4158.00
4141.00
4128.00
4121.00
4143.00
4165.00
4193.00
4233.00
4276.00
