4842.00
4939.00
5011.00
5137.00
5219.00
5262.00
5234.00
5286.00
5464.00
5930.00
6390.00
6890.00
7336.00
7634.00
7604.00
7598.00
7466.00
7314.00
7188.00
7082.00
6964.00
6930.00
6900.00
6802.00
6730.00
6632.00
6536.00
6492.00
6434.00
6316.00
6206.00
6156.00
6054.00
6020.00
5964.00
5970.00
5954.00
5980.00
5942.00
5980.00
5966.00
5916.00
5818.00
5770.00
5672.00
5616.00
5574.00
5606.00
5570.00
5558.00
5498.00
5432.00
5322.00
5262.00
5230.00
5302.00
5374.00
5482.00
5626.00
5748.00
5816.00
5862.00
5876.00
5866.00
5892.00
5888.00
5866.00
5880.00
5868.00
5844.00
5834.00
5828.00
5750.00
5712.00
5642.00
5618.00
5624.00
5676.00
5694.00
5732.00
5710.00
5656.00
5570.00
5510.00
5474.00
5482.00
5514.00
5540.00
5538.00
5488.00
5412.00
5308.00
5199.00
5101.00
5055.00
4980.00
4941.00
4947.00
4962.00
4974.00
5013.00
5066.00
5117.00
5206.00
5276.00
5368.00
5504.00
5650.00
5792.00
5964.00
6022.00
5954.00
5870.00
5748.00
5588.00
5514.00
5500.00
