25450.00
25720.00
25930.00
26050.00
26030.00
25790.00
25410.00
25090.00
24860.00
24720.00
24640.00
24610.00
24510.00
24420.00
24380.00
24450.00
24460.00
24570.00
24650.00
24560.00
24450.00
24410.00
24360.00
24420.00
24600.00
24670.00
25000.00
25290.00
25410.00
25490.00
25730.00
25660.00
25610.00
25590.00
25570.00
25590.00
25570.00
25520.00
25400.00
25250.00
24940.00
24790.00
24650.00
24720.00
24960.00
25080.00
25090.00
25150.00
24990.00
24670.00
24410.00
24310.00
24180.00
24150.00
24300.00
24620.00
24960.00
25230.00
25740.00
26190.00
26480.00
26600.00
26780.00
26710.00
26690.00
26720.00
26710.00
26640.00
26560.00
26340.00
26050.00
25870.00
25640.00
25370.00
25000.00
24870.00
24740.00
24830.00
24980.00
25060.00
25010.00
24800.00
24560.00
24280.00
24170.00
24040.00
23920.00
23750.00
23600.00
23350.00
23110.00
22940.00
22720.00
22490.00
22310.00
22100.00
21930.00
21800.00
21760.00
21730.00
21730.00
21800.00
21880.00
21880.00
21970.00
22110.00
22180.00
22170.00
22480.00
22600.00
22700.00
22910.00
23100.00
23110.00
23210.00
23310.00
23250.00
