2001.00
1993.00
1949.00
1932.00
1896.00
1876.00
1867.00
1866.00
1849.00
1871.00
1877.00
1899.00
1929.00
1964.00
1977.00
1996.00
1998.00
1997.00
1992.00
2001.00
2013.00
2017.00
2087.00
2149.00
2189.00
2229.00
2274.00
2205.00
2148.00
2088.00
2033.00
1977.00
1971.00
1979.00
1961.00
1944.00
1939.00
1925.00
1892.00
1876.00
1846.00
1816.00
1787.00
1781.00
1786.00
1813.00
1830.00
1846.00
1842.00
1830.00
1809.00
1790.00
1777.00
1766.00
1779.00
1797.00
1814.00
1835.00
1864.00
1880.00
1900.00
1915.00
1928.00
1940.00
1955.00
1967.00
1973.00
1983.00
1982.00
1979.00
1972.00
1969.00
1954.00
1936.00
1918.00
1904.00
1892.00
1891.00
1896.00
1890.00
1877.00
1856.00
1828.00
1799.00
1782.00
1773.00
1778.00
1790.00
1823.00
1832.00
1829.00
1825.00
1808.00
1770.00
1759.00
1758.00
1775.00
1798.00
1817.00
1838.00
1857.00
1866.00
1867.00
1878.00
1894.00
1903.00
1899.00
1906.00
1903.00
1897.00
1902.00
1906.00
1901.00
1893.00
1868.00
1838.00
1810.00
