196.20
198.00
198.60
201.00
202.20
203.40
204.00
204.60
204.60
205.00
205.40
205.60
205.80
205.40
205.20
203.60
203.20
202.40
202.00
201.00
201.80
201.20
201.60
202.00
202.60
202.00
202.00
202.80
203.80
203.80
204.00
204.00
203.00
201.40
199.60
199.20
198.80
198.00
197.00
196.80
195.40
192.80
191.40
190.60
190.00
189.80
190.80
190.60
190.20
190.00
189.00
188.20
186.80
185.80
185.00
185.00
185.20
187.20
200.20
215.60
228.20
244.00
259.80
261.80
260.60
262.60
262.20
259.80
259.20
259.80
259.20
257.00
253.80
249.80
243.80
239.40
232.80
233.00
231.80
230.80
227.80
225.40
219.60
216.00
213.40
212.80
212.80
211.00
210.20
209.20
209.20
214.00
221.80
229.40
236.40
238.40
237.00
234.00
228.40
222.60
221.40
222.20
236.00
259.40
284.20
309.40
333.40
364.60
388.60
414.00
438.00
456.20
455.60
462.80
481.80
504.80
538.60
