6878.00
6974.00
7130.00
7328.00
7402.00
7516.00
7526.00
7514.00
7530.00
7584.00
7588.00
7594.00
7642.00
7762.00
7868.00
8004.00
8136.00
8248.00
8258.00
8298.00
8286.00
8250.00
8230.00
8286.00
8302.00
8326.00
8392.00
8452.00
8432.00
8416.00
8418.00
8416.00
8382.00
8354.00
8308.00
8296.00
8240.00
8220.00
8182.00
8156.00
8098.00
8104.00
8114.00
8168.00
8218.00
8268.00
8278.00
8248.00
8272.00
8288.00
8210.00
8118.00
8042.00
7822.00
7644.00
7602.00
7582.00
7598.00
7672.00
7740.00
7774.00
7818.00
7838.00
7864.00
7900.00
7930.00
7936.00
7976.00
7982.00
7980.00
7986.00
7984.00
7938.00
7916.00
7872.00
7864.00
7882.00
7954.00
8062.00
8196.00
8270.00
8248.00
8184.00
8030.00
7856.00
7756.00
7700.00
7632.00
7584.00
7544.00
7462.00
7392.00
7314.00
7294.00
7292.00
7240.00
7222.00
7226.00
7240.00
7272.00
7322.00
7368.00
7418.00
7460.00
7452.00
7498.00
7526.00
7514.00
7458.00
7414.00
7354.00
7296.00
7260.00
7244.00
7200.00
7126.00
7030.00
