10092.00
10122.00
10200.00
10300.00
10330.00
10360.00
10350.00
10380.00
10420.00
10510.00
10590.00
10630.00
10650.00
10630.00
10560.00
10500.00
10510.00
10570.00
10610.00
10660.00
10740.00
10770.00
10740.00
10770.00
10880.00
10930.00
10980.00
10990.00
10970.00
10910.00
10860.00
10830.00
10890.00
10970.00
10960.00
10990.00
11030.00
11000.00
10890.00
10840.00
10750.00
10710.00
10680.00
10730.00
10800.00
10900.00
10910.00
10910.00
10880.00
10840.00
10730.00
10710.00
10680.00
10660.00
10610.00
10640.00
10600.00
10620.00
10660.00
10710.00
10730.00
10770.00
10750.00
10700.00
10670.00
10690.00
10770.00
10890.00
11030.00
11180.00
11320.00
11320.00
11360.00
11390.00
11320.00
11260.00
11270.00
11330.00
11370.00
11470.00
11500.00
11410.00
11180.00
10950.00
10730.00
10580.00
10530.00
10550.00
10530.00
10520.00
10470.00
10430.00
10350.00
10290.00
10250.00
10210.00
10190.00
10150.00
10210.00
10230.00
10260.00
10290.00
10370.00
10400.00
10430.00
10480.00
10510.00
10490.00
10430.00
10410.00
10380.00
10340.00
10310.00
10290.00
10270.00
10220.00
10190.00
