4525.00
4520.00
4505.00
4512.00
4508.00
4507.00
4508.00
4514.00
4523.00
4557.00
4617.00
4687.00
4761.00
4808.00
4834.00
4828.00
4815.00
4817.00
4833.00
4863.00
4896.00
4902.00
4888.00
4876.00
4882.00
4897.00
4934.00
4978.00
5014.00
5058.00
5080.00
5082.00
5098.00
5092.00
5051.00
5031.00
5039.00
5027.00
5014.00
5011.00
5003.00
4986.00
4972.00
4973.00
4977.00
4971.00
4962.00
4946.00
4931.00
4906.00
4876.00
4859.00
4848.00
4823.00
4808.00
4810.00
4861.00
4942.00
5056.00
5176.00
5388.00
5596.00
5804.00
6032.00
6238.00
6330.00
6348.00
6326.00
6270.00
6222.00
6200.00
6196.00
6192.00
6166.00
6146.00
6124.00
6106.00
6114.00
6136.00
6154.00
6170.00
6146.00
6054.00
5920.00
5830.00
5748.00
5682.00
5660.00
5672.00
5600.00
5502.00
5418.00
5364.00
5292.00
5296.00
5324.00
5372.00
5424.00
5454.00
5424.00
5390.00
5374.00
5328.00
5356.00
5406.00
5442.00
5428.00
5446.00
5446.00
5438.00
5444.00
5468.00
5446.00
5416.00
5392.00
5376.00
5362.00
