2610.00
2631.00
2710.00
2785.00
2900.00
3042.00
3111.00
3092.00
3074.00
3019.00
2946.00
2933.00
2924.00
2927.00
2932.00
2980.00
3002.00
3083.00
3140.00
3161.00
3172.00
3179.00
3133.00
3145.00
3198.00
3258.00
3333.00
3434.00
3480.00
3514.00
3528.00
3544.00
3528.00
3531.00
3517.00
3500.00
3397.00
3323.00
3270.00
3217.00
3275.00
3404.00
3543.00
3642.00
3675.00
3629.00
3571.00
3518.00
3467.00
3489.00
3431.00
3378.00
3284.00
3187.00
3082.00
3027.00
2969.00
2930.00
2931.00
2948.00
2962.00
2967.00
2977.00
2988.00
3007.00
3025.00
3051.00
3072.00
3057.00
3038.00
3037.00
3034.00
3013.00
2995.00
2968.00
2942.00
2925.00
2928.00
2947.00
2970.00
2988.00
2969.00
2947.00
2924.00
2920.00
2914.00
2940.00
2948.00
2938.00
2901.00
2837.00
2755.00
2691.00
2641.00
2606.00
2577.00
2569.00
2562.00
2555.00
2551.00
2566.00
2614.00
2673.00
2736.00
2796.00
2856.00
2868.00
2870.00
2863.00
2862.00
2863.00
2882.00
2884.00
2890.00
2871.00
2872.00
2864.00
