326.54
326.71
326.89
327.60
328.13
328.66
328.48
328.48
328.31
328.31
328.31
328.66
328.66
328.66
328.48
328.48
328.13
327.95
331.01
334.06
336.74
339.60
342.47
342.09
341.35
340.61
340.98
340.98
340.79
341.54
342.09
345.81
348.60
350.09
349.53
349.16
344.88
341.54
339.87
339.68
339.49
339.31
339.31
339.31
339.87
341.17
341.91
344.32
347.86
349.53
350.64
351.76
351.39
349.90
350.83
351.94
353.24
354.73
356.03
356.22
356.22
356.77
357.33
358.26
359.19
360.49
361.23
361.42
361.23
361.79
363.84
365.88
369.78
373.68
377.03
378.70
379.26
378.52
377.03
375.36
374.06
373.87
373.31
373.87
375.54
377.96
379.82
382.98
385.21
385.39
384.65
383.72
381.86
380.75
381.67
382.60
384.83
387.25
389.48
391.52
393.20
394.31
395.24
396.17
396.73
397.10
397.47
397.66
397.66
397.10
396.35
395.80
394.68
393.94
392.82
392.45
391.89
