171100.00
173300.00
176300.00
178400.00
179200.00
179800.00
179500.00
179700.00
180500.00
181200.00
181500.00
181900.00
181300.00
181700.00
181600.00
182400.00
183400.00
185200.00
185300.00
186200.00
185800.00
185800.00
184800.00
184400.00
184000.00
183700.00
183900.00
184800.00
186400.00
187300.00
187700.00
187200.00
185800.00
185000.00
185000.00
184900.00
185700.00
187900.00
188300.00
189100.00
190100.00
190500.00
189300.00
189300.00
189400.00
190300.00
191300.00
193200.00
194200.00
194800.00
194400.00
192900.00
191400.00
189700.00
186500.00
184600.00
183600.00
182800.00
182200.00
183300.00
184100.00
184700.00
184700.00
185100.00
185100.00
186700.00
188000.00
189600.00
190600.00
191800.00
191100.00
191400.00
191700.00
191300.00
190400.00
189800.00
187600.00
185500.00
183800.00
181900.00
179700.00
177000.00
174500.00
172000.00
169800.00
168600.00
168400.00
167900.00
167400.00
167900.00
167400.00
167700.00
167100.00
167000.00
165500.00
164500.00
163600.00
163600.00
163500.00
163900.00
163700.00
162800.00
162300.00
162100.00
161800.00
161800.00
161600.00
160600.00
159800.00
159400.00
159300.00
159600.00
160200.00
160400.00
160600.00
160500.00
160100.00
