335400.00
336700.00
338500.00
337000.00
337500.00
338100.00
338200.00
338900.00
340300.00
340000.00
340300.00
340600.00
340200.00
339000.00
337300.00
336000.00
334800.00
335600.00
335500.00
336900.00
338200.00
339100.00
337000.00
336700.00
336600.00
335900.00
335400.00
335800.00
336100.00
334700.00
333700.00
332700.00
331500.00
329200.00
327100.00
325100.00
323200.00
322600.00
322100.00
322200.00
323600.00
324700.00
325100.00
326300.00
327600.00
328100.00
329400.00
330000.00
330200.00
329600.00
327600.00
325900.00
325400.00
324200.00
323600.00
324300.00
324600.00
324300.00
324900.00
324800.00
325600.00
326200.00
326900.00
326800.00
327600.00
327000.00
326100.00
324300.00
323000.00
320800.00
318900.00
317500.00
316800.00
316000.00
316000.00
316300.00
315800.00
315200.00
314300.00
313600.00
312200.00
310400.00
307600.00
305400.00
300700.00
295700.00
291800.00
287800.00
284700.00
283700.00
282200.00
281900.00
281800.00
280500.00
280700.00
281600.00
280400.00
280600.00
281300.00
280800.00
280700.00
280900.00
281800.00
282600.00
283200.00
284400.00
287200.00
288000.00
290300.00
292800.00
294800.00
296300.00
298600.00
299800.00
299700.00
299700.00
298800.00
