563.74
563.74
562.54
564.14
566.54
566.94
568.54
568.14
567.74
568.94
571.33
569.34
570.13
571.33
571.73
570.13
573.73
578.52
582.92
589.71
597.70
603.70
606.89
609.29
606.49
604.09
601.30
601.30
601.30
605.29
610.49
647.64
661.23
651.64
666.60
677.13
660.40
661.35
688.69
685.46
681.70
670.93
659.10
638.65
631.66
621.43
610.14
609.06
611.21
604.22
599.91
597.76
595.07
589.15
583.23
578.93
577.32
573.55
575.16
577.85
581.08
583.23
582.70
584.31
583.23
584.31
590.23
598.84
603.14
607.45
609.06
606.37
600.45
595.61
591.30
587.54
583.77
581.62
584.85
587.54
596.69
604.76
649.41
724.20
760.79
794.15
821.05
800.60
746.80
760.25
790.92
885.07
984.61
1044.87
1065.86
1075.00
1019.58
965.24
950.71
942.64
916.28
898.52
887.23
870.55
881.31
936.19
966.32
1001.83
1027.12
1018.51
978.16
953.41
921.12
908.21
902.29
888.84
885.61
