6124.00
6188.00
6280.00
6408.00
6490.00
6556.00
6580.00
6588.00
6578.00
6622.00
6664.00
6728.00
6804.00
6870.00
6900.00
6928.00
6944.00
6964.00
6972.00
6970.00
6980.00
6998.00
7048.00
7128.00
7216.00
7300.00
7410.00
7478.00
7498.00
7512.00
7506.00
7494.00
7486.00
7506.00
7482.00
7484.00
7448.00
7382.00
7318.00
7272.00
7210.00
7190.00
7214.00
7218.00
7252.00
7270.00
7266.00
7230.00
7208.00
7168.00
7110.00
7024.00
6974.00
6898.00
6916.00
6978.00
7052.00
7122.00
7216.00
7242.00
7286.00
7342.00
7380.00
7408.00
7450.00
7466.00
7478.00
7494.00
7508.00
7498.00
7478.00
7460.00
7442.00
7424.00
7386.00
7380.00
7382.00
7408.00
7490.00
7614.00
7776.00
7920.00
8140.00
8532.00
9252.00
9792.00
10162.00
10400.00
10320.00
9892.00
9530.00
9292.00
9088.00
8948.00
8804.00
8690.00
8558.00
8462.00
8380.00
8400.00
8468.00
8590.00
8696.00
8860.00
8886.00
8884.00
8948.00
9148.00
9292.00
9446.00
9560.00
9626.00
9536.00
9454.00
9356.00
9296.00
9240.00
