2692.00
2703.00
2723.00
2737.00
2737.00
2740.00
2746.00
2777.00
2802.00
2833.00
2858.00
2868.00
2853.00
2839.00
2794.00
2757.00
2747.00
2727.00
2706.00
2716.00
2722.00
2703.00
2701.00
2696.00
2690.00
2682.00
2684.00
2679.00
2675.00
2663.00
2652.00
2640.00
2627.00
2622.00
2613.00
2605.00
2608.00
2611.00
2611.00
2612.00
2610.00
2605.00
2605.00
2605.00
2615.00
2630.00
2626.00
2619.00
2611.00
2601.00
2590.00
2589.00
2583.00
2576.00
2567.00
2558.00
2550.00
2549.00
2549.00
2549.00
2548.00
2547.00
2545.00
2549.00
2559.00
2576.00
2588.00
2600.00
2601.00
2602.00
2596.00
2598.00
2600.00
2603.00
2599.00
2598.00
2586.00
2578.00
2574.00
2569.00
2569.00
2571.00
2578.00
2583.00
2593.00
2598.00
2613.00
2613.00
2613.00
2609.00
2601.00
2583.00
2570.00
2563.00
2558.00
2551.00
2550.00
2554.00
2550.00
2546.00
2547.00
2548.00
2546.00
2549.00
2556.00
2552.00
2553.00
2555.00
2564.00
2573.00
2595.00
2611.00
2623.00
2625.00
2628.00
2621.00
2612.00
