5094.00
5082.00
5092.00
5104.00
5098.00
5086.00
5094.00
5088.00
5086.00
5084.00
5082.00
5082.00
5114.00
5154.00
5188.00
5224.00
5238.00
5230.00
5234.00
5242.00
5246.00
5270.00
5274.00
5248.00
5250.00
5258.00
5262.00
5280.00
5320.00
5352.00
5406.00
5456.00
5506.00
5546.00
5538.00
5536.00
5540.00
5566.00
5598.00
5656.00
5674.00
5688.00
5676.00
5686.00
5694.00
5712.00
5732.00
5750.00
5734.00
5690.00
5606.00
5556.00
5506.00
5440.00
5396.00
5400.00
5380.00
5370.00
5380.00
5406.00
5408.00
5390.00
5366.00
5348.00
5306.00
5374.00
5410.00
5440.00
5482.00
5540.00
5520.00
5548.00
5590.00
5608.00
5634.00
5634.00
5636.00
5650.00
5676.00
5688.00
5710.00
5718.00
5702.00
5658.00
5644.00
5688.00
5748.00
5802.00
5872.00
5928.00
5926.00
5902.00
5884.00
5848.00
5822.00
5768.00
5726.00
5706.00
5686.00
5662.00
5662.00
5690.00
5710.00
5768.00
5806.00
5850.00
5876.00
5900.00
5860.00
5828.00
5820.00
5808.00
5796.00
5838.00
5890.00
5904.00
5912.00
