14410.00
14520.00
14600.00
14580.00
14550.00
14500.00
14450.00
14410.00
14520.00
14660.00
14770.00
14890.00
15050.00
15100.00
15120.00
15120.00
15080.00
15070.00
15070.00
15100.00
15190.00
15420.00
15560.00
15720.00
15910.00
16110.00
16190.00
16300.00
16420.00
16440.00
16450.00
16450.00
16570.00
16840.00
17230.00
17740.00
18180.00
18470.00
18550.00
18540.00
18370.00
18270.00
18260.00
18670.00
19470.00
20440.00
21240.00
21880.00
22000.00
21900.00
21310.00
21000.00
20700.00
20380.00
19900.00
19780.00
19520.00
19420.00
19280.00
19180.00
18990.00
18990.00
19030.00
19230.00
19370.00
19430.00
19400.00
19190.00
18940.00
18750.00
18800.00
18700.00
18630.00
18540.00
18370.00
18260.00
18350.00
18370.00
18670.00
18910.00
18920.00
18670.00
18560.00
18120.00
17800.00
17650.00
17590.00
17450.00
17330.00
17190.00
17090.00
16890.00
16660.00
16620.00
16630.00
16440.00
16370.00
16390.00
16370.00
16250.00
16260.00
16330.00
16410.00
16610.00
16880.00
17220.00
17540.00
17710.00
17670.00
17590.00
17420.00
17110.00
16900.00
16810.00
16780.00
16610.00
16570.00
