3051.00
3117.00
3179.00
3248.00
3294.00
3334.00
3363.00
3384.00
3400.00
3421.00
3437.00
3447.00
3461.00
3475.00
3486.00
3487.00
3482.00
3477.00
3487.00
3526.00
3577.00
3622.00
3677.00
3716.00
3711.00
3705.00
3705.00
3699.00
3685.00
3676.00
3683.00
3692.00
3703.00
3732.00
3705.00
3667.00
3619.00
3613.00
3590.00
3621.00
3633.00
3647.00
3616.00
3593.00
3543.00
3503.00
3465.00
3429.00
3383.00
3363.00
3324.00
3285.00
3255.00
3217.00
3189.00
3205.00
3231.00
3251.00
3285.00
3325.00
3344.00
3359.00
3372.00
3384.00
3378.00
3373.00
3368.00
3369.00
3361.00
3365.00
3372.00
3380.00
3382.00
3389.00
3395.00
3416.00
3444.00
3466.00
3491.00
3500.00
3485.00
3444.00
3401.00
3334.00
3280.00
3231.00
3186.00
3148.00
3125.00
3108.00
3091.00
3086.00
3071.00
3067.00
3066.00
3060.00
3050.00
3056.00
3060.00
3055.00
3070.00
3110.00
3151.00
3200.00
3249.00
3280.00
3297.00
3309.00
3312.00
3316.00
3323.00
3321.00
3315.00
3307.00
3293.00
3276.00
3256.00
