45800.00
45900.00
45710.00
45650.00
45470.00
45720.00
45920.00
46340.00
46610.00
46920.00
46720.00
46300.00
45960.00
45880.00
45820.00
45890.00
46150.00
46580.00
47040.00
47490.00
47890.00
47830.00
47320.00
46830.00
46460.00
46040.00
45990.00
46100.00
46040.00
45910.00
45840.00
45800.00
45630.00
45390.00
45150.00
44630.00
44080.00
43640.00
43330.00
42890.00
42820.00
42780.00
42620.00
42530.00
42890.00
43170.00
43350.00
43610.00
43680.00
43390.00
42880.00
42390.00
41980.00
41530.00
41400.00
41890.00
42610.00
43370.00
44300.00
44990.00
45190.00
45150.00
45140.00
45100.00
45130.00
45270.00
45570.00
45760.00
45870.00
45850.00
45750.00
45670.00
45510.00
45510.00
45520.00
45770.00
45830.00
46100.00
46270.00
46510.00
46580.00
46560.00
46490.00
46410.00
46320.00
46180.00
46180.00
46050.00
46080.00
46130.00
46150.00
46160.00
46260.00
46140.00
46020.00
45810.00
45510.00
45030.00
44790.00
44700.00
44560.00
44490.00
44710.00
44690.00
44590.00
44560.00
44560.00
44440.00
44490.00
44670.00
44910.00
45120.00
45270.00
45320.00
45250.00
45300.00
45400.00
