36390.00
36700.00
37480.00
37860.00
38030.00
37770.00
36940.00
35990.00
35630.00
35660.00
35550.00
35730.00
35870.00
35780.00
35490.00
35270.00
34900.00
34760.00
34580.00
34430.00
34480.00
34480.00
34430.00
34920.00
35480.00
35800.00
36300.00
36870.00
36770.00
36590.00
36430.00
36350.00
36030.00
35910.00
35660.00
35770.00
35200.00
34680.00
34260.00
33470.00
32510.00
32430.00
32380.00
32310.00
32890.00
33340.00
33460.00
33580.00
33490.00
33100.00
32720.00
32470.00
32330.00
32190.00
32290.00
32590.00
32510.00
32570.00
33100.00
33810.00
34410.00
35290.00
35990.00
36770.00
37260.00
37740.00
38210.00
38440.00
38310.00
38120.00
37880.00
37590.00
37430.00
37350.00
37150.00
37120.00
37030.00
37230.00
37300.00
37520.00
37920.00
38030.00
37850.00
37620.00
37350.00
36800.00
37440.00
38120.00
39270.00
40180.00
41010.00
40840.00
40640.00
40040.00
39870.00
39780.00
39510.00
39350.00
39320.00
38920.00
38930.00
39010.00
39320.00
39650.00
40080.00
40190.00
40710.00
40660.00
40390.00
40230.00
39930.00
39500.00
39280.00
39060.00
38840.00
38510.00
38100.00
