26930.00
27140.00
27540.00
27880.00
28130.00
28340.00
28230.00
28030.00
27790.00
27630.00
27430.00
27370.00
27510.00
27610.00
27670.00
27750.00
27780.00
27720.00
27880.00
28110.00
28350.00
28810.00
29150.00
29220.00
29360.00
29650.00
29820.00
30120.00
30600.00
30770.00
30830.00
30750.00
30660.00
30590.00
30440.00
30430.00
30880.00
31370.00
31710.00
32200.00
32630.00
32540.00
32380.00
32380.00
32330.00
32280.00
32700.00
33580.00
34280.00
35260.00
36070.00
36680.00
37000.00
37440.00
37620.00
37960.00
38120.00
38120.00
38170.00
38210.00
38290.00
38440.00
38540.00
38450.00
38740.00
38830.00
38810.00
39360.00
39700.00
39350.00
39400.00
39250.00
38550.00
38120.00
38000.00
37710.00
37750.00
38320.00
39040.00
39730.00
40070.00
40090.00
39420.00
38470.00
37720.00
37340.00
37310.00
37420.00
37670.00
37850.00
37860.00
38030.00
38160.00
38100.00
38220.00
37980.00
37240.00
36570.00
36420.00
36420.00
37130.00
38170.00
39140.00
39900.00
40030.00
40300.00
40420.00
40630.00
40600.00
40910.00
40770.00
41010.00
41490.00
42080.00
42580.00
42930.00
43070.00
