20080.00
20240.00
20390.00
20680.00
20880.00
20900.00
20660.00
20390.00
19990.00
19630.00
19330.00
19150.00
19140.00
19180.00
19190.00
19390.00
19610.00
19780.00
19700.00
19690.00
19650.00
19580.00
19500.00
19570.00
19610.00
19570.00
19590.00
19570.00
19510.00
19380.00
19330.00
19230.00
19160.00
19130.00
19090.00
19190.00
19300.00
19380.00
19480.00
19640.00
19640.00
19700.00
19830.00
19950.00
20110.00
20400.00
20690.00
20940.00
20990.00
20930.00
20670.00
20390.00
20100.00
20010.00
20020.00
20040.00
19940.00
19880.00
19830.00
19650.00
19570.00
19570.00
19560.00
19610.00
19660.00
19710.00
19720.00
19720.00
19610.00
19540.00
19480.00
19370.00
19170.00
18960.00
18660.00
18240.00
17860.00
17560.00
17260.00
16970.00
16820.00
16680.00
16570.00
16490.00
16560.00
16620.00
16700.00
16670.00
16620.00
16520.00
16380.00
16160.00
16120.00
16080.00
16000.00
15890.00
15850.00
15660.00
15500.00
15320.00
15260.00
15220.00
15300.00
15370.00
15500.00
15650.00
15720.00
15770.00
15820.00
15920.00
15890.00
15940.00
15940.00
15910.00
15810.00
15790.00
15730.00
