2252.00
2347.00
2440.00
2478.00
2511.00
2545.00
2519.00
2496.00
2474.00
2462.00
2463.00
2467.00
2476.00
2496.00
2517.00
2541.00
2543.00
2619.00
2661.00
2684.00
2718.00
2800.00
2801.00
2865.00
2915.00
2939.00
2923.00
2896.00
2835.00
2805.00
2787.00
2762.00
2736.00
2715.00
2664.00
2632.00
2625.00
2628.00
2616.00
2611.00
2603.00
2581.00
2559.00
2549.00
2537.00
2540.00
2531.00
2528.00
2518.00
2519.00
2492.00
2483.00
2469.00
2475.00
2483.00
2492.00
2487.00
2488.00
2484.00
2477.00
2475.00
2481.00
2490.00
2490.00
2499.00
2510.00
2523.00
2524.00
2529.00
2534.00
2531.00
2535.00
2566.00
2608.00
2635.00
2653.00
2652.00
2642.00
2615.00
2602.00
2594.00
2581.00
2563.00
2536.00
2509.00
2494.00
2480.00
2475.00
2502.00
2497.00
2480.00
2452.00
2387.00
2314.00
2282.00
2244.00
2222.00
2223.00
2212.00
2190.00
2185.00
2193.00
2209.00
2229.00
2238.00
2245.00
2268.00
2277.00
2285.00
2316.00
2342.00
2348.00
2354.00
2354.00
2330.00
2315.00
2296.00
