78000.00
78540.00
79140.00
79820.00
79900.00
80180.00
80460.00
80620.00
80800.00
81220.00
81480.00
81340.00
81620.00
82020.00
82440.00
82800.00
83160.00
83220.00
84040.00
85760.00
87660.00
89540.00
92420.00
93700.00
94120.00
94040.00
94000.00
92860.00
92280.00
91200.00
90520.00
89840.00
89440.00
89220.00
88700.00
88200.00
87740.00
86980.00
85840.00
85580.00
85020.00
84520.00
84700.00
85400.00
85680.00
86160.00
86380.00
85900.00
84820.00
84080.00
83260.00
82780.00
82260.00
81980.00
81760.00
81760.00
81440.00
81460.00
81540.00
81800.00
81980.00
82380.00
82840.00
83780.00
84360.00
84760.00
84820.00
84760.00
84440.00
84260.00
84280.00
84660.00
85000.00
85240.00
85620.00
86000.00
86120.00
86160.00
86180.00
85900.00
85300.00
84820.00
84080.00
83140.00
82340.00
82040.00
81920.00
82140.00
82380.00
82600.00
82660.00
82240.00
81540.00
81200.00
81000.00
80740.00
80660.00
80840.00
80900.00
81060.00
81280.00
81720.00
82360.00
82940.00
83580.00
84580.00
85620.00
86500.00
87440.00
88340.00
88880.00
89220.00
89440.00
89360.00
88760.00
88140.00
87360.00
