56360.00
56540.00
56720.00
57300.00
57080.00
57160.00
57060.00
57040.00
57040.00
57400.00
57560.00
57780.00
58080.00
58120.00
58060.00
58100.00
58540.00
58920.00
59040.00
59440.00
59640.00
59360.00
59320.00
59580.00
59540.00
59560.00
60040.00
59240.00
58400.00
57500.00
56700.00
55380.00
55280.00
55080.00
54740.00
54500.00
54000.00
53480.00
52960.00
52400.00
51700.00
51620.00
51560.00
51540.00
51820.00
52140.00
52120.00
52140.00
52000.00
51800.00
51440.00
51380.00
51300.00
51060.00
50860.00
50900.00
50800.00
50680.00
50900.00
50980.00
51060.00
50800.00
50640.00
50360.00
50120.00
50020.00
50220.00
50260.00
50060.00
49870.00
49370.00
48720.00
48020.00
47470.00
46750.00
46280.00
46050.00
46150.00
46290.00
46270.00
46120.00
45670.00
45200.00
44670.00
44940.00
45490.00
46260.00
46800.00
47160.00
46830.00
46190.00
45520.00
44950.00
44540.00
43910.00
42870.00
42220.00
41430.00
40960.00
40950.00
41360.00
41490.00
41750.00
42060.00
42260.00
42640.00
42680.00
42650.00
42540.00
42610.00
42600.00
42840.00
43070.00
43120.00
43000.00
42920.00
42810.00
