3014.00
3027.00
3042.00
3055.00
3061.00
3072.00
3087.00
3104.00
3135.00
3186.00
3238.00
3284.00
3323.00
3336.00
3331.00
3310.00
3287.00
3265.00
3254.00
3246.00
3248.00
3257.00
3273.00
3283.00
3289.00
3308.00
3317.00
3322.00
3337.00
3359.00
3365.00
3365.00
3374.00
3372.00
3348.00
3338.00
3328.00
3314.00
3290.00
3285.00
3275.00
3268.00
3257.00
3267.00
3273.00
3277.00
3288.00
3298.00
3301.00
3299.00
3290.00
3276.00
3272.00
3263.00
3264.00
3267.00
3267.00
3263.00
3262.00
3258.00
3260.00
3270.00
3290.00
3312.00
3332.00
3363.00
3398.00
3419.00
3440.00
3473.00
3490.00
3487.00
3487.00
3506.00
3513.00
3522.00
3547.00
3566.00
3573.00
3570.00
3560.00
3530.00
3498.00
3451.00
3415.00
3398.00
3396.00
3399.00
3417.00
3420.00
3423.00
3423.00
3417.00
3401.00
3404.00
3399.00
3393.00
3391.00
3390.00
3387.00
3396.00
3411.00
3439.00
3471.00
3507.00
3523.00
3536.00
3528.00
3534.00
3528.00
3531.00
3533.00
3544.00
3545.00
3538.00
3538.00
3537.00
