3910.00
3912.73
3907.27
3910.91
3904.55
3907.27
3895.46
3898.18
3906.36
3922.73
3932.73
3944.54
3950.91
3966.36
3977.27
3983.64
3981.82
3994.55
3999.09
4011.82
4028.18
4044.55
4038.18
4025.45
4012.73
4006.36
4001.82
4003.64
4003.64
4000.00
3993.64
3995.45
3989.09
3972.73
3954.55
3935.45
3906.36
3873.64
3858.18
3841.82
3831.82
3814.54
3813.63
3817.27
3829.09
3829.09
3835.45
3835.45
3854.54
3872.73
3881.82
3890.00
3894.55
3860.00
3828.18
3810.91
3803.64
3804.54
3820.00
3821.82
3820.00
3819.09
3816.36
3814.54
3815.45
3823.64
3830.00
3846.36
3853.64
3860.00
3863.64
3862.73
3847.27
3848.18
3850.00
3850.91
3854.55
3858.18
3847.27
3840.00
3832.73
3827.27
3825.45
3818.18
3806.36
3800.00
3790.91
3765.45
3730.91
3694.55
3652.73
3610.00
3590.00
3590.91
3597.27
3590.00
3578.18
3578.18
3603.64
3627.27
3669.09
3723.64
3771.82
3798.18
3830.00
3861.82
3882.73
3876.36
3857.27
3831.82
3804.54
3770.91
3772.73
3773.63
3781.82
3788.18
3800.00
