4255.00
4275.00
4294.00
4314.00
4316.00
4382.00
4473.00
4561.00
4711.00
4859.00
4922.00
4966.00
5072.00
5100.00
5102.00
5108.00
5101.00
5051.00
5031.00
5065.00
5125.00
5170.00
5196.00
5204.00
5194.00
5192.00
5196.00
5204.00
5204.00
5174.00
5138.00
5098.00
5084.00
5066.00
5012.00
4984.00
4953.00
4923.00
4931.00
4983.00
5007.00
5060.00
5088.00
5063.00
5035.00
5031.00
5015.00
4987.00
4996.00
4999.00
4978.00
4936.00
4912.00
4868.00
4831.00
4801.00
4796.00
4810.00
4825.00
4923.00
5008.00
5125.00
5227.00
5346.00
5518.00
5762.00
5976.00
6116.00
6188.00
6160.00
6056.00
5952.00
5900.00
5866.00
5812.00
5760.00
5662.00
5580.00
5510.00
5442.00
5416.00
5382.00
5334.00
5270.00
5218.00
5140.00
5114.00
5092.00
5092.00
5054.00
5002.00
4948.00
4900.00
4863.00
4855.00
4861.00
4835.00
4810.00
4779.00
4773.00
4789.00
4835.00
4906.00
4998.00
5050.00
5086.00
5110.00
5110.00
5118.00
5130.00
5162.00
5198.00
5240.00
5232.00
5216.00
5172.00
5114.00
