3081.00
3222.00
3350.00
3341.00
3316.00
3259.00
3248.00
3239.00
3241.00
3239.00
3222.00
3189.00
3186.00
3184.00
3174.00
3188.00
3201.00
3214.00
3231.00
3234.00
3231.00
3227.00
3239.00
3254.00
3257.00
3265.00
3299.00
3292.00
3267.00
3267.00
3308.00
3396.00
3474.00
3521.00
3498.00
3444.00
3322.00
3229.00
3134.00
3123.00
3114.00
3099.00
3081.00
3111.00
3111.00
3110.00
3107.00
3097.00
3059.00
3022.00
2981.00
2960.00
2952.00
2954.00
2969.00
3006.00
3032.00
3072.00
3110.00
3156.00
3171.00
3193.00
3204.00
3218.00
3223.00
3239.00
3250.00
3252.00
3246.00
3257.00
3271.00
3284.00
3287.00
3334.00
3571.00
3603.00
3610.00
3626.00
3608.00
3387.00
3335.00
3306.00
3312.00
3320.00
3372.00
3442.00
3525.00
3589.00
3647.00
3645.00
3671.00
3689.00
3676.00
3643.00
3631.00
3569.00
3509.00
3463.00
3465.00
3477.00
3516.00
3556.00
3602.00
3628.00
3635.00
3661.00
3683.00
3736.00
3752.00
3763.00
3766.00
3774.00
3734.00
3702.00
3666.00
3638.00
3586.00
