42740.00
42310.00
41880.00
41700.00
41560.00
41580.00
41460.00
41410.00
41100.00
40930.00
40660.00
40760.00
40760.00
40900.00
40810.00
40730.00
40510.00
40420.00
40250.00
40330.00
40420.00
40610.00
40700.00
40780.00
40740.00
40790.00
40820.00
40850.00
40890.00
41090.00
41180.00
41290.00
41410.00
41470.00
41740.00
42140.00
42360.00
42640.00
42990.00
42890.00
42760.00
42720.00
42520.00
42440.00
42500.00
42510.00
42600.00
42730.00
42740.00
42710.00
42600.00
42450.00
42350.00
42250.00
41830.00
41430.00
41100.00
40820.00
40500.00
40540.00
40600.00
40620.00
40650.00
40710.00
40810.00
41150.00
41430.00
41810.00
42070.00
42290.00
42310.00
42450.00
42530.00
42960.00
43330.00
43780.00
44190.00
44440.00
44400.00
44350.00
44130.00
43720.00
43380.00
42930.00
42750.00
42610.00
42530.00
42450.00
42470.00
42260.00
42040.00
41940.00
41820.00
41780.00
41730.00
41710.00
41700.00
41700.00
41640.00
41600.00
41600.00
41540.00
41490.00
41550.00
41580.00
41560.00
41610.00
41650.00
41610.00
41580.00
41560.00
41530.00
41520.00
41550.00
41650.00
41810.00
41950.00
