40320.00
41100.00
41660.00
42360.00
42960.00
42670.00
42290.00
41650.00
41070.00
40320.00
40020.00
39520.00
39170.00
38690.00
38280.00
38000.00
37950.00
37950.00
37950.00
38010.00
38980.00
39550.00
39960.00
40180.00
40230.00
39580.00
39500.00
39390.00
39520.00
39920.00
40130.00
40170.00
40370.00
40580.00
40500.00
40550.00
40390.00
40220.00
39920.00
39850.00
39680.00
39440.00
39180.00
39000.00
38700.00
38560.00
38570.00
38390.00
38040.00
37590.00
36860.00
36520.00
37030.00
37560.00
38230.00
39370.00
41140.00
43480.00
47240.00
49940.00
52420.00
53680.00
53600.00
53040.00
53040.00
53160.00
53300.00
53640.00
52980.00
52840.00
52560.00
53620.00
53600.00
53620.00
53340.00
52820.00
51120.00
50520.00
50080.00
49810.00
49890.00
49860.00
49300.00
48950.00
48780.00
48550.00
47970.00
48510.00
48210.00
47710.00
46950.00
46290.00
44910.00
44150.00
43490.00
42820.00
42680.00
42340.00
41840.00
41430.00
41210.00
41780.00
42380.00
43350.00
44280.00
45310.00
45330.00
45580.00
45450.00
45310.00
45140.00
44930.00
44600.00
44440.00
44080.00
43870.00
43410.00
