10930.00
10960.00
10970.00
11100.00
11170.00
11210.00
11230.00
11270.00
11220.00
11190.00
11190.00
11230.00
11250.00
11290.00
11330.00
11340.00
11350.00
11420.00
11490.00
11540.00
11650.00
11710.00
11680.00
11670.00
11680.00
11600.00
11510.00
11500.00
11490.00
11500.00
11580.00
11690.00
11790.00
11810.00
11770.00
11730.00
11750.00
11770.00
11780.00
11820.00
11850.00
11820.00
11840.00
12010.00
12240.00
12510.00
12810.00
12940.00
12980.00
12980.00
12790.00
12620.00
12520.00
12330.00
12150.00
12160.00
12150.00
12170.00
12290.00
12390.00
12550.00
12750.00
12980.00
13180.00
13310.00
13420.00
13380.00
13220.00
13190.00
13240.00
13210.00
13250.00
13480.00
13450.00
13300.00
13200.00
13080.00
12790.00
12640.00
12670.00
12630.00
12600.00
12620.00
12630.00
12520.00
12420.00
12310.00
12240.00
12140.00
12100.00
12070.00
12090.00
12100.00
12190.00
12320.00
12360.00
12320.00
12330.00
12300.00
12280.00
12300.00
12350.00
12330.00
12300.00
12230.00
12180.00
12120.00
11900.00
11760.00
11630.00
11490.00
11350.00
11360.00
11310.00
11220.00
11190.00
11210.00
