12820.00
12930.00
13070.00
13230.00
13260.00
13310.00
13350.00
13370.00
13420.00
13470.00
13460.00
13410.00
13430.00
13380.00
13370.00
13420.00
13460.00
13470.00
13500.00
13510.00
13490.00
13500.00
13430.00
13380.00
13320.00
13260.00
13230.00
13230.00
13120.00
13030.00
13020.00
12920.00
12780.00
12720.00
12630.00
12470.00
12410.00
12350.00
12330.00
12360.00
12290.00
12250.00
12280.00
12300.00
12320.00
12420.00
12470.00
12440.00
12400.00
12310.00
12200.00
12120.00
12070.00
12000.00
11940.00
11940.00
11890.00
11860.00
11810.00
11760.00
11710.00
11680.00
11710.00
11810.00
11930.00
12030.00
12150.00
12190.00
12210.00
12400.00
12790.00
13240.00
13640.00
14050.00
14180.00
14210.00
14170.00
14200.00
14090.00
14060.00
13990.00
13780.00
13630.00
13430.00
13250.00
13060.00
12980.00
12840.00
12760.00
12720.00
12600.00
12480.00
12330.00
12320.00
12160.00
12060.00
12080.00
12200.00
12270.00
12480.00
12610.00
12690.00
12660.00
12700.00
12750.00
12870.00
12890.00
12910.00
12820.00
12680.00
12520.00
12400.00
12310.00
12220.00
12150.00
12100.00
12050.00
