8172.00
8204.00
8186.00
8164.00
8152.00
8156.00
8166.00
8216.00
8244.00
8284.00
8318.00
8338.00
8358.00
8368.00
8386.00
8398.00
8424.00
8480.00
8562.00
8630.00
8682.00
8708.00
8736.00
8750.00
8748.00
8770.00
8792.00
8774.00
8750.00
8734.00
8696.00
8692.00
8652.00
8600.00
8560.00
8528.00
8468.00
8442.00
8434.00
8402.00
8362.00
8360.00
8360.00
8378.00
8446.00
8532.00
8584.00
8636.00
8656.00
8656.00
8614.00
8546.00
8480.00
8412.00
8314.00
8290.00
8332.00
8380.00
8442.00
8504.00
8524.00
8484.00
8452.00
8414.00
8398.00
8402.00
8444.00
8480.00
8484.00
8500.00
8488.00
8482.00
8440.00
8434.00
8406.00
8400.00
8382.00
8398.00
8456.00
8526.00
8590.00
8644.00
8658.00
8582.00
8490.00
8434.00
8364.00
8314.00
8320.00
8344.00
8312.00
8290.00
8278.00
8246.00
8202.00
8162.00
8146.00
8118.00
8100.00
8116.00
8158.00
8188.00
8240.00
8284.00
8298.00
8280.00
8276.00
8258.00
8240.00
8230.00
8236.00
8202.00
8188.00
8190.00
8188.00
8182.00
8190.00
