189600.00
193500.00
194900.00
194400.00
194700.00
195000.00
194700.00
194600.00
194800.00
194500.00
193300.00
192300.00
192200.00
192300.00
192200.00
191600.00
191600.00
191500.00
188900.00
186400.00
184200.00
180700.00
176800.00
175900.00
176600.00
176500.00
177300.00
178600.00
179200.00
178400.00
178900.00
178700.00
178800.00
179400.00
179800.00
179900.00
180600.00
180200.00
179100.00
178300.00
177500.00
176000.00
175600.00
175600.00
175800.00
176500.00
178100.00
179200.00
179500.00
179500.00
178100.00
176200.00
174400.00
173000.00
172000.00
172200.00
172100.00
172300.00
172600.00
172500.00
173900.00
175700.00
177000.00
178600.00
179900.00
179800.00
179300.00
178900.00
177800.00
177000.00
175800.00
174900.00
173800.00
173100.00
172500.00
172000.00
171500.00
171700.00
171600.00
171000.00
170100.00
168100.00
165600.00
163200.00
161300.00
158900.00
155800.00
152800.00
150400.00
147800.00
146000.00
145400.00
144900.00
144300.00
144500.00
143800.00
143700.00
143900.00
144600.00
144200.00
144800.00
145400.00
146000.00
146400.00
146900.00
147400.00
147300.00
147000.00
145700.00
145400.00
145100.00
144800.00
144300.00
144300.00
143200.00
142300.00
141500.00
