3035.00
2962.00
2938.00
2922.00
2925.00
2942.00
2991.00
3021.00
3212.00
3416.00
3622.00
3806.00
3952.00
3980.00
3982.00
3983.00
3958.00
3918.00
3846.00
3780.00
3698.00
3640.00
3588.00
3533.00
3446.00
3373.00
3309.00
3295.00
3181.00
3097.00
2995.00
2908.00
2794.00
2814.00
2796.00
2814.00
2836.00
2866.00
2853.00
2877.00
2864.00
2844.00
2814.00
2804.00
2788.00
2801.00
2796.00
2813.00
2799.00
2785.00
2760.00
2738.00
2669.00
2610.00
2562.00
2530.00
2495.00
2500.00
2508.00
2508.00
2488.00
2471.00
2449.00
2443.00
2468.00
2497.00
2514.00
2528.00
2533.00
2531.00
2522.00
2520.00
2517.00
2531.00
2514.00
2501.00
2489.00
2487.00
2475.00
2446.00
2413.00
2375.00
2327.00
2259.00
2228.00
2212.00
2201.00
2189.00
2173.00
2147.00
2118.00
2082.00
2045.00
2015.00
1994.00
1947.00
1923.00
1920.00
1924.00
1919.00
1936.00
1950.00
1963.00
1983.00
2005.00
2025.00
2038.00
2060.00
2058.00
2057.00
2064.00
2059.00
2034.00
2022.00
2001.00
1983.00
1973.00
