2879.88
2878.89
2880.87
2886.81
2892.74
2896.70
2896.70
2898.68
2895.71
2889.78
2886.81
2888.79
2884.83
2892.06
2896.28
2899.54
2893.80
2900.00
2893.00
2892.00
2889.00
2895.00
2896.00
2900.00
2901.00
2903.00
2907.00
2911.00
2916.00
2922.00
2930.00
2936.00
2939.00
2940.00
2942.00
2942.00
2942.00
2940.00
2941.00
2942.00
2942.00
2941.00
2944.00
2946.00
2948.00
2947.00
2946.00
2945.00
2940.00
2941.00
2944.00
2948.00
2950.00
2954.00
2951.00
2949.00
2947.00
2948.00
2949.00
2950.00
2952.00
2953.00
2954.00
2956.00
2962.00
2966.00
2971.00
2973.00
2979.00
2980.00
2982.00
2984.00
2987.00
2987.00
2982.00
2981.00
2979.00
2979.00
2979.00
2984.00
2982.00
2986.00
2988.00
2989.00
2991.00
2996.00
2995.00
2995.00
2996.00
2997.00
3000.00
3004.00
3006.00
3004.00
3006.00
3005.00
3003.00
3002.00
3004.00
3002.00
3001.00
3000.00
2999.00
2997.00
2995.00
2994.00
2995.00
2992.00
2991.00
2993.00
2995.00
2995.00
2999.00
3002.00
3002.00
2999.00
2998.00
