69800.00
69400.00
69100.00
68500.00
68260.00
68320.00
68200.00
67400.00
66740.00
65500.00
64680.00
64800.00
65400.00
66000.00
66720.00
67160.00
67080.00
67100.00
67240.00
67280.00
67020.00
66680.00
66420.00
66080.00
67140.00
69380.00
71380.00
73600.00
76160.00
77360.00
77900.00
78760.00
79280.00
79620.00
79740.00
79800.00
79700.00
79500.00
79300.00
78940.00
78600.00
77840.00
77640.00
77260.00
77460.00
78320.00
79520.00
80240.00
80760.00
80900.00
80080.00
80020.00
79640.00
79140.00
79240.00
79720.00
78840.00
78000.00
77740.00
76620.00
75280.00
74940.00
74780.00
74420.00
74840.00
75680.00
76000.00
76520.00
76660.00
76840.00
76500.00
76400.00
76040.00
75980.00
75380.00
75080.00
74560.00
74260.00
73800.00
73280.00
72400.00
71380.00
70440.00
69320.00
68360.00
68400.00
68420.00
68060.00
67820.00
67600.00
66460.00
65500.00
64700.00
64340.00
64000.00
63740.00
63440.00
63480.00
63320.00
63080.00
62840.00
63000.00
63140.00
63320.00
63680.00
64120.00
64220.00
63820.00
63480.00
63240.00
62920.00
62560.00
62540.00
62520.00
62120.00
61620.00
61260.00
