2709.83
2710.81
2712.77
2714.73
2718.09
2722.43
2725.79
2728.16
2730.53
2729.54
2726.58
2724.60
2724.60
2723.61
2723.61
2724.60
2726.58
2727.57
2737.46
2763.17
2788.88
2814.60
2838.33
2857.12
2866.49
2875.86
2883.23
2888.60
2891.00
2887.00
2884.00
2883.00
2885.00
2886.00
2886.00
2887.00
2888.00
2890.00
2892.00
2894.00
2895.00
2895.00
2895.00
2895.00
2895.00
2892.00
2887.00
2882.00
2875.00
2871.00
2871.00
2873.00
2873.00
2877.00
2882.00
2886.00
2886.00
2887.00
2891.00
2891.00
2889.00
2891.00
2893.00
2893.00
2890.00
2887.00
2882.00
2878.00
2872.00
2870.00
2869.00
2869.00
2868.00
2866.00
2867.00
2865.00
2866.00
2869.00
2873.00
2874.00
2878.00
2880.00
2879.00
2878.00
2875.00
2872.00
2869.00
2867.00
2864.00
2863.00
2862.00
2860.00
2859.00
2859.00
2859.00
2859.00
2860.00
2861.00
2859.00
2857.00
2854.00
2852.00
2848.00
2846.00
2845.00
2844.00
2838.00
2832.00
2816.00
2801.00
2792.00
2786.00
2781.00
2785.00
2785.00
2781.00
2779.00
