5586.00
5598.00
5590.00
5582.00
5554.00
5546.00
5542.00
5570.00
5594.00
5630.00
5644.00
5658.00
5658.00
5666.00
5678.00
5712.00
5788.00
5894.00
6000.00
6120.00
6206.00
6212.00
6186.00
6172.00
6138.00
6118.00
6142.00
6146.00
6130.00
6114.00
6120.00
6128.00
6140.00
6124.00
6102.00
6052.00
5990.00
5938.00
5922.00
5904.00
5892.00
5880.00
5870.00
5862.00
5898.00
5914.00
5918.00
5920.00
5908.00
5860.00
5786.00
5722.00
5670.00
5614.00
5570.00
5586.00
5642.00
5692.00
5740.00
5780.00
5794.00
5764.00
5734.00
5728.00
5712.00
5710.00
5720.00
5722.00
5694.00
5676.00
5650.00
5628.00
5606.00
5600.00
5594.00
5590.00
5604.00
5626.00
5646.00
5668.00
5686.00
5660.00
5634.00
5600.00
5562.00
5530.00
5518.00
5508.00
5512.00
5526.00
5530.00
5532.00
5526.00
5508.00
5458.00
5444.00
5450.00
5466.00
5506.00
5600.00
5646.00
5686.00
5728.00
5750.00
5748.00
5802.00
5838.00
5882.00
5930.00
5982.00
5976.00
5986.00
5982.00
5972.00
5962.00
5970.00
5958.00
