12600.00
12720.00
12860.00
12970.00
12960.00
13060.00
13220.00
13310.00
13390.00
13400.00
13270.00
12980.00
12750.00
12640.00
12730.00
12890.00
13060.00
13260.00
13320.00
13360.00
13400.00
13470.00
13490.00
13620.00
13710.00
13790.00
13860.00
14060.00
14180.00
14270.00
14390.00
14500.00
14420.00
14330.00
14150.00
14040.00
13910.00
14080.00
14140.00
14250.00
14210.00
14250.00
14020.00
13970.00
13960.00
14020.00
14060.00
14160.00
14130.00
14190.00
14210.00
14300.00
14300.00
14300.00
14250.00
14270.00
14150.00
14190.00
14440.00
14680.00
14870.00
15090.00
15200.00
15120.00
15040.00
14960.00
14960.00
15030.00
15070.00
15070.00
15190.00
15280.00
15270.00
15450.00
15620.00
15720.00
15730.00
15830.00
15820.00
15890.00
15960.00
15840.00
15690.00
15480.00
15240.00
15060.00
15040.00
14980.00
14900.00
14880.00
14790.00
14850.00
14900.00
14940.00
14980.00
14930.00
14850.00
14890.00
15030.00
15140.00
15230.00
15360.00
15440.00
15570.00
15650.00
15860.00
15940.00
15980.00
15810.00
15630.00
15400.00
15170.00
14950.00
14770.00
14670.00
14600.00
14470.00
