4470.00
4483.00
4512.00
4540.00
4552.00
4619.00
4693.00
4743.00
4839.00
4948.00
4981.00
4996.00
5026.00
5005.00
4976.00
5046.00
5124.00
5166.00
5183.00
5202.00
5156.00
5090.00
5062.00
5074.00
5074.00
5070.00
5055.00
5031.00
4989.00
4961.00
4944.00
4957.00
4975.00
5029.00
5039.00
5060.00
5058.00
5080.00
5052.00
5072.00
5070.00
5142.00
5216.00
5322.00
5422.00
5570.00
5694.00
5932.00
6164.00
6362.00
6448.00
6492.00
6380.00
6234.00
6190.00
6306.00
6342.00
6350.00
6408.00
6546.00
6610.00
6736.00
6898.00
7082.00
7096.00
7088.00
7140.00
7160.00
7226.00
7340.00
7434.00
7530.00
7676.00
7672.00
7578.00
7578.00
7498.00
7392.00
7282.00
7270.00
7208.00
7106.00
7044.00
7032.00
6984.00
6938.00
6908.00
6820.00
6692.00
6542.00
6382.00
6248.00
6184.00
6152.00
6156.00
6204.00
6230.00
6184.00
6118.00
6024.00
5936.00
5950.00
6086.00
6276.00
6490.00
6678.00
6812.00
6806.00
6800.00
6776.00
6724.00
6632.00
6624.00
6584.00
6522.00
6496.00
6492.00
