29000.00
29150.00
29260.00
29210.00
29220.00
30070.00
30470.00
30690.00
31390.00
31940.00
32140.00
32450.00
32750.00
32660.00
32700.00
32890.00
32900.00
33190.00
33060.00
32770.00
32150.00
31660.00
31270.00
31350.00
31480.00
31740.00
31840.00
31610.00
31480.00
31400.00
31350.00
31670.00
32210.00
32750.00
32990.00
33320.00
33420.00
33320.00
32790.00
32470.00
31970.00
31560.00
31200.00
30990.00
30900.00
31110.00
31100.00
31030.00
31030.00
30920.00
30360.00
29970.00
29590.00
29220.00
28900.00
29000.00
28970.00
29190.00
29570.00
30140.00
30650.00
31330.00
32060.00
32960.00
33680.00
34210.00
34670.00
35340.00
35700.00
36040.00
36350.00
36650.00
36320.00
35860.00
34910.00
34600.00
34010.00
33630.00
33230.00
33320.00
32850.00
32350.00
31820.00
31440.00
30960.00
30740.00
30720.00
30570.00
30440.00
30380.00
30070.00
29830.00
29630.00
29510.00
29560.00
29420.00
29380.00
29250.00
29060.00
28780.00
28820.00
28810.00
29180.00
29500.00
29670.00
29750.00
29730.00
29450.00
29220.00
29160.00
29180.00
29130.00
29220.00
29290.00
29220.00
29150.00
29250.00
