16920.00
17020.00
17140.00
17270.00
17360.00
17440.00
17410.00
17410.00
17300.00
17170.00
17140.00
17110.00
17080.00
17120.00
17210.00
17220.00
17220.00
17250.00
17250.00
17110.00
17050.00
17080.00
17040.00
17000.00
17060.00
17000.00
16970.00
17110.00
17250.00
17360.00
17520.00
17710.00
17730.00
17870.00
17910.00
18050.00
18120.00
18190.00
18180.00
18200.00
18150.00
18080.00
18140.00
18190.00
18330.00
18030.00
17730.00
17300.00
16800.00
16230.00
15990.00
15740.00
15490.00
15230.00
15030.00
14960.00
15080.00
15210.00
15300.00
15440.00
15520.00
15430.00
15410.00
15460.00
15440.00
15450.00
15470.00
15480.00
15430.00
15400.00
15310.00
15160.00
15040.00
14990.00
14900.00
14890.00
14930.00
14950.00
14960.00
14970.00
14930.00
14820.00
14660.00
14430.00
14310.00
14240.00
14180.00
14140.00
14170.00
14130.00
14040.00
14000.00
13960.00
13920.00
13980.00
13940.00
13930.00
13910.00
13890.00
13790.00
13850.00
13890.00
13970.00
14140.00
14280.00
14360.00
14330.00
14290.00
14210.00
14120.00
14030.00
14110.00
14150.00
14130.00
14130.00
14240.00
14310.00
