64140.00
64920.00
65860.00
66640.00
67580.00
67920.00
68360.00
68720.00
68840.00
68580.00
68440.00
68560.00
68180.00
67980.00
68340.00
68880.00
69500.00
70060.00
70360.00
70380.00
70400.00
70400.00
69800.00
69620.00
69940.00
70120.00
70120.00
70700.00
70860.00
70620.00
70340.00
69940.00
69680.00
69500.00
69520.00
69320.00
69360.00
69620.00
70120.00
70240.00
70580.00
70920.00
71020.00
71240.00
71740.00
72340.00
72540.00
73020.00
73020.00
72280.00
71280.00
70720.00
70180.00
69820.00
69940.00
70180.00
69900.00
69580.00
68820.00
68260.00
67380.00
67160.00
67080.00
67500.00
67760.00
68060.00
68020.00
67860.00
67620.00
67500.00
67680.00
67740.00
67600.00
67440.00
67460.00
67740.00
68520.00
69700.00
70560.00
71120.00
71560.00
71080.00
70920.00
71540.00
72260.00
72620.00
73180.00
73000.00
72540.00
72120.00
72160.00
72480.00
72560.00
72620.00
72500.00
72020.00
71500.00
71020.00
70900.00
70520.00
70080.00
69680.00
69600.00
69120.00
68860.00
69000.00
68900.00
68660.00
68780.00
69880.00
70520.00
71480.00
72360.00
72840.00
72560.00
72340.00
72000.00
