11120.00
11470.00
11780.00
12080.00
12270.00
12290.00
12340.00
12360.00
12350.00
12340.00
12480.00
12520.00
12710.00
12920.00
13110.00
13060.00
13020.00
12990.00
12910.00
12800.00
12630.00
12490.00
12260.00
12130.00
12200.00
12430.00
12640.00
12920.00
13290.00
13610.00
13880.00
14310.00
14630.00
14770.00
14700.00
14640.00
14360.00
14110.00
13910.00
13870.00
13660.00
13520.00
13460.00
13460.00
13460.00
13660.00
13870.00
13950.00
13890.00
13780.00
13560.00
13430.00
13290.00
13070.00
12990.00
12950.00
12880.00
12900.00
13170.00
13300.00
13490.00
13710.00
13880.00
13910.00
14080.00
14200.00
14280.00
14330.00
14310.00
14440.00
14540.00
14630.00
14680.00
14800.00
14700.00
14600.00
14370.00
14270.00
14190.00
13930.00
13700.00
13440.00
13210.00
12880.00
12640.00
12500.00
12410.00
12230.00
12130.00
12070.00
11870.00
11386.00
10912.00
10480.00
10096.00
9726.00
9684.00
9722.00
9768.00
9748.00
9818.00
10024.00
10120.00
10256.00
10410.00
10560.00
10740.00
11300.00
11830.00
12520.00
13180.00
13660.00
13810.00
13800.00
13470.00
13050.00
12740.00
