24280.00
24160.00
24250.00
24400.00
24570.00
24730.00
24700.00
24570.00
24550.00
24480.00
24510.00
24910.00
25370.00
25780.00
26180.00
26350.00
26410.00
26510.00
26770.00
26800.00
26870.00
26870.00
26910.00
26750.00
26870.00
27600.00
28150.00
28760.00
29830.00
30980.00
31710.00
32500.00
33160.00
33360.00
33000.00
32780.00
32420.00
31990.00
31620.00
31910.00
31830.00
31760.00
31670.00
31620.00
31580.00
31800.00
32270.00
32680.00
32930.00
32820.00
32290.00
31810.00
31220.00
30710.00
30350.00
30250.00
29960.00
30010.00
30160.00
30180.00
30270.00
30500.00
30660.00
30730.00
31150.00
31890.00
32390.00
32790.00
32960.00
33100.00
32780.00
32630.00
32480.00
32460.00
32130.00
31890.00
31410.00
31070.00
30810.00
30430.00
29920.00
29250.00
28560.00
27480.00
26600.00
26090.00
25850.00
25570.00
25650.00
25590.00
25290.00
24870.00
24320.00
23820.00
23420.00
23150.00
23150.00
23390.00
23570.00
23790.00
24020.00
24260.00
24290.00
24460.00
24690.00
24790.00
24770.00
24850.00
24860.00
24840.00
24800.00
24800.00
24710.00
24610.00
24370.00
24100.00
23760.00
