15860.00
16130.00
16390.00
17090.00
17890.00
18400.00
18850.00
19190.00
19160.00
18840.00
18530.00
18330.00
18260.00
18130.00
18140.00
18030.00
17870.00
17800.00
17890.00
18010.00
18270.00
18350.00
18350.00
18220.00
18050.00
17830.00
17770.00
17760.00
17690.00
17650.00
17620.00
17570.00
17450.00
17420.00
17100.00
16660.00
16300.00
15890.00
15390.00
15150.00
15050.00
14940.00
14850.00
14880.00
14890.00
14980.00
15010.00
15040.00
14960.00
14910.00
14690.00
14520.00
14300.00
14140.00
14070.00
14120.00
14150.00
14270.00
14390.00
14490.00
14510.00
14520.00
14590.00
14670.00
14690.00
14820.00
14940.00
14960.00
14930.00
14930.00
14890.00
14860.00
14910.00
14930.00
14900.00
14830.00
14700.00
14560.00
14490.00
14450.00
14430.00
14350.00
14190.00
13950.00
13740.00
13520.00
13490.00
13500.00
13580.00
13730.00
13980.00
14110.00
14150.00
14200.00
14210.00
14090.00
13990.00
14020.00
14040.00
14000.00
13990.00
14050.00
14110.00
14190.00
14330.00
14440.00
14480.00
14440.00
14370.00
14340.00
14330.00
14280.00
14300.00
14300.00
14200.00
14110.00
14040.00
