5594.00
5616.00
5636.00
5660.00
5680.00
5738.00
5776.00
5806.00
5850.00
5896.00
5894.00
5914.00
5938.00
5950.00
5960.00
5974.00
5974.00
5972.00
5976.00
5990.00
6000.00
6018.00
6060.00
6116.00
6158.00
6208.00
6238.00
6244.00
6222.00
6208.00
6218.00
6252.00
6270.00
6294.00
6254.00
6220.00
6174.00
6146.00
6104.00
6110.00
6102.00
6096.00
6114.00
6136.00
6148.00
6154.00
6154.00
6114.00
6080.00
6066.00
6048.00
6040.00
6022.00
6000.00
5984.00
5980.00
5966.00
5994.00
6030.00
6060.00
6068.00
6080.00
6160.00
6240.00
6338.00
6464.00
6594.00
6626.00
6634.00
6646.00
6640.00
6626.00
6636.00
6682.00
6690.00
6718.00
6744.00
6798.00
6838.00
6908.00
6936.00
6936.00
6926.00
6900.00
6862.00
6888.00
6944.00
6940.00
6924.00
6902.00
6872.00
6824.00
6798.00
6834.00
6922.00
6974.00
7072.00
7174.00
7210.00
7194.00
7190.00
7158.00
7140.00
7216.00
7276.00
7352.00
7510.00
7672.00
7844.00
8064.00
8242.00
8390.00
8540.00
8626.00
8680.00
8738.00
8740.00
