20040.00
20010.00
20070.00
20100.00
20100.00
19970.00
19860.00
19930.00
19980.00
19980.00
20000.00
20000.00
19860.00
19760.00
19760.00
19750.00
19760.00
19790.00
19770.00
19720.00
19710.00
19770.00
19760.00
19830.00
19890.00
19940.00
20060.00
20210.00
20380.00
20570.00
20670.00
20610.00
20530.00
20370.00
20250.00
20400.00
20650.00
20920.00
21170.00
21470.00
21620.00
21700.00
21850.00
22170.00
22450.00
22690.00
22770.00
23000.00
23050.00
23010.00
22870.00
22870.00
22730.00
22390.00
22140.00
21970.00
21890.00
21860.00
22080.00
22130.00
22150.00
22130.00
21980.00
21850.00
21730.00
21610.00
21520.00
21560.00
21510.00
21660.00
21910.00
22000.00
21950.00
22000.00
21940.00
21880.00
21970.00
22020.00
21990.00
21930.00
21830.00
21540.00
21290.00
21020.00
20820.00
20660.00
20580.00
20500.00
20450.00
20380.00
20300.00
20240.00
20190.00
20140.00
20040.00
19850.00
19680.00
19540.00
19490.00
19450.00
19480.00
19540.00
19580.00
19650.00
19730.00
19920.00
20050.00
20110.00
20100.00
20130.00
20070.00
20020.00
20020.00
20040.00
20010.00
19940.00
19890.00
