107600.00
108800.00
110800.00
112200.00
112700.00
113300.00
112800.00
111900.00
110000.00
108100.00
106900.00
106500.00
105900.00
106700.00
108300.00
109200.00
109700.00
109800.00
109700.00
109300.00
111000.00
112800.00
115000.00
117800.00
120700.00
120700.00
120800.00
120600.00
118900.00
117800.00
117700.00
118100.00
119100.00
120500.00
120400.00
119800.00
117900.00
116100.00
114200.00
113200.00
112800.00
113200.00
113400.00
114000.00
115400.00
116800.00
117700.00
118400.00
118400.00
117500.00
116400.00
116900.00
117600.00
119400.00
121300.00
123000.00
122900.00
123800.00
123800.00
123600.00
123600.00
124100.00
124600.00
125700.00
127300.00
129500.00
132100.00
133600.00
134100.00
134300.00
134600.00
133400.00
131900.00
130500.00
129100.00
127300.00
126800.00
126400.00
125800.00
125000.00
124900.00
124100.00
125100.00
126400.00
126600.00
124900.00
123800.00
121100.00
118200.00
116400.00
115900.00
114700.00
113900.00
113400.00
113100.00
111900.00
112100.00
112300.00
113900.00
116000.00
118900.00
120100.00
121700.00
121900.00
121700.00
121200.00
122700.00
123500.00
124700.00
125400.00
126300.00
126200.00
126800.00
125900.00
125100.00
124400.00
121800.00
