26472.00
26440.00
26440.00
26392.00
26384.00
26464.00
26496.00
26720.00
27328.00
28160.00
28824.00
29656.00
30424.00
30736.00
30912.00
31080.00
31072.00
31024.00
31080.00
30840.00
30680.00
30440.00
30184.00
29912.00
29960.00
29984.00
30144.00
30184.00
30304.00
30280.00
30232.00
30184.00
30128.00
29896.00
29632.00
29352.00
29104.00
29024.00
29096.00
29160.00
29176.00
29272.00
29144.00
28968.00
29000.00
29112.00
28968.00
28800.00
28696.00
28480.00
28104.00
27880.00
27744.00
27472.00
27184.00
27184.00
27176.00
27144.00
27208.00
27320.00
27448.00
27560.00
27784.00
28024.00
28240.00
28280.00
28336.00
28296.00
28208.00
28080.00
28096.00
28312.00
28744.00
29160.00
29384.00
29576.00
29688.00
29584.00
29520.00
29472.00
29352.00
29048.00
28672.00
28144.00
27992.00
27904.00
27800.00
27712.00
27592.00
27136.00
26552.00
25944.00
25336.00
24968.00
24792.00
24560.00
24416.00
24368.00
24312.00
24208.00
24176.00
24200.00
24208.00
24216.00
24304.00
24472.00
24568.00
24688.00
24792.00
24864.00
24888.00
24944.00
24976.00
24904.00
24800.00
24736.00
24664.00
