350200.00
354300.00
357300.00
358000.00
356700.00
356200.00
355700.00
357300.00
359500.00
361900.00
363000.00
363700.00
363400.00
363400.00
365800.00
368900.00
372200.00
371500.00
368200.00
361700.00
356100.00
352300.00
351800.00
352800.00
353500.00
352500.00
351300.00
350100.00
350200.00
351800.00
355000.00
356700.00
358400.00
360300.00
360800.00
359400.00
359300.00
358200.00
356400.00
353600.00
352000.00
350100.00
348900.00
347600.00
348400.00
349700.00
350100.00
351000.00
350300.00
348100.00
344000.00
341100.00
336900.00
334300.00
332900.00
334400.00
335500.00
338000.00
339900.00
341700.00
341900.00
341100.00
340600.00
340700.00
340200.00
341300.00
343200.00
344300.00
344600.00
345300.00
344200.00
343700.00
342600.00
341700.00
340600.00
340800.00
340200.00
340100.00
338500.00
334600.00
328900.00
320900.00
314800.00
310100.00
307900.00
307700.00
308900.00
309200.00
309500.00
309200.00
308000.00
308700.00
308000.00
307500.00
309300.00
309500.00
308800.00
310400.00
312500.00
311600.00
312000.00
312300.00
311500.00
310500.00
311300.00
313200.00
315100.00
316900.00
320800.00
323900.00
325300.00
325200.00
327000.00
325900.00
324600.00
323900.00
325000.00
