45480.00
47320.00
48800.00
50040.00
50730.00
51280.00
51720.00
51840.00
51840.00
52380.00
52700.00
52540.00
52660.00
52760.00
52960.00
52640.00
52860.00
53300.00
54040.00
54820.00
56000.00
56260.00
56260.00
55980.00
55080.00
54360.00
54460.00
54560.00
54960.00
55880.00
56460.00
56540.00
56800.00
56740.00
55860.00
55440.00
54680.00
53920.00
53740.00
53580.00
52900.00
52760.00
52420.00
51620.00
51120.00
51080.00
50880.00
50520.00
49940.00
49560.00
48840.00
48300.00
47780.00
47290.00
47100.00
47600.00
47970.00
48750.00
49780.00
50690.00
51130.00
51320.00
51240.00
51260.00
50880.00
50660.00
50600.00
50580.00
50130.00
49690.00
49260.00
48720.00
48190.00
48130.00
48050.00
48100.00
48340.00
48370.00
48180.00
47840.00
47070.00
45950.00
44880.00
43640.00
43000.00
42750.00
42560.00
42530.00
42550.00
42440.00
41930.00
41370.00
40690.00
40130.00
39770.00
39670.00
39880.00
40220.00
40540.00
40780.00
41030.00
41060.00
41000.00
41390.00
41680.00
42000.00
42390.00
42730.00
42680.00
42630.00
42590.00
42470.00
42540.00
42340.00
41970.00
41670.00
41340.00
