64700.00
64720.00
64660.00
64560.00
64520.00
64480.00
64520.00
64560.00
64620.00
64600.00
64740.00
64880.00
65000.00
65080.00
65020.00
64900.00
64620.00
64480.00
64240.00
64040.00
63920.00
63940.00
63880.00
64000.00
64320.00
65000.00
65880.00
66700.00
67440.00
67820.00
67640.00
67240.00
66900.00
66640.00
66540.00
66600.00
66640.00
66720.00
66740.00
66820.00
66880.00
67020.00
67120.00
67260.00
67400.00
67600.00
67680.00
67660.00
67580.00
67480.00
67260.00
67180.00
67220.00
67260.00
67120.00
67180.00
67280.00
67440.00
67620.00
68080.00
68480.00
68720.00
69140.00
69840.00
70940.00
71520.00
72080.00
72200.00
72520.00
72300.00
72680.00
73460.00
74540.00
74800.00
75020.00
75000.00
74900.00
74860.00
75320.00
75840.00
76260.00
76360.00
76020.00
75220.00
74920.00
74720.00
74620.00
74640.00
74880.00
74440.00
74060.00
73700.00
73300.00
72960.00
72840.00
72680.00
72520.00
72520.00
72620.00
72580.00
72720.00
72840.00
72940.00
73120.00
73560.00
74160.00
74660.00
75140.00
75220.00
75120.00
74880.00
75380.00
75580.00
76100.00
76840.00
77440.00
77200.00
