119200.00
121800.00
121800.00
121700.00
121400.00
120600.00
119300.00
119900.00
120100.00
120000.00
119800.00
120200.00
118900.00
117300.00
115800.00
115100.00
113300.00
113100.00
112700.00
112700.00
111800.00
111800.00
111400.00
111300.00
111900.00
112400.00
113100.00
113500.00
114400.00
113700.00
113600.00
113900.00
113900.00
113400.00
113200.00
112900.00
111700.00
110500.00
109000.00
107300.00
106300.00
105400.00
104700.00
104300.00
103800.00
103000.00
102300.00
101500.00
100400.00
99900.00
98980.00
98040.00
97600.00
97180.00
97580.00
98300.00
99140.00
99680.00
100380.00
99960.00
99860.00
100360.00
100660.00
101180.00
101020.00
100760.00
99780.00
99040.00
97920.00
97500.00
97060.00
96740.00
96540.00
96640.00
96940.00
97160.00
97140.00
97060.00
97360.00
97460.00
98340.00
98200.00
98420.00
97980.00
97680.00
96360.00
94860.00
92120.00
90120.00
88440.00
86540.00
86580.00
87080.00
87040.00
87400.00
87440.00
86920.00
86760.00
86840.00
86080.00
85240.00
84640.00
84600.00
84360.00
84320.00
85020.00
85900.00
86280.00
87180.00
88460.00
89800.00
90600.00
91300.00
91680.00
91720.00
91700.00
91860.00
