48010.00
48730.00
49350.00
48150.00
47170.00
46510.00
45960.00
45290.00
44720.00
44240.00
44130.00
43820.00
43920.00
44100.00
44270.00
44160.00
44200.00
44300.00
44330.00
44370.00
44570.00
45030.00
45130.00
45410.00
45730.00
45950.00
45930.00
46080.00
46390.00
46630.00
46700.00
46580.00
46350.00
45980.00
45540.00
45650.00
46110.00
46650.00
46830.00
47220.00
47200.00
47160.00
47200.00
47640.00
47640.00
47770.00
47520.00
47170.00
46510.00
46090.00
45320.00
44850.00
44520.00
44180.00
43800.00
43890.00
43870.00
43730.00
43820.00
43940.00
43860.00
43680.00
43680.00
43870.00
44000.00
44140.00
44320.00
44320.00
43950.00
43700.00
43450.00
43320.00
43170.00
43110.00
42870.00
42770.00
42640.00
42620.00
42520.00
42350.00
42060.00
41540.00
40930.00
40270.00
40250.00
40330.00
40630.00
40760.00
40610.00
40120.00
39420.00
38320.00
37490.00
37070.00
36430.00
35870.00
35720.00
35550.00
35400.00
35380.00
35490.00
35650.00
35700.00
35930.00
36150.00
36230.00
37150.00
37540.00
37710.00
37990.00
38570.00
38130.00
38360.00
38670.00
38870.00
38570.00
38360.00
