18440.00
18370.00
18430.00
18540.00
18640.00
18770.00
18760.00
18700.00
18640.00
18550.00
18400.00
18370.00
18470.00
18560.00
18660.00
18870.00
19350.00
19720.00
20040.00
20400.00
20670.00
20610.00
20600.00
20670.00
20750.00
20780.00
20770.00
20780.00
20750.00
20850.00
21020.00
21260.00
21460.00
21680.00
21640.00
21660.00
21470.00
21230.00
21240.00
21440.00
21560.00
21910.00
22280.00
22540.00
22590.00
22810.00
23030.00
23210.00
23110.00
23170.00
22950.00
22650.00
22400.00
22370.00
22420.00
22750.00
22980.00
23150.00
23320.00
23410.00
23510.00
23580.00
23920.00
24240.00
24780.00
25710.00
26190.00
26380.00
26590.00
26400.00
25670.00
25310.00
25050.00
24750.00
24630.00
24460.00
24560.00
24800.00
24930.00
25060.00
25140.00
25130.00
24870.00
24620.00
24470.00
24320.00
23870.00
23440.00
22770.00
21920.00
21090.00
20600.00
20190.00
20140.00
20160.00
20170.00
20190.00
20180.00
20150.00
20160.00
20250.00
20340.00
20390.00
20820.00
21200.00
21750.00
22070.00
22310.00
22230.00
22170.00
21980.00
22030.00
22220.00
22150.00
21920.00
21720.00
21470.00
