18470.00
18530.00
18520.00
18370.00
18360.00
18330.00
18220.00
18040.00
17990.00
17730.00
17540.00
17530.00
17610.00
17640.00
17660.00
17640.00
17610.00
17590.00
17610.00
17770.00
18030.00
18320.00
18750.00
19130.00
19470.00
19660.00
19740.00
19660.00
19510.00
19360.00
19220.00
19210.00
19090.00
19050.00
18900.00
18810.00
18680.00
18690.00
18630.00
18670.00
18690.00
18740.00
18790.00
18810.00
18720.00
18530.00
18300.00
17980.00
17670.00
17480.00
17340.00
17190.00
17090.00
17040.00
17000.00
17020.00
17050.00
17160.00
17270.00
17390.00
17470.00
17540.00
17630.00
17720.00
17820.00
17920.00
18010.00
17970.00
17940.00
17900.00
17870.00
17840.00
17850.00
17830.00
17780.00
17760.00
17740.00
17690.00
17710.00
17690.00
17660.00
17630.00
17610.00
17500.00
17470.00
17400.00
17320.00
17230.00
17250.00
17280.00
17360.00
17450.00
17530.00
17540.00
17540.00
17450.00
17430.00
17420.00
17440.00
17410.00
17420.00
17380.00
17380.00
17430.00
17520.00
17650.00
17760.00
17800.00
17750.00
17710.00
17700.00
17720.00
17710.00
17710.00
17690.00
17600.00
17480.00
