161200.00
163200.00
163800.00
164400.00
162500.00
161800.00
161300.00
161300.00
160500.00
160500.00
161000.00
161800.00
163100.00
164400.00
165700.00
166800.00
166900.00
168500.00
169300.00
170200.00
171800.00
172800.00
172300.00
171400.00
171500.00
170600.00
170700.00
170200.00
171100.00
171400.00
172700.00
174100.00
176300.00
178600.00
179800.00
180500.00
181600.00
182000.00
182400.00
183400.00
184400.00
185800.00
187000.00
188300.00
189900.00
189800.00
188100.00
187200.00
184600.00
181300.00
179200.00
179600.00
180400.00
182700.00
184600.00
186700.00
186900.00
185800.00
183900.00
182600.00
181500.00
180700.00
181200.00
182300.00
183300.00
183700.00
183700.00
184500.00
184900.00
185600.00
186300.00
187700.00
187200.00
185900.00
185800.00
185600.00
185000.00
184800.00
185100.00
184700.00
185500.00
186000.00
187600.00
188300.00
190000.00
189500.00
187900.00
184300.00
181100.00
176900.00
173800.00
172700.00
172300.00
171600.00
169900.00
167600.00
164900.00
162300.00
160800.00
160100.00
160000.00
159900.00
159700.00
159600.00
160400.00
162200.00
165800.00
169100.00
171700.00
173100.00
174100.00
173300.00
172600.00
172900.00
173600.00
173700.00
173500.00
