9390.00
9526.00
9722.00
9914.00
10006.00
10096.00
10116.00
10166.00
10256.00
10530.00
10680.00
10890.00
11080.00
11310.00
11410.00
11570.00
11730.00
11890.00
12030.00
12230.00
12430.00
12510.00
12770.00
13160.00
13840.00
14370.00
15030.00
15440.00
15840.00
15820.00
15960.00
16080.00
16270.00
16170.00
15920.00
15680.00
15270.00
14900.00
14700.00
14660.00
14790.00
15110.00
15440.00
16100.00
16680.00
17020.00
17360.00
17620.00
17740.00
18030.00
18260.00
18420.00
18430.00
18080.00
17620.00
17460.00
17220.00
17150.00
17240.00
17330.00
17140.00
17160.00
17200.00
17210.00
17210.00
17340.00
17230.00
17290.00
17150.00
17120.00
17020.00
17010.00
16830.00
17020.00
17070.00
17310.00
17940.00
18420.00
18770.00
19160.00
19170.00
18710.00
18390.00
17850.00
17330.00
17210.00
16890.00
16220.00
15690.00
15100.00
14380.00
13890.00
13610.00
13330.00
13280.00
13000.00
12870.00
12830.00
12850.00
12870.00
13080.00
13130.00
13220.00
13560.00
13590.00
13640.00
13690.00
13690.00
13430.00
13390.00
13440.00
13790.00
14120.00
14430.00
14780.00
15120.00
15270.00
