12810.00
12800.00
12790.00
12810.00
12780.00
12760.00
12750.00
12690.00
12610.00
12550.00
12500.00
12330.00
12190.00
12070.00
11940.00
11860.00
11920.00
11970.00
12030.00
12070.00
12020.00
12010.00
11980.00
11940.00
11930.00
11960.00
11950.00
11960.00
11970.00
11980.00
11990.00
12060.00
12170.00
12230.00
12290.00
12370.00
12430.00
12450.00
12510.00
12590.00
12630.00
12620.00
12600.00
12600.00
12570.00
12550.00
12570.00
12620.00
12740.00
12920.00
13060.00
13150.00
13200.00
13220.00
13190.00
13220.00
13260.00
13310.00
13290.00
13260.00
13200.00
13110.00
13030.00
12990.00
13000.00
13020.00
13070.00
13070.00
13070.00
13030.00
13010.00
12960.00
12990.00
12990.00
12990.00
12980.00
13030.00
13020.00
13020.00
13020.00
13020.00
12970.00
12950.00
12940.00
12940.00
12950.00
13000.00
13060.00
13100.00
13110.00
13110.00
13090.00
13040.00
13000.00
13010.00
13020.00
13060.00
13120.00
13160.00
13200.00
13260.00
13310.00
13370.00
13440.00
13490.00
13500.00
13500.00
13490.00
13480.00
13440.00
13440.00
13430.00
13400.00
13400.00
13440.00
13450.00
13470.00
