67640.00
67240.00
67160.00
67380.00
67460.00
67120.00
66420.00
65420.00
64700.00
64520.00
64980.00
65560.00
66260.00
67000.00
67520.00
67640.00
67820.00
68080.00
68040.00
67740.00
68320.00
69000.00
69780.00
71140.00
72780.00
73600.00
74340.00
74840.00
74720.00
74420.00
73960.00
73540.00
73080.00
72980.00
73020.00
73960.00
74520.00
75180.00
75340.00
75200.00
74220.00
73440.00
72760.00
72080.00
71600.00
71740.00
71680.00
71560.00
71480.00
70940.00
69820.00
69120.00
68300.00
68100.00
68380.00
68960.00
69140.00
69660.00
69900.00
70000.00
69720.00
69560.00
69440.00
69600.00
69760.00
70180.00
70660.00
71260.00
71200.00
71400.00
71160.00
71000.00
70140.00
69440.00
68320.00
67880.00
67460.00
67260.00
67220.00
67100.00
66620.00
65900.00
65080.00
63840.00
62840.00
62040.00
61420.00
60820.00
60600.00
60380.00
60040.00
59400.00
58960.00
58800.00
58600.00
58080.00
57800.00
57540.00
56980.00
56820.00
56900.00
57280.00
57580.00
58200.00
58540.00
58880.00
58800.00
58380.00
57800.00
57380.00
57160.00
57380.00
57780.00
57960.00
57920.00
57920.00
57620.00
