5524.00
5488.00
5456.00
5430.00
5420.00
5402.00
5394.00
5380.00
5376.00
5382.00
5398.00
5414.00
5448.00
5484.00
5496.00
5522.00
5538.00
5558.00
5556.00
5572.00
5584.00
5608.00
5624.00
5646.00
5664.00
5664.00
5668.00
5656.00
5648.00
5644.00
5638.00
5616.00
5610.00
5610.00
5608.00
5620.00
5636.00
5642.00
5648.00
5660.00
5674.00
5688.00
5698.00
5708.00
5718.00
5742.00
5768.00
5796.00
5826.00
5848.00
5852.00
5868.00
5886.00
5896.00
5906.00
5914.00
5904.00
5896.00
5870.00
5850.00
5846.00
5852.00
5864.00
5930.00
5984.00
6008.00
6042.00
6072.00
6074.00
6082.00
6104.00
6122.00
6122.00
6112.00
6112.00
6120.00
6114.00
6128.00
6152.00
6166.00
6196.00
6226.00
6252.00
6278.00
6306.00
6312.00
6320.00
6336.00
6360.00
6400.00
6434.00
6466.00
6490.00
6492.00
6464.00
6442.00
6422.00
6404.00
6394.00
6396.00
6396.00
6394.00
6394.00
6406.00
6422.00
6444.00
6462.00
6480.00
6514.00
6556.00
6622.00
6686.00
6744.00
6776.00
6780.00
6758.00
6756.00
