42881.06
42631.12
42316.36
42066.42
41779.44
41853.50
41566.50
41316.54
41205.44
40955.48
40659.24
40353.74
40418.54
40566.66
40909.18
41594.24
42834.76
43742.00
44612.22
45343.58
45519.48
45047.34
45445.42
45806.46
46417.46
46871.08
47306.20
46991.44
46602.62
45899.04
45723.14
45704.62
46093.44
46519.28
46510.02
46593.34
46741.46
46667.40
46537.80
46732.20
46593.34
46426.70
46074.92
46074.92
46260.08
46389.68
46741.46
47037.70
46759.98
46519.28
46241.56
45713.88
45297.28
45334.30
45667.58
46232.30
46426.72
46695.20
46630.40
46371.18
45926.80
45556.50
45167.68
44908.48
44408.58
43899.42
43649.46
43436.54
42945.88
42640.38
42436.72
42020.12
41594.26
41436.88
41742.38
42029.36
42381.16
42464.48
42455.22
42066.40
41825.70
41298.02
41159.16
40862.92
40390.78
39955.68
39687.20
39557.60
39576.12
39779.78
39807.56
39983.46
39909.40
39937.16
39613.16
39428.00
39307.64
39215.06
39168.78
39668.68
39955.66
40048.24
40492.60
41038.80
41594.26
42168.24
42779.24
42890.34
43056.98
43010.68
42881.06
42640.36
42538.52
42223.76
41696.08
41335.04
41038.80
