185200.00
185600.00
185500.00
185800.00
186100.00
185600.00
185000.00
184300.00
184100.00
183900.00
184200.00
183300.00
181900.00
179000.00
176300.00
173100.00
172100.00
171400.00
171200.00
170900.00
170200.00
168400.00
167100.00
167300.00
167500.00
168700.00
170000.00
171100.00
171100.00
172200.00
173300.00
173900.00
174400.00
174500.00
172800.00
171100.00
169900.00
169000.00
167600.00
166900.00
166100.00
165100.00
164700.00
166400.00
167300.00
170600.00
175400.00
179900.00
183100.00
187400.00
188200.00
187700.00
186700.00
184200.00
180700.00
179500.00
177800.00
176200.00
176000.00
177100.00
177100.00
176700.00
176200.00
175700.00
174500.00
173300.00
172300.00
171900.00
171500.00
171100.00
171000.00
171000.00
170200.00
169100.00
167700.00
166600.00
165800.00
165600.00
165900.00
166600.00
167100.00
166100.00
164600.00
162400.00
159800.00
157400.00
156200.00
155500.00
155000.00
154700.00
153800.00
152900.00
150400.00
148300.00
146200.00
143400.00
141000.00
140500.00
139800.00
139900.00
140600.00
141000.00
141200.00
143000.00
144100.00
146100.00
147800.00
149300.00
149300.00
149100.00
148600.00
147000.00
145700.00
144900.00
144500.00
143500.00
143700.00
