118300.00
118000.00
118100.00
118300.00
118400.00
118900.00
119500.00
119400.00
119500.00
119800.00
120100.00
120800.00
122600.00
123900.00
125400.00
125900.00
128900.00
131900.00
137000.00
141800.00
146000.00
146200.00
145400.00
143000.00
140700.00
139900.00
140100.00
141100.00
142400.00
142300.00
142900.00
143400.00
144300.00
145000.00
145700.00
144200.00
142400.00
139800.00
137100.00
135200.00
133700.00
134800.00
136900.00
139700.00
141700.00
145400.00
145800.00
144300.00
141600.00
140200.00
137300.00
135600.00
135200.00
135300.00
136900.00
138800.00
140000.00
141600.00
143300.00
143600.00
145100.00
146900.00
147700.00
149000.00
151000.00
151000.00
150700.00
150700.00
149900.00
148100.00
147300.00
147700.00
147900.00
147500.00
147100.00
147300.00
146700.00
146800.00
147300.00
147300.00
146700.00
146800.00
146100.00
145700.00
146300.00
146000.00
145400.00
144700.00
144200.00
143000.00
142200.00
141100.00
139700.00
138000.00
135400.00
133700.00
132200.00
131700.00
131200.00
131400.00
131500.00
131800.00
131600.00
132900.00
133500.00
133400.00
133300.00
133000.00
131300.00
131000.00
130900.00
131000.00
131500.00
131500.00
131200.00
131200.00
130100.00
