2397.00
2455.00
2513.00
2589.00
2636.00
2683.00
2685.00
2698.00
2696.00
2716.00
2733.00
2755.00
2786.00
2816.00
2822.00
2819.00
2811.00
2785.00
2753.00
2720.00
2710.00
2751.00
2782.00
2817.00
2880.00
2929.00
2931.00
2937.00
2950.00
2951.00
2956.00
2950.00
2967.00
2970.00
2935.00
2905.00
2865.00
2815.00
2759.00
2746.00
2702.00
2687.00
2664.00
2665.00
2663.00
2699.00
2728.00
2744.00
2734.00
2713.00
2676.00
2645.00
2629.00
2611.00
2596.00
2595.00
2597.00
2599.00
2620.00
2640.00
2647.00
2648.00
2659.00
2669.00
2675.00
2688.00
2716.00
2739.00
2751.00
2771.00
2781.00
2771.00
2755.00
2739.00
2721.00
2706.00
2692.00
2678.00
2670.00
2656.00
2627.00
2577.00
2510.00
2443.00
2386.00
2364.00
2360.00
2371.00
2372.00
2376.00
2361.00
2341.00
2313.00
2292.00
2274.00
2253.00
2245.00
2273.00
2311.00
2342.00
2378.00
2420.00
2444.00
2460.00
2470.00
2478.00
2496.00
2508.00
2558.00
2624.00
2691.00
2736.00
2782.00
2803.00
2819.00
2847.00
2881.00
